/*--------------------------------*- C++ -*----------------------------------*\
  =========                 |
  \\      /  F ield         | OpenFOAM: The Open Source CFD Toolbox
   \\    /   O peration     | Website:  https://openfoam.org
    \\  /    A nd           | Version:  7
     \\/     M anipulation  |
\*---------------------------------------------------------------------------*/
FoamFile
{
    version     2.0;
    format      ascii;
    class       volVectorField;
    location    "0.12";
    object      wallShearStress;
}
// * * * * * * * * * * * * * * * * * * * * * * * * * * * * * * * * * * * * * //

dimensions      [0 2 -2 0 0 0 0];

internalField   uniform (0 0 0);

boundaryField
{
    velocityInlet
    {
        type            calculated;
        value           uniform (0 0 0);
    }
    pressureOutlet
    {
        type            calculated;
        value           uniform (0 0 0);
    }
    fixedWalls
    {
        type            calculated;
        value           nonuniform List<vector> 
100
(
(-0.012978 -0.00741899 0)
(0.0106596 -0.00102463 0)
(-0.000567767 0.000361073 0)
(0.00575 -0.000602357 0)
(0.00728603 -0.000486019 0)
(0.00862515 -4.50089e-05 0)
(0.00673119 0.000290413 0)
(0.00435525 0.000425886 0)
(0.00185439 0.000364371 0)
(0.000134245 0.000247273 0)
(-0.000814274 0.000136723 0)
(-0.00115014 5.36855e-05 0)
(-0.00103997 -1.61135e-05 0)
(-0.000528024 -8.98207e-05 0)
(0.000449872 -0.000154589 0)
(0.00175566 -0.000207443 0)
(0.00299843 -0.000192499 0)
(0.00374328 -0.000114804 0)
(0.00382647 -2.79128e-05 0)
(0.0033863 4.18113e-05 0)
(0.00264443 7.92046e-05 0)
(0.00177513 9.72668e-05 0)
(0.000888539 0.00010087 0)
(5.55616e-05 9.66729e-05 0)
(-0.000685212 8.77816e-05 0)
(-0.00131195 7.58097e-05 0)
(-0.00181772 6.25635e-05 0)
(-0.00220576 4.93104e-05 0)
(-0.00248679 3.70014e-05 0)
(-0.00267552 2.6211e-05 0)
(-0.0027892 1.75287e-05 0)
(-0.00284537 1.09344e-05 0)
(-0.00285881 5.78585e-06 0)
(-0.00284082 1.53993e-06 0)
(-0.00280034 -1.50637e-06 0)
(-0.00274458 -3.68472e-06 0)
(-0.00267783 -5.50955e-06 0)
(-0.00260152 -7.31015e-06 0)
(-0.00251594 -9.37214e-06 0)
(-0.00242954 -1.00219e-05 0)
(-0.00236664 -8.57294e-06 0)
(-0.0023522 -6.9098e-06 0)
(-0.00244171 2.50515e-06 0)
(-0.00279981 4.10858e-05 0)
(-0.0035989 0.00010136 0)
(-0.00473688 0.000143959 0)
(-0.00578266 0.00013744 0)
(-0.00613521 6.16227e-05 0)
(-0.00520418 -0.000111514 0)
(-0.00289767 -0.000290063 0)
(5.17699e-06 -0.000352448 0)
(0.00218637 -0.00024013 0)
(0.0028205 -5.55663e-05 0)
(0.00213404 8.60673e-05 0)
(0.000897963 0.000128354 0)
(-0.000275139 0.000112923 0)
(-0.00112595 7.65216e-05 0)
(-0.0016416 4.3656e-05 0)
(-0.00190897 2.07278e-05 0)
(-0.00202282 7.01009e-06 0)
(-0.00206012 4.96091e-07 0)
(-0.00207822 -5.38239e-07 0)
(-0.00211613 2.16911e-06 0)
(-0.00219579 6.72144e-06 0)
(-0.00232612 1.1892e-05 0)
(-0.00250984 1.7458e-05 0)
(-0.00274888 2.37476e-05 0)
(-0.00304055 3.02753e-05 0)
(-0.00336538 3.48462e-05 0)
(-0.00368037 3.4715e-05 0)
(-0.00393137 2.93676e-05 0)
(-0.00407328 2.17517e-05 0)
(-0.00407061 1.12855e-05 0)
(-0.00387518 -5.31377e-06 0)
(-0.00342206 -2.96759e-05 0)
(-0.00267351 -5.83734e-05 0)
(-0.00166815 -8.44258e-05 0)
(-0.0004741 -0.000109561 0)
(0.000836066 -0.000121964 0)
(0.00211639 -0.000128358 0)
(0.00314564 -0.000106734 0)
(0.00362308 -5.19922e-05 0)
(0.00333077 2.60825e-05 0)
(0.0023492 8.75072e-05 0)
(0.00101616 0.000112145 0)
(-0.00030399 0.000105205 0)
(-0.00138296 8.21801e-05 0)
(-0.0021536 5.70016e-05 0)
(-0.00265185 3.67455e-05 0)
(-0.00294262 2.23176e-05 0)
(-0.00307642 1.16602e-05 0)
(-0.00308343 3.09751e-06 0)
(-0.00296939 -5.98986e-06 0)
(-0.00276972 -1.19525e-05 0)
(-0.00247004 -1.85313e-05 0)
(-0.0021618 -1.97706e-05 0)
(-0.00171544 -2.71109e-05 0)
(-0.00132809 -2.94906e-05 0)
(-0.000691285 -4.6309e-05 0)
(-4.2387e-07 -3.07749e-05 0)
)
;
    }
    bottomWall
    {
        type            calculated;
        value           nonuniform List<vector> 
800
(
(-0.0353488 0.00214397 0)
(-0.0160268 0.00052482 0)
(-0.0106084 0.000100701 0)
(-0.00845692 3.52458e-05 0)
(-0.00748757 1.98463e-05 0)
(-0.00685424 1.61078e-05 0)
(-0.00634706 1.33424e-05 0)
(-0.0059362 1.08868e-05 0)
(-0.00560168 9.06585e-06 0)
(-0.00532307 7.75022e-06 0)
(-0.00508578 6.75438e-06 0)
(-0.00488037 5.96779e-06 0)
(-0.00470037 5.33061e-06 0)
(-0.00454104 4.80539e-06 0)
(-0.00439882 4.36632e-06 0)
(-0.00427091 3.99475e-06 0)
(-0.00415515 3.67658e-06 0)
(-0.0040498 3.40161e-06 0)
(-0.00395344 3.16198e-06 0)
(-0.00386492 2.9515e-06 0)
(-0.00378328 2.76545e-06 0)
(-0.00370771 2.59996e-06 0)
(-0.00363753 2.4519e-06 0)
(-0.00357217 2.31889e-06 0)
(-0.00351113 2.19885e-06 0)
(-0.00345399 2.08995e-06 0)
(-0.00340036 1.99093e-06 0)
(-0.00334993 1.90057e-06 0)
(-0.00330241 1.81772e-06 0)
(-0.00325756 1.74158e-06 0)
(-0.00321514 1.67134e-06 0)
(-0.00317497 1.60658e-06 0)
(-0.00313685 1.54657e-06 0)
(-0.00310065 1.49078e-06 0)
(-0.00306622 1.43895e-06 0)
(-0.00303342 1.39063e-06 0)
(-0.00300214 1.34556e-06 0)
(-0.00297228 1.30327e-06 0)
(-0.00294375 1.26359e-06 0)
(-0.00291646 1.22654e-06 0)
(-0.00289031 1.19166e-06 0)
(-0.00286526 1.15873e-06 0)
(-0.00284122 1.12773e-06 0)
(-0.00281815 1.09832e-06 0)
(-0.00279598 1.07075e-06 0)
(-0.00277466 1.04444e-06 0)
(-0.00275413 1.01998e-06 0)
(-0.00273438 9.95874e-07 0)
(-0.00271533 9.74206e-07 0)
(-0.00269698 9.51167e-07 0)
(-0.00268164 9.32301e-07 0)
(-0.00266896 9.21583e-07 0)
(-0.00265646 9.07803e-07 0)
(-0.00264414 8.93171e-07 0)
(-0.00263202 8.79362e-07 0)
(-0.00262008 8.66299e-07 0)
(-0.00260831 8.53787e-07 0)
(-0.00259671 8.41347e-07 0)
(-0.00258528 8.29167e-07 0)
(-0.00257402 8.17245e-07 0)
(-0.00256291 8.05738e-07 0)
(-0.00255196 7.94475e-07 0)
(-0.00254116 7.83287e-07 0)
(-0.00253051 7.72671e-07 0)
(-0.00252 7.62126e-07 0)
(-0.00250964 7.51815e-07 0)
(-0.00249941 7.41737e-07 0)
(-0.00248933 7.31723e-07 0)
(-0.00247937 7.22105e-07 0)
(-0.00246955 7.12712e-07 0)
(-0.00245985 7.03378e-07 0)
(-0.00245028 6.94267e-07 0)
(-0.00244083 6.85376e-07 0)
(-0.0024315 6.76704e-07 0)
(-0.00242229 6.68249e-07 0)
(-0.00241319 6.59842e-07 0)
(-0.00240421 6.51651e-07 0)
(-0.00239534 6.43671e-07 0)
(-0.00238657 6.35737e-07 0)
(-0.00237791 6.27846e-07 0)
(-0.00236936 6.2033e-07 0)
(-0.00236091 6.13022e-07 0)
(-0.00235256 6.05588e-07 0)
(-0.00234431 5.9836e-07 0)
(-0.00233616 5.91502e-07 0)
(-0.00232809 5.84516e-07 0)
(-0.00232013 5.77566e-07 0)
(-0.00231226 5.70985e-07 0)
(-0.00230448 5.64439e-07 0)
(-0.00229679 5.58094e-07 0)
(-0.00228918 5.51782e-07 0)
(-0.00228165 5.45503e-07 0)
(-0.00227422 5.39424e-07 0)
(-0.00226686 5.33541e-07 0)
(-0.00225958 5.2769e-07 0)
(-0.00225239 5.21702e-07 0)
(-0.00224528 5.16076e-07 0)
(-0.00223823 5.10478e-07 0)
(-0.00223128 5.04908e-07 0)
(-0.00222439 4.99698e-07 0)
(-0.00221757 4.94349e-07 0)
(-0.00221083 4.89191e-07 0)
(-0.00220415 4.84058e-07 0)
(-0.00219755 4.78784e-07 0)
(-0.00219102 4.73867e-07 0)
(-0.00218455 4.69141e-07 0)
(-0.00217814 4.64272e-07 0)
(-0.00217181 4.59592e-07 0)
(-0.00216553 4.54936e-07 0)
(-0.00215933 4.50301e-07 0)
(-0.00215318 4.45854e-07 0)
(-0.0021471 4.41263e-07 0)
(-0.00214108 4.36859e-07 0)
(-0.00213511 4.3281e-07 0)
(-0.0021292 4.28614e-07 0)
(-0.00212335 4.24271e-07 0)
(-0.00211756 4.20113e-07 0)
(-0.00211183 4.1614e-07 0)
(-0.00210615 4.12352e-07 0)
(-0.00210052 4.08415e-07 0)
(-0.00209494 4.04496e-07 0)
(-0.00208942 4.00592e-07 0)
(-0.00208395 3.96871e-07 0)
(-0.00207853 3.93333e-07 0)
(-0.00207317 3.89644e-07 0)
(-0.00206785 3.85969e-07 0)
(-0.00206258 3.82476e-07 0)
(-0.00205736 3.78996e-07 0)
(-0.00205219 3.7553e-07 0)
(-0.00204706 3.72246e-07 0)
(-0.00204198 3.68977e-07 0)
(-0.00203694 3.65554e-07 0)
(-0.00203195 3.62311e-07 0)
(-0.00202701 3.59249e-07 0)
(-0.0020221 3.56034e-07 0)
(-0.00201724 3.52831e-07 0)
(-0.00201243 3.49809e-07 0)
(-0.00200765 3.46796e-07 0)
(-0.00200292 3.43803e-07 0)
(-0.00199823 3.40978e-07 0)
(-0.00199358 3.38014e-07 0)
(-0.00198897 3.3504e-07 0)
(-0.0019844 3.32444e-07 0)
(-0.00197986 3.29642e-07 0)
(-0.00197536 3.26759e-07 0)
(-0.00197091 3.24114e-07 0)
(-0.00196648 3.21627e-07 0)
(-0.0019621 3.1878e-07 0)
(-0.00195775 3.16184e-07 0)
(-0.00195344 3.13464e-07 0)
(-0.00194982 3.11005e-07 0)
(-0.00194686 3.09653e-07 0)
(-0.0019439 3.0813e-07 0)
(-0.00194093 3.06274e-07 0)
(-0.00193796 3.04473e-07 0)
(-0.00193499 3.0271e-07 0)
(-0.00193201 3.00965e-07 0)
(-0.00192903 2.99224e-07 0)
(-0.00192605 2.97487e-07 0)
(-0.00192306 2.95761e-07 0)
(-0.00192007 2.94042e-07 0)
(-0.00191708 2.92554e-07 0)
(-0.00191408 2.90855e-07 0)
(-0.00191108 2.88941e-07 0)
(-0.00190808 2.87258e-07 0)
(-0.00190507 2.85582e-07 0)
(-0.00190206 2.83913e-07 0)
(-0.00189905 2.82467e-07 0)
(-0.00189603 2.80603e-07 0)
(-0.00189302 2.78747e-07 0)
(-0.00189 2.77321e-07 0)
(-0.00188697 2.75694e-07 0)
(-0.00188394 2.73868e-07 0)
(-0.00188092 2.72255e-07 0)
(-0.00187789 2.70654e-07 0)
(-0.00187485 2.69057e-07 0)
(-0.00187181 2.67468e-07 0)
(-0.00186877 2.65688e-07 0)
(-0.00186574 2.63917e-07 0)
(-0.0018627 2.62352e-07 0)
(-0.00185965 2.60993e-07 0)
(-0.0018566 2.59251e-07 0)
(-0.00185355 2.57517e-07 0)
(-0.0018505 2.55986e-07 0)
(-0.00184745 2.54461e-07 0)
(-0.00184439 2.5276e-07 0)
(-0.00184134 2.51063e-07 0)
(-0.00183828 2.49751e-07 0)
(-0.00183522 2.48081e-07 0)
(-0.00183216 2.46411e-07 0)
(-0.0018291 2.44944e-07 0)
(-0.00182603 2.43299e-07 0)
(-0.00182297 2.41843e-07 0)
(-0.0018199 2.40398e-07 0)
(-0.00181682 2.38783e-07 0)
(-0.00181375 2.37183e-07 0)
(-0.00181068 2.35762e-07 0)
(-0.00180761 2.34182e-07 0)
(-0.00180453 2.32614e-07 0)
(-0.00180146 2.31222e-07 0)
(-0.00179838 2.29846e-07 0)
(-0.0017953 2.28474e-07 0)
(-0.00179221 2.26775e-07 0)
(-0.00178914 2.25425e-07 0)
(-0.00178605 2.24081e-07 0)
(-0.00178296 2.22582e-07 0)
(-0.00177987 2.21101e-07 0)
(-0.00177679 2.19619e-07 0)
(-0.0017737 2.18481e-07 0)
(-0.0017706 2.17023e-07 0)
(-0.00176751 2.15573e-07 0)
(-0.00176442 2.14297e-07 0)
(-0.00176132 2.12864e-07 0)
(-0.00175822 2.11448e-07 0)
(-0.00175513 2.10201e-07 0)
(-0.00175202 2.08952e-07 0)
(-0.00174892 2.07571e-07 0)
(-0.00174582 2.06188e-07 0)
(-0.00174271 2.04969e-07 0)
(-0.00173961 2.03761e-07 0)
(-0.0017365 2.02409e-07 0)
(-0.00173339 2.01224e-07 0)
(-0.00173027 1.99884e-07 0)
(-0.00172716 1.98579e-07 0)
(-0.00172405 1.97552e-07 0)
(-0.00172092 1.9642e-07 0)
(-0.0017178 1.95105e-07 0)
(-0.00171468 1.94036e-07 0)
(-0.00171155 1.92812e-07 0)
(-0.00170842 1.91743e-07 0)
(-0.0017053 1.90508e-07 0)
(-0.00170215 1.89861e-07 0)
(-0.00169902 1.884e-07 0)
(-0.00169586 1.88137e-07 0)
(-0.00169273 1.85861e-07 0)
(-0.00168955 1.86873e-07 0)
(-0.00168644 1.83116e-07 0)
(-0.00168319 1.87013e-07 0)
(-0.00168013 1.78948e-07 0)
(-0.00167677 1.89194e-07 0)
(-0.00167384 1.72133e-07 0)
(-0.00167024 1.96547e-07 0)
(-0.00166759 1.589e-07 0)
(-0.00166355 2.13321e-07 0)
(-0.00166145 1.33035e-07 0)
(-0.00165661 2.48065e-07 0)
(-0.00165547 8.43811e-08 0)
(-0.00164939 3.09689e-07 0)
(-0.00164962 7.28705e-09 0)
(-0.00164192 3.4046e-07 0)
(-0.0353487 -0.002144 0)
(-0.0160258 -0.000524861 0)
(-0.0106063 -0.000100742 0)
(-0.00845392 -3.52815e-05 0)
(-0.00748374 -1.98799e-05 0)
(-0.00684964 -1.614e-05 0)
(-0.00634173 -1.33738e-05 0)
(-0.00593017 -1.09182e-05 0)
(-0.00559497 -9.09762e-06 0)
(-0.00531567 -7.7827e-06 0)
(-0.00507769 -6.7876e-06 0)
(-0.00487158 -6.00226e-06 0)
(-0.00469085 -5.36646e-06 0)
(-0.00453078 -4.84302e-06 0)
(-0.00438776 -4.40621e-06 0)
(-0.00425901 -4.03717e-06 0)
(-0.00414234 -3.72228e-06 0)
(-0.004036 -3.451e-06 0)
(-0.00393857 -3.21548e-06 0)
(-0.00384887 -3.00955e-06 0)
(-0.00376596 -2.82824e-06 0)
(-0.00368902 -2.66759e-06 0)
(-0.00361739 -2.52472e-06 0)
(-0.00355047 -2.39701e-06 0)
(-0.00348778 -2.28229e-06 0)
(-0.00342889 -2.179e-06 0)
(-0.00337343 -2.08556e-06 0)
(-0.00332109 -2.00111e-06 0)
(-0.00327158 -1.92446e-06 0)
(-0.00322464 -1.85499e-06 0)
(-0.00318006 -1.79175e-06 0)
(-0.00313763 -1.73466e-06 0)
(-0.00309719 -1.68253e-06 0)
(-0.00305855 -1.63654e-06 0)
(-0.0030216 -1.59407e-06 0)
(-0.00298616 -1.55857e-06 0)
(-0.00295214 -1.5253e-06 0)
(-0.00291943 -1.50141e-06 0)
(-0.00288775 -1.47883e-06 0)
(-0.0028574 -1.46745e-06 0)
(-0.00282732 -1.46311e-06 0)
(-0.00279925 -1.46211e-06 0)
(-0.00276933 -1.50153e-06 0)
(-0.0027443 -1.48885e-06 0)
(-0.00271103 -1.66079e-06 0)
(-0.00269256 -1.52557e-06 0)
(-0.00264613 -2.16543e-06 0)
(-0.00264625 -1.25174e-06 0)
(-0.00256331 -7.33762e-06 0)
(-0.00244756 0.000170971 0)
(3.00852e-05 -6.8617e-06 0)
(2.77597e-05 -3.05625e-05 0)
(1.49336e-05 -3.32854e-05 0)
(-7.37861e-06 -4.16701e-06 0)
(-3.78412e-05 5.96165e-05 0)
(-6.74658e-05 0.000155613 0)
(-7.30091e-05 0.000254538 0)
(-4.27093e-05 0.000309699 0)
(7.68435e-06 0.000293952 0)
(5.56604e-05 0.000213699 0)
(9.25073e-05 8.85032e-05 0)
(0.000117658 -6.92311e-05 0)
(0.000134231 -0.000247096 0)
(0.000143109 -0.000433464 0)
(0.000146241 -0.000622733 0)
(0.000144339 -0.000809363 0)
(0.000138231 -0.0009887 0)
(0.000128838 -0.0011568 0)
(0.000116933 -0.00131077 0)
(0.000103161 -0.00144856 0)
(8.81589e-05 -0.00156882 0)
(7.23167e-05 -0.00167079 0)
(5.59938e-05 -0.00175417 0)
(3.9401e-05 -0.00181893 0)
(2.26617e-05 -0.00186526 0)
(5.99893e-06 -0.00189346 0)
(-1.02473e-05 -0.00190392 0)
(-2.5596e-05 -0.00189754 0)
(-4.02692e-05 -0.00187569 0)
(-5.46271e-05 -0.00183923 0)
(-6.89217e-05 -0.00178858 0)
(-8.3333e-05 -0.00172401 0)
(-9.79359e-05 -0.00164578 0)
(-0.000112738 -0.00155422 0)
(-0.000127567 -0.00144979 0)
(-0.000142107 -0.00133312 0)
(-0.000155874 -0.0012052 0)
(-0.000168259 -0.00106754 0)
(-0.000178529 -0.000922183 0)
(-0.000185998 -0.000771732 0)
(-0.000189991 -0.000619379 0)
(-0.00019022 -0.000468956 0)
(-0.000186433 -0.000324135 0)
(-0.000179444 -0.0001886 0)
(-0.00017049 -6.48179e-05 0)
(-0.000161233 4.9397e-05 0)
(-0.000151269 0.000156239 0)
(-0.000135776 0.000248369 0)
(-0.000113578 0.000308942 0)
(-8.94429e-05 0.000332592 0)
(-6.93494e-05 0.00032835 0)
(-6.08461e-05 0.00033671 0)
(-5.77982e-05 0.000335295 0)
(-5.937e-05 0.000327866 0)
(-6.47564e-05 0.000318846 0)
(-7.23409e-05 0.000311608 0)
(-7.99718e-05 0.000309457 0)
(-8.60698e-05 0.000313634 0)
(-8.88842e-05 0.000325536 0)
(-8.72757e-05 0.000347569 0)
(-8.01046e-05 0.000376357 0)
(-6.70406e-05 0.000412632 0)
(-4.42403e-05 0.000455751 0)
(-5.65058e-06 0.000498131 0)
(4.94191e-05 0.000533265 0)
(0.000116692 0.000556314 0)
(0.000187048 0.000558689 0)
(0.000249305 0.000538391 0)
(0.000292829 0.000497958 0)
(0.00031196 0.000443545 0)
(0.000305579 0.00038166 0)
(0.000276372 0.000318189 0)
(0.000229706 0.000258012 0)
(0.0001736 0.000204341 0)
(0.00011773 0.000157964 0)
(6.89787e-05 0.000117688 0)
(3.12705e-05 8.15311e-05 0)
(5.9731e-06 4.94563e-05 0)
(-6.50942e-06 2.28053e-05 0)
(-6.63677e-06 1.10559e-06 0)
(1.87454e-06 -1.81382e-05 0)
(1.2572e-05 -3.62567e-05 0)
(1.95619e-05 -5.1705e-05 0)
(2.02555e-05 -6.18931e-05 0)
(1.44515e-05 -6.5088e-05 0)
(4.4508e-06 -6.01224e-05 0)
(-6.99194e-06 -4.75027e-05 0)
(-1.75942e-05 -3.01312e-05 0)
(-2.67216e-05 -9.98145e-06 0)
(-3.47405e-05 1.19924e-05 0)
(-4.19527e-05 3.54481e-05 0)
(-4.80499e-05 6.02274e-05 0)
(-5.22796e-05 8.57562e-05 0)
(-5.40417e-05 0.000111001 0)
(-5.33079e-05 0.000134873 0)
(-5.05582e-05 0.000156645 0)
(-4.64435e-05 0.000176067 0)
(-4.14839e-05 0.000193182 0)
(-3.59888e-05 0.000208076 0)
(-3.01685e-05 0.000220752 0)
(-2.42487e-05 0.00023118 0)
(-1.84935e-05 0.000239375 0)
(-1.31776e-05 0.000245474 0)
(-8.49919e-06 0.000249726 0)
(-4.55144e-06 0.000252424 0)
(-1.33796e-06 0.00025385 0)
(1.19384e-06 0.000254251 0)
(3.11725e-06 0.00025384 0)
(4.50417e-06 0.000252806 0)
(5.4331e-06 0.000251331 0)
(5.97136e-06 0.000249566 0)
(6.16948e-06 0.000247635 0)
(6.05378e-06 0.000245663 0)
(5.64825e-06 0.000243768 0)
(4.97329e-06 0.000242065 0)
(4.04444e-06 0.00024066 0)
(2.87528e-06 0.000239659 0)
(1.47217e-06 0.000239163 0)
(-1.59501e-07 0.000239271 0)
(-2.01805e-06 0.000240081 0)
(-4.09274e-06 0.000241672 0)
(-6.38014e-06 0.000244116 0)
(-8.86937e-06 0.000247474 0)
(-1.15455e-05 0.000251787 0)
(-1.43921e-05 0.000257087 0)
(-1.73909e-05 0.000263389 0)
(-2.05249e-05 0.000270693 0)
(-2.37757e-05 0.000278992 0)
(-2.7122e-05 0.000288261 0)
(-3.05436e-05 0.000298465 0)
(-3.40191e-05 0.000309558 0)
(-3.7521e-05 0.000321485 0)
(-4.1017e-05 0.000334177 0)
(-4.4469e-05 0.00034756 0)
(-4.78293e-05 0.000361545 0)
(-5.10419e-05 0.000376038 0)
(-5.40419e-05 0.000390927 0)
(-5.67601e-05 0.000406092 0)
(-5.9121e-05 0.000421403 0)
(-6.1047e-05 0.000436716 0)
(-6.24637e-05 0.000451877 0)
(-6.33009e-05 0.000466728 0)
(-6.34935e-05 0.000481102 0)
(-6.29905e-05 0.000494836 0)
(-6.17535e-05 0.000507761 0)
(-5.97582e-05 0.000519715 0)
(-5.69931e-05 0.000530545 0)
(-5.34605e-05 0.000540102 0)
(-4.91816e-05 0.000548248 0)
(-4.41965e-05 0.000554861 0)
(-3.85597e-05 0.00055985 0)
(-3.23141e-05 0.000563135 0)
(-2.55008e-05 0.000564635 0)
(-1.8247e-05 0.000564267 0)
(-1.06307e-05 0.000562086 0)
(-2.6518e-06 0.000558068 0)
(5.61945e-06 0.000552211 0)
(1.41332e-05 0.000544519 0)
(2.28395e-05 0.000535005 0)
(3.16925e-05 0.000523697 0)
(4.06447e-05 0.000510622 0)
(4.96489e-05 0.000495823 0)
(5.86606e-05 0.000479345 0)
(6.76319e-05 0.000461237 0)
(7.6511e-05 0.000441548 0)
(8.52391e-05 0.000420338 0)
(9.37553e-05 0.000397678 0)
(0.000101996 0.000373649 0)
(0.000109894 0.000348334 0)
(0.000117373 0.000321828 0)
(0.000124368 0.000294235 0)
(0.000130794 0.000265623 0)
(0.000136704 0.000236429 0)
(0.000141891 0.000206542 0)
(0.000146271 0.000176074 0)
(0.00014975 0.000145148 0)
(0.000152231 0.000113907 0)
(0.000153613 8.25309e-05 0)
(0.000153802 5.12373e-05 0)
(0.000152721 2.02858e-05 0)
(0.000150319 -1.00316e-05 0)
(0.000146591 -3.94091e-05 0)
(0.000141573 -6.75529e-05 0)
(0.000135338 -9.42013e-05 0)
(0.000127984 -0.000119135 0)
(0.000119633 -0.000142181 0)
(0.00011039 -0.000163174 0)
(0.000100553 -0.000182238 0)
(9.00512e-05 -0.000198999 0)
(7.89681e-05 -0.000213468 0)
(6.72973e-05 -0.000225854 0)
(5.48256e-05 -0.000236721 0)
(4.09031e-05 -0.000247282 0)
(2.40796e-05 -0.000260179 0)
(1.3452e-06 -0.000280296 0)
(-3.33109e-05 -0.000316927 0)
(-9.27262e-05 -0.000387752 0)
(-0.000202366 -0.000519212 0)
(-0.000393057 -0.000738533 0)
(-0.000672194 -0.0010484 0)
(1.28639e-05 -2.0427e-05 0)
(2.29019e-05 1.94514e-05 0)
(-2.86842e-05 5.46125e-05 0)
(-0.000100029 6.51062e-05 0)
(-0.000168697 5.77046e-05 0)
(-0.000224433 4.19141e-05 0)
(-0.000264285 2.41753e-05 0)
(-0.000289262 7.62113e-06 0)
(-0.000301242 -7.08095e-06 0)
(-0.000301747 -2.04231e-05 0)
(-0.000291649 -3.33029e-05 0)
(-0.000271171 -4.70253e-05 0)
(-0.000239189 -6.2831e-05 0)
(-0.000193681 -8.11575e-05 0)
(-0.000132458 -0.000101847 0)
(-5.2571e-05 -0.000123842 0)
(4.84278e-05 -0.000145716 0)
(0.000173461 -0.00016241 0)
(0.00032079 -0.0001661 0)
(0.000477707 -0.000151137 0)
(0.000620944 -0.000118308 0)
(0.000723703 -7.88986e-05 0)
(0.000774465 -4.20541e-05 0)
(0.000784384 7.22931e-06 0)
(0.000748174 9.12398e-05 0)
(0.000626802 0.000185029 0)
(0.000447079 0.000237285 0)
(0.000267921 0.000233826 0)
(0.000123267 0.000199926 0)
(1.63875e-05 0.000171147 0)
(-6.91364e-05 0.000163148 0)
(-0.000146906 0.000171432 0)
(-0.000216972 0.000182674 0)
(-0.000272974 0.00018585 0)
(-0.000315672 0.000180058 0)
(-0.000354248 0.000164608 0)
(-0.000395 0.00014279 0)
(-0.000439459 0.000116826 0)
(-0.000480777 8.66915e-05 0)
(-0.000507871 4.99391e-05 0)
(-0.000627694 -4.29176e-06 0)
(-0.000973136 -0.000122534 0)
(-0.0010787 -0.000265092 0)
(-0.000937158 -0.000391756 0)
(-0.00061659 -0.000457542 0)
(-0.000256176 -0.000382357 0)
(-3.71106e-05 -0.000205319 0)
(3.65336e-05 -7.33344e-05 0)
(5.62144e-05 -1.54585e-05 0)
(7.47971e-05 -1.26231e-05 0)
(0.000109407 -3.42686e-05 0)
(0.000161193 -5.97687e-05 0)
(0.000225328 -7.97234e-05 0)
(0.000296977 -9.2185e-05 0)
(0.000371546 -9.81205e-05 0)
(0.000445336 -9.94607e-05 0)
(0.000515917 -9.78775e-05 0)
(0.000581675 -9.38976e-05 0)
(0.000641031 -8.69127e-05 0)
(0.00069232 -7.6537e-05 0)
(0.000734299 -6.38497e-05 0)
(0.000767107 -5.11974e-05 0)
(0.000792376 -4.08489e-05 0)
(0.000812414 -3.38245e-05 0)
(0.000829124 -2.97313e-05 0)
(0.00084346 -2.73582e-05 0)
(0.00085546 -2.53695e-05 0)
(0.000864531 -2.27784e-05 0)
(0.000869867 -1.90581e-05 0)
(0.000870711 -1.40787e-05 0)
(0.000866496 -8.34353e-06 0)
(0.000857275 -2.45994e-06 0)
(0.000843211 3.48648e-06 0)
(0.000824243 9.62252e-06 0)
(0.000800207 1.60179e-05 0)
(0.000770953 2.2657e-05 0)
(0.000736379 2.93882e-05 0)
(0.000696588 3.59046e-05 0)
(0.000651965 4.18211e-05 0)
(0.000603223 4.67532e-05 0)
(0.000551358 5.04155e-05 0)
(0.000497541 5.2703e-05 0)
(0.000442899 5.374e-05 0)
(0.000388316 5.38851e-05 0)
(0.000334268 5.37388e-05 0)
(0.000280604 5.41177e-05 0)
(0.000226424 5.57779e-05 0)
(0.000170157 5.9032e-05 0)
(0.000110057 6.33085e-05 0)
(4.4904e-05 6.67199e-05 0)
(-2.4781e-05 6.53058e-05 0)
(-9.30651e-05 5.42831e-05 0)
(-0.00014851 3.09335e-05 0)
(-0.000171153 2.61966e-06 0)
(-0.000154503 -2.20047e-05 0)
(-0.000118368 -3.20154e-05 0)
(-8.77758e-05 -2.50136e-05 0)
(-7.72332e-05 -2.29166e-05 0)
(-5.65275e-05 -3.68608e-05 0)
(-2.28256e-06 -3.42869e-05 0)
(-3.61208e-05 -1.11018e-05 0)
(-5.26457e-05 -9.11904e-05 0)
(-5.19423e-05 -0.000176915 0)
(-5.45385e-05 -0.000256146 0)
(-5.92821e-05 -0.000345453 0)
(-6.41645e-05 -0.00044219 0)
(-6.97253e-05 -0.000545879 0)
(-7.50227e-05 -0.000656482 0)
(-7.92302e-05 -0.000771842 0)
(-8.14517e-05 -0.000889891 0)
(-7.87386e-05 -0.00100767 0)
(-6.56626e-05 -0.00111973 0)
(-3.54092e-05 -0.00121311 0)
(1.54982e-05 -0.00126907 0)
(9.0016e-05 -0.00126661 0)
(0.000185825 -0.00118061 0)
(0.000302315 -0.000997163 0)
(0.000429312 -0.000684403 0)
(0.000546284 -0.00020771 0)
(0.000356348 0.000473892 0)
(-0.000100029 0.000814827 0)
(7.64791e-05 0.000709869 0)
(0.000346574 0.000889311 0)
(0.000152489 0.00120096 0)
(-0.000211431 0.00112297 0)
(-0.000482137 0.000661687 0)
(-0.000520099 7.90327e-05 0)
(-0.000393288 -0.000407936 0)
(-0.000229934 -0.000723818 0)
(-6.4604e-05 -0.000903597 0)
(9.89737e-05 -0.000937536 0)
(0.000233051 -0.000836946 0)
(0.000305306 -0.000627551 0)
(0.000303532 -0.000369272 0)
(0.000247035 -0.000131804 0)
(0.000157601 4.62127e-05 0)
(5.05896e-05 0.000134865 0)
(-6.24728e-05 0.00013208 0)
(-0.000165302 5.74734e-05 0)
(-0.000226172 -3.62666e-05 0)
(-0.000249289 -0.000118973 0)
(-0.000231475 -0.000188358 0)
(-0.000178957 -0.000236999 0)
(-0.000114541 -0.000256269 0)
(-6.36753e-05 -0.000250244 0)
(-4.22758e-05 -0.000234613 0)
(-4.97507e-05 -0.000228518 0)
(-6.82918e-05 -0.000241295 0)
(-8.98873e-05 -0.000271631 0)
(-0.00011643 -0.000322642 0)
(-0.000147046 -0.000400154 0)
(-0.000180893 -0.000507298 0)
(-0.000216744 -0.000645519 0)
(-0.000252803 -0.000815432 0)
(-0.0002847 -0.00101621 0)
(-0.000305773 -0.00124302 0)
(-0.000307672 -0.00148466 0)
(-0.000280979 -0.00172334 0)
(-0.000219252 -0.00193456 0)
(-0.000118762 -0.00208956 0)
(1.75845e-05 -0.00215924 0)
(0.000183641 -0.00216916 0)
(0.000364853 -0.00207055 0)
(0.000538605 -0.00184017 0)
(0.000669914 -0.00145183 0)
(0.000705376 -0.000918713 0)
(0.000648701 -0.000345 0)
(0.000562095 0.00018464 0)
(0.000480413 0.000662262 0)
(0.00046117 0.00104248 0)
(0.000527216 0.00134266 0)
(0.000490918 0.00161602 0)
(0.000137185 0.00194169 0)
(-0.000593553 0.0022094 0)
(-0.00116433 0.00205952 0)
(-0.000550259 0.00164958 0)
(0.0013318 0.00195032 0)
(0.00284161 0.00367326 0)
(0.00237475 0.00554292 0)
(0.00144766 0.00613153 0)
(0.00143479 0.00646312 0)
(0.00121911 0.00711691 0)
(0.000866801 0.007461 0)
(0.000780486 0.00770803 0)
(0.000589431 0.00798499 0)
(0.000439193 0.00812079 0)
(0.000348169 0.00823908 0)
(0.000226315 0.00831719 0)
(0.000149959 0.00833987 0)
(7.61288e-05 0.00834845 0)
(1.10352e-05 0.00832023 0)
(-3.6172e-05 0.00827573 0)
(-8.49588e-05 0.00821485 0)
(-0.000123714 0.00813487 0)
(-0.000159348 0.00804428 0)
(-0.000192406 0.00793986 0)
(-0.000221283 0.00782511 0)
(-0.000249183 0.00770094 0)
(-0.000274626 0.00756745 0)
(-0.000298668 0.00742638 0)
(-0.00032144 0.00727776 0)
(-0.000342656 0.00712252 0)
(-0.000362682 0.00696133 0)
(-0.000381196 0.0067947 0)
(-0.000398197 0.00662348 0)
(-0.000413576 0.00644829 0)
(-0.000427179 0.00626994 0)
(-0.000438961 0.00608919 0)
(-0.00044882 0.00590682 0)
(-0.000456743 0.00572363 0)
(-0.00046274 0.00554039 0)
(-0.000466858 0.00535781 0)
(-0.000469185 0.00517657 0)
(-0.000469822 0.00499726 0)
(-0.000468916 0.00482045 0)
(-0.000466603 0.00464657 0)
(-0.000463053 0.00447605 0)
(-0.000458427 0.00430917 0)
(-0.000452881 0.00414621 0)
(-0.000446574 0.00398734 0)
(-0.000439652 0.0038327 0)
(-0.000432251 0.00368235 0)
(-0.000424498 0.00353635 0)
(-0.000416514 0.00339466 0)
(-0.000408386 0.00325726 0)
(-0.000400224 0.00312408 0)
(-0.000392112 0.00299502 0)
(-0.000384117 0.00286996 0)
(-0.000376301 0.00274877 0)
(-0.000368733 0.00263132 0)
(-0.000361458 0.00251744 0)
(-0.000354521 0.00240697 0)
(-0.000347963 0.00229973 0)
(-0.000341811 0.00219555 0)
(-0.000336103 0.00209426 0)
(-0.000330857 0.00199567 0)
(-0.000326101 0.00189962 0)
(-0.000321856 0.0018059 0)
(-0.000318136 0.00171435 0)
(-0.000314956 0.0016248 0)
(-0.00031233 0.00153707 0)
(-0.000310295 0.001451 0)
(-0.000308836 0.00136638 0)
(-0.000307951 0.00128309 0)
(-0.000307651 0.00120093 0)
(-0.000307922 0.00111979 0)
(-0.000308788 0.0010395 0)
(-0.000310244 0.000959927 0)
(-0.00031229 0.000880958 0)
(-0.000314959 0.000802462 0)
(-0.00031829 0.00072426 0)
(-0.000322257 0.000646057 0)
(-0.000326624 0.000567588 0)
(-0.000333385 0.000492258 0)
(-0.000341352 0.000416968 0)
(-0.00035044 0.000340753 0)
(-0.000360421 0.000262913 0)
(-0.000370838 0.000182929 0)
(-0.000381166 0.000100723 0)
(-0.000390803 1.67429e-05 0)
(-0.000399306 -6.79875e-05 0)
(-0.000406971 -0.000152384 0)
(-0.000414581 -0.000236015 0)
(-0.000422874 -0.000319126 0)
(-0.000432191 -0.000402322 0)
(-0.000443669 -0.000486866 0)
(-0.000459361 -0.00057545 0)
(-0.000476546 -0.000665635 0)
(-0.000495276 -0.00075769 0)
(-0.000515688 -0.000851757 0)
(-0.000537992 -0.000948013 0)
(-0.000562403 -0.00104665 0)
(-0.000589174 -0.00114787 0)
(-0.000618567 -0.00125191 0)
(-0.000650874 -0.001359 0)
(-0.000686456 -0.00146939 0)
(-0.000725703 -0.00158336 0)
(-0.000769037 -0.00170121 0)
(-0.000816934 -0.00182326 0)
(-0.000869952 -0.00194985 0)
(-0.000928699 -0.00208136 0)
(-0.000993837 -0.0022182 0)
(-0.00106612 -0.0023608 0)
(-0.00114639 -0.00250962 0)
(-0.0012356 -0.00266525 0)
(-0.00133475 -0.00282815 0)
(-0.00144502 -0.00299914 0)
(-0.00156761 -0.00317848 0)
(-0.00170412 -0.00336785 0)
(-0.00185569 -0.00356612 0)
(-0.00202495 -0.00377832 0)
(-0.00221185 -0.00399708 0)
(-0.00242257 -0.00424023 0)
(-0.00265106 -0.00447609 0)
(-0.00291611 -0.00476963 0)
(-0.00318724 -0.00500078 0)
(-0.00352567 -0.00539801 0)
(-0.00380799 -0.0055395 0)
(-0.00421626 -0.00618779 0)
(-0.00423625 -0.00588474 0)
)
;
    }
    frontAndBack
    {
        type            empty;
    }
}


// ************************************************************************* //
