/*--------------------------------*- C++ -*----------------------------------*\
  =========                 |
  \\      /  F ield         | OpenFOAM: The Open Source CFD Toolbox
   \\    /   O peration     | Website:  https://openfoam.org
    \\  /    A nd           | Version:  7
     \\/     M anipulation  |
\*---------------------------------------------------------------------------*/
FoamFile
{
    version     2.0;
    format      ascii;
    class       volVectorField;
    location    "0.2";
    object      wallShearStress;
}
// * * * * * * * * * * * * * * * * * * * * * * * * * * * * * * * * * * * * * //

dimensions      [0 2 -2 0 0 0 0];

internalField   uniform (0 0 0);

boundaryField
{
    velocityInlet
    {
        type            calculated;
        value           uniform (0 0 0);
    }
    pressureOutlet
    {
        type            calculated;
        value           uniform (0 0 0);
    }
    fixedWalls
    {
        type            calculated;
        value           nonuniform List<vector> 
100
(
(-0.0029599 -0.000717731 0)
(0.00046684 -0.000361507 0)
(0.00105013 -0.000122194 0)
(0.00155901 -5.29213e-05 0)
(0.00152452 1.75072e-05 0)
(0.00123167 5.7634e-05 0)
(0.000748537 7.81794e-05 0)
(0.000183832 9.14087e-05 0)
(-0.000602014 0.000134478 0)
(-0.00209005 0.000261011 0)
(-0.00449999 0.000394509 0)
(-0.00679947 0.000361918 0)
(-0.00699636 -5.26819e-05 0)
(-0.00302347 -0.000827055 0)
(0.0036458 -0.00107064 0)
(0.00793054 -0.000592148 0)
(0.0074103 0.000175616 0)
(0.00364123 0.000557238 0)
(-0.000646498 0.000524692 0)
(-0.00375683 0.000324418 0)
(-0.00533686 0.000140605 0)
(-0.00583019 3.58859e-05 0)
(-0.00575983 -1.32591e-05 0)
(-0.00545178 -3.38261e-05 0)
(-0.00505745 -4.14241e-05 0)
(-0.00463868 -4.47107e-05 0)
(-0.00421678 -4.6819e-05 0)
(-0.00380375 -4.78464e-05 0)
(-0.00342169 -4.53731e-05 0)
(-0.00310809 -3.6965e-05 0)
(-0.00289912 -2.43894e-05 0)
(-0.00282673 -8.27096e-06 0)
(-0.00293969 1.99224e-05 0)
(-0.00323564 4.53073e-05 0)
(-0.00352495 3.28903e-05 0)
(-0.00348988 -2.50811e-05 0)
(-0.00315309 -6.28553e-05 0)
(-0.00314786 -6.65596e-08 0)
(-0.00404669 0.000120571 0)
(-0.00557111 0.000181207 0)
(-0.00714956 0.000191345 0)
(-0.00855912 0.000204019 0)
(-0.00932783 0.000168368 0)
(-0.0084851 -7.98546e-05 0)
(-0.00512466 -0.000442324 0)
(6.52388e-05 -0.00065839 0)
(0.00497816 -0.000625078 0)
(0.00793103 -0.000357281 0)
(0.00830154 -2.68395e-05 0)
(0.00653155 0.000214545 0)
(0.00373692 0.000302912 0)
(0.000963307 0.000279337 0)
(-0.00121899 0.000208016 0)
(-0.00264474 0.000128685 0)
(-0.00342903 6.73338e-05 0)
(-0.00377615 2.83414e-05 0)
(-0.00388415 9.30563e-06 0)
(-0.00389826 3.73246e-06 0)
(-0.00389532 4.98094e-06 0)
(-0.00388683 5.92779e-06 0)
(-0.00383759 1.56739e-06 0)
(-0.00370187 -8.33776e-06 0)
(-0.00346047 -2.00382e-05 0)
(-0.00313797 -2.8696e-05 0)
(-0.00278945 -3.1435e-05 0)
(-0.00247253 -2.82818e-05 0)
(-0.00222816 -2.11514e-05 0)
(-0.00207588 -1.21248e-05 0)
(-0.00201811 -2.97302e-06 0)
(-0.00204578 6.12975e-06 0)
(-0.00213994 1.36968e-05 0)
(-0.00226846 1.8295e-05 0)
(-0.00238271 1.80786e-05 0)
(-0.00242078 1.17907e-05 0)
(-0.0023188 -2.3591e-06 0)
(-0.00202763 -2.20737e-05 0)
(-0.0015305 -4.42794e-05 0)
(-0.000859847 -6.39509e-05 0)
(-9.84934e-05 -7.36477e-05 0)
(0.000624307 -7.13067e-05 0)
(0.00116592 -5.36699e-05 0)
(0.0014194 -2.63457e-05 0)
(0.00134973 4.08414e-06 0)
(0.00100371 2.97977e-05 0)
(0.000484211 4.37632e-05 0)
(-9.47112e-05 4.71319e-05 0)
(-0.000640609 4.38821e-05 0)
(-0.00109505 3.56394e-05 0)
(-0.00143289 2.58904e-05 0)
(-0.00165482 1.64657e-05 0)
(-0.00177004 8.13281e-06 0)
(-0.00180259 2.00446e-06 0)
(-0.0017678 -2.90321e-06 0)
(-0.00170561 -4.76146e-06 0)
(-0.00161447 -6.26627e-06 0)
(-0.00155613 -4.48005e-06 0)
(-0.00145589 -5.60839e-06 0)
(-0.00145556 -2.97303e-06 0)
(-0.00132281 -6.58773e-06 0)
(-0.0013552 -3.40208e-07 0)
)
;
    }
    bottomWall
    {
        type            calculated;
        value           nonuniform List<vector> 
800
(
(-0.0353512 0.00216562 0)
(-0.0160365 0.000524962 0)
(-0.0105906 0.000100551 0)
(-0.00845592 3.45854e-05 0)
(-0.00749206 1.96783e-05 0)
(-0.00685661 1.60061e-05 0)
(-0.00634809 1.32053e-05 0)
(-0.00593717 1.07552e-05 0)
(-0.00560289 8.95405e-06 0)
(-0.00532451 7.65395e-06 0)
(-0.00508746 6.66882e-06 0)
(-0.0048823 5.89043e-06 0)
(-0.00470257 5.25986e-06 0)
(-0.00454354 4.74024e-06 0)
(-0.00440161 4.30597e-06 0)
(-0.00427402 3.93855e-06 0)
(-0.00415856 3.62431e-06 0)
(-0.0040535 3.35297e-06 0)
(-0.00395742 3.1167e-06 0)
(-0.00386916 2.90943e-06 0)
(-0.00378774 2.72638e-06 0)
(-0.00371238 2.56375e-06 0)
(-0.00364238 2.41847e-06 0)
(-0.00357717 2.28804e-06 0)
(-0.00351625 2.1704e-06 0)
(-0.00345919 2.06386e-06 0)
(-0.00340564 1.96699e-06 0)
(-0.00335525 1.87861e-06 0)
(-0.00330775 1.79769e-06 0)
(-0.00326289 1.72339e-06 0)
(-0.00322045 1.65497e-06 0)
(-0.00318023 1.59178e-06 0)
(-0.00314205 1.53329e-06 0)
(-0.00310577 1.47901e-06 0)
(-0.00307124 1.42853e-06 0)
(-0.00303834 1.38148e-06 0)
(-0.00300694 1.33754e-06 0)
(-0.00297695 1.29644e-06 0)
(-0.00294828 1.25791e-06 0)
(-0.00292083 1.22175e-06 0)
(-0.00289454 1.18774e-06 0)
(-0.00286932 1.15572e-06 0)
(-0.00284512 1.12554e-06 0)
(-0.00282187 1.09698e-06 0)
(-0.00279952 1.07011e-06 0)
(-0.00277802 1.04442e-06 0)
(-0.00275732 1.02053e-06 0)
(-0.00273738 9.97046e-07 0)
(-0.00271814 9.75949e-07 0)
(-0.00269961 9.53421e-07 0)
(-0.0026841 9.34961e-07 0)
(-0.00267129 9.24532e-07 0)
(-0.00265865 9.11131e-07 0)
(-0.00264619 8.96825e-07 0)
(-0.00263393 8.83428e-07 0)
(-0.00262184 8.70686e-07 0)
(-0.00260993 8.58245e-07 0)
(-0.00259819 8.46064e-07 0)
(-0.00258661 8.34171e-07 0)
(-0.0025752 8.22561e-07 0)
(-0.00256395 8.11218e-07 0)
(-0.00255285 8.00129e-07 0)
(-0.0025419 7.89285e-07 0)
(-0.0025311 7.78678e-07 0)
(-0.00252045 7.68302e-07 0)
(-0.00250993 7.58149e-07 0)
(-0.00249956 7.48212e-07 0)
(-0.00248932 7.38486e-07 0)
(-0.00247922 7.28964e-07 0)
(-0.00246924 7.19641e-07 0)
(-0.0024594 7.10511e-07 0)
(-0.00244968 7.0157e-07 0)
(-0.00244008 6.92812e-07 0)
(-0.0024306 6.84233e-07 0)
(-0.00242124 6.75827e-07 0)
(-0.00241199 6.67589e-07 0)
(-0.00240285 6.59516e-07 0)
(-0.00239383 6.51602e-07 0)
(-0.00238492 6.43843e-07 0)
(-0.00237611 6.36234e-07 0)
(-0.0023674 6.28772e-07 0)
(-0.0023588 6.21451e-07 0)
(-0.0023503 6.14269e-07 0)
(-0.00234189 6.07222e-07 0)
(-0.00233359 6.00304e-07 0)
(-0.00232537 5.93513e-07 0)
(-0.00231725 5.86846e-07 0)
(-0.00230923 5.80299e-07 0)
(-0.00230129 5.73868e-07 0)
(-0.00229344 5.67551e-07 0)
(-0.00228567 5.61345e-07 0)
(-0.00227799 5.55247e-07 0)
(-0.0022704 5.49255e-07 0)
(-0.00226289 5.43366e-07 0)
(-0.00225545 5.37579e-07 0)
(-0.0022481 5.3189e-07 0)
(-0.00224083 5.26297e-07 0)
(-0.00223363 5.20799e-07 0)
(-0.0022265 5.15392e-07 0)
(-0.00221945 5.10075e-07 0)
(-0.00221248 5.04846e-07 0)
(-0.00220557 4.99703e-07 0)
(-0.00219874 4.94644e-07 0)
(-0.00219197 4.89666e-07 0)
(-0.00218527 4.84769e-07 0)
(-0.00217864 4.79949e-07 0)
(-0.00217208 4.75207e-07 0)
(-0.00216558 4.70541e-07 0)
(-0.00215914 4.65948e-07 0)
(-0.00215277 4.61429e-07 0)
(-0.00214645 4.56981e-07 0)
(-0.0021402 4.52603e-07 0)
(-0.00213401 4.48294e-07 0)
(-0.00212788 4.44052e-07 0)
(-0.00212181 4.39877e-07 0)
(-0.00211579 4.35767e-07 0)
(-0.00210983 4.3172e-07 0)
(-0.00210392 4.27734e-07 0)
(-0.00209807 4.23809e-07 0)
(-0.00209227 4.19943e-07 0)
(-0.00208653 4.16133e-07 0)
(-0.00208083 4.1238e-07 0)
(-0.00207519 4.08681e-07 0)
(-0.0020696 4.05036e-07 0)
(-0.00206406 4.01442e-07 0)
(-0.00205857 3.979e-07 0)
(-0.00205312 3.94407e-07 0)
(-0.00204772 3.90963e-07 0)
(-0.00204238 3.87566e-07 0)
(-0.00203707 3.84215e-07 0)
(-0.00203182 3.8091e-07 0)
(-0.0020266 3.77648e-07 0)
(-0.00202144 3.74431e-07 0)
(-0.00201631 3.71256e-07 0)
(-0.00201123 3.68124e-07 0)
(-0.0020062 3.65031e-07 0)
(-0.0020012 3.61981e-07 0)
(-0.00199625 3.58969e-07 0)
(-0.00199133 3.56001e-07 0)
(-0.00198646 3.53065e-07 0)
(-0.00198163 3.50179e-07 0)
(-0.00197684 3.47314e-07 0)
(-0.00197208 3.44512e-07 0)
(-0.00196737 3.41709e-07 0)
(-0.00196269 3.39001e-07 0)
(-0.00195805 3.36242e-07 0)
(-0.00195344 3.33643e-07 0)
(-0.00194888 3.30896e-07 0)
(-0.00194435 3.284e-07 0)
(-0.00193985 3.25584e-07 0)
(-0.00193608 3.23072e-07 0)
(-0.001933 3.21758e-07 0)
(-0.0019299 3.20184e-07 0)
(-0.00192681 3.18373e-07 0)
(-0.00192371 3.16582e-07 0)
(-0.0019206 3.14842e-07 0)
(-0.00191749 3.13128e-07 0)
(-0.00191438 3.11415e-07 0)
(-0.00191126 3.09704e-07 0)
(-0.00190813 3.07999e-07 0)
(-0.001905 3.06299e-07 0)
(-0.00190187 3.04605e-07 0)
(-0.00189873 3.02919e-07 0)
(-0.00189559 3.01236e-07 0)
(-0.00189245 2.99559e-07 0)
(-0.00188929 2.97882e-07 0)
(-0.00188614 2.96211e-07 0)
(-0.00188298 2.94543e-07 0)
(-0.00187982 2.92879e-07 0)
(-0.00187665 2.91219e-07 0)
(-0.00187348 2.89562e-07 0)
(-0.0018703 2.8791e-07 0)
(-0.00186712 2.86263e-07 0)
(-0.00186394 2.84618e-07 0)
(-0.00186075 2.82979e-07 0)
(-0.00185756 2.81341e-07 0)
(-0.00185436 2.79707e-07 0)
(-0.00185116 2.78077e-07 0)
(-0.00184796 2.7645e-07 0)
(-0.00184475 2.74828e-07 0)
(-0.00184154 2.73212e-07 0)
(-0.00183833 2.71599e-07 0)
(-0.00183511 2.69991e-07 0)
(-0.00183189 2.68387e-07 0)
(-0.00182867 2.66789e-07 0)
(-0.00182544 2.65195e-07 0)
(-0.00182221 2.63607e-07 0)
(-0.00181898 2.62024e-07 0)
(-0.00181574 2.60447e-07 0)
(-0.0018125 2.58875e-07 0)
(-0.00180926 2.5731e-07 0)
(-0.00180602 2.5575e-07 0)
(-0.00180277 2.54197e-07 0)
(-0.00179952 2.52648e-07 0)
(-0.00179626 2.51107e-07 0)
(-0.001793 2.49573e-07 0)
(-0.00178974 2.48046e-07 0)
(-0.00178648 2.46527e-07 0)
(-0.00178322 2.45014e-07 0)
(-0.00177995 2.43511e-07 0)
(-0.00177668 2.42013e-07 0)
(-0.0017734 2.40525e-07 0)
(-0.00177013 2.39044e-07 0)
(-0.00176685 2.37573e-07 0)
(-0.00176357 2.36109e-07 0)
(-0.00176028 2.34657e-07 0)
(-0.00175699 2.33209e-07 0)
(-0.00175371 2.31777e-07 0)
(-0.00175041 2.30348e-07 0)
(-0.00174712 2.28934e-07 0)
(-0.00174382 2.27527e-07 0)
(-0.00174052 2.26132e-07 0)
(-0.00173722 2.24745e-07 0)
(-0.00173391 2.23373e-07 0)
(-0.0017306 2.22005e-07 0)
(-0.00172729 2.20657e-07 0)
(-0.00172398 2.19311e-07 0)
(-0.00172066 2.17983e-07 0)
(-0.00171734 2.16665e-07 0)
(-0.00171402 2.15359e-07 0)
(-0.0017107 2.14062e-07 0)
(-0.00170737 2.12784e-07 0)
(-0.00170404 2.11511e-07 0)
(-0.0017007 2.10268e-07 0)
(-0.00169737 2.0901e-07 0)
(-0.00169403 2.0781e-07 0)
(-0.00169068 2.06567e-07 0)
(-0.00168733 2.05425e-07 0)
(-0.00168398 2.04176e-07 0)
(-0.00168063 2.03149e-07 0)
(-0.00167727 2.0182e-07 0)
(-0.0016739 2.01038e-07 0)
(-0.00167054 1.99446e-07 0)
(-0.00166715 1.99207e-07 0)
(-0.0016638 1.96917e-07 0)
(-0.00166038 1.97922e-07 0)
(-0.00165704 1.93883e-07 0)
(-0.00165356 1.97779e-07 0)
(-0.00165028 1.89544e-07 0)
(-0.00164668 2.00037e-07 0)
(-0.00164353 1.82162e-07 0)
(-0.00163969 2.07296e-07 0)
(-0.00163684 1.68202e-07 0)
(-0.00163253 2.2463e-07 0)
(-0.00163026 1.4103e-07 0)
(-0.0016251 2.60549e-07 0)
(-0.00162387 8.99088e-08 0)
(-0.00161739 3.24595e-07 0)
(-0.00161765 9.10409e-09 0)
(-0.00160941 3.56565e-07 0)
(-0.0353511 -0.00216565 0)
(-0.0160354 -0.000525009 0)
(-0.0105882 -0.000100609 0)
(-0.00845183 -3.46448e-05 0)
(-0.00748605 -1.97438e-05 0)
(-0.00684843 -1.60788e-05 0)
(-0.0063375 -1.32844e-05 0)
(-0.00592399 -1.08407e-05 0)
(-0.00558695 -9.04584e-06 0)
(-0.00530565 -7.75207e-06 0)
(-0.00506551 -6.77349e-06 0)
(-0.00485711 -6.0021e-06 0)
(-0.00467395 -5.37902e-06 0)
(-0.00451131 -4.86736e-06 0)
(-0.0043656 -4.44151e-06 0)
(-0.00423402 -4.08296e-06 0)
(-0.00411439 -3.77804e-06 0)
(-0.00400495 -3.51655e-06 0)
(-0.00390429 -3.29074e-06 0)
(-0.00381122 -3.09465e-06 0)
(-0.00372477 -2.92363e-06 0)
(-0.00364413 -2.77402e-06 0)
(-0.00356858 -2.64291e-06 0)
(-0.00349754 -2.52796e-06 0)
(-0.00343047 -2.42727e-06 0)
(-0.00336692 -2.33931e-06 0)
(-0.00330649 -2.26279e-06 0)
(-0.00324882 -2.19672e-06 0)
(-0.00319358 -2.14012e-06 0)
(-0.0031405 -2.09244e-06 0)
(-0.0030893 -2.05273e-06 0)
(-0.00303974 -2.02095e-06 0)
(-0.00299162 -1.99568e-06 0)
(-0.00294472 -1.97779e-06 0)
(-0.00289887 -1.96451e-06 0)
(-0.0028539 -1.95832e-06 0)
(-0.00280965 -1.95381e-06 0)
(-0.00276605 -1.95593e-06 0)
(-0.00272285 -1.95556e-06 0)
(-0.00268033 -1.95854e-06 0)
(-0.00263769 -1.95689e-06 0)
(-0.00259652 -1.94099e-06 0)
(-0.00255386 -1.93793e-06 0)
(-0.00251563 -1.84611e-06 0)
(-0.00247165 -1.87301e-06 0)
(-0.00244135 -1.53169e-06 0)
(-0.00239229 -1.77451e-06 0)
(-0.00238181 -3.83877e-07 0)
(-0.0023293 -5.36514e-06 0)
(-0.00218357 0.000161814 0)
(4.16584e-05 -1.80245e-05 0)
(4.60789e-05 -8.92735e-05 0)
(4.53076e-05 -0.000154205 0)
(4.17755e-05 -0.000210928 0)
(3.99633e-05 -0.000254081 0)
(4.364e-05 -0.000285289 0)
(4.68749e-05 -0.000316448 0)
(5.13356e-05 -0.000361632 0)
(6.51728e-05 -0.000431595 0)
(8.8012e-05 -0.000537729 0)
(0.000112602 -0.000677879 0)
(0.000125187 -0.00086016 0)
(7.79894e-05 -0.00103706 0)
(-3.66011e-05 -0.00114445 0)
(-0.000205114 -0.00101562 0)
(-0.00025104 -0.000705843 0)
(-1.65541e-05 -0.000542166 0)
(-0.000273042 -0.000455304 0)
(-0.000671554 0.000338707 0)
(-0.000492309 0.000947723 0)
(-0.000279807 0.00122421 0)
(-0.000113725 0.00132435 0)
(-4.12965e-06 0.00130494 0)
(6.746e-05 0.00121718 0)
(0.000106354 0.00108551 0)
(0.000125266 0.000938729 0)
(0.000135194 0.000780749 0)
(0.000137754 0.00062444 0)
(0.00014231 0.000467063 0)
(0.000146721 0.000310473 0)
(0.000151434 0.000148565 0)
(0.000151352 -1.75476e-05 0)
(0.000149309 -0.000179636 0)
(0.000144429 -0.000336691 0)
(0.00013549 -0.000486028 0)
(0.000122628 -0.000623864 0)
(0.000106863 -0.000747017 0)
(8.94749e-05 -0.000853612 0)
(7.17465e-05 -0.000943044 0)
(5.48129e-05 -0.00101591 0)
(3.93516e-05 -0.00107353 0)
(2.56718e-05 -0.00111764 0)
(1.38647e-05 -0.00115012 0)
(3.86699e-06 -0.00117282 0)
(-4.48555e-06 -0.00118742 0)
(-1.14193e-05 -0.00119541 0)
(-1.72028e-05 -0.00119805 0)
(-2.21336e-05 -0.00119632 0)
(-2.63524e-05 -0.00119113 0)
(-3.01255e-05 -0.00118305 0)
(-3.36402e-05 -0.00117248 0)
(-3.70979e-05 -0.00115967 0)
(-4.06757e-05 -0.00114472 0)
(-4.45225e-05 -0.00112761 0)
(-4.87592e-05 -0.00110823 0)
(-5.34834e-05 -0.00108639 0)
(-5.87743e-05 -0.00106183 0)
(-6.46976e-05 -0.00103427 0)
(-7.13077e-05 -0.00100337 0)
(-7.8649e-05 -0.000968793 0)
(-8.67685e-05 -0.000930174 0)
(-9.56991e-05 -0.000887135 0)
(-0.000105464 -0.000839306 0)
(-0.00011611 -0.000786299 0)
(-0.000127654 -0.00072773 0)
(-0.000140091 -0.000663221 0)
(-0.000153445 -0.00059244 0)
(-0.000167812 -0.000515061 0)
(-0.000183232 -0.000430673 0)
(-0.000199648 -0.000338922 0)
(-0.000216921 -0.000239352 0)
(-0.000234759 -0.000131839 0)
(-0.000252914 -1.60718e-05 0)
(-0.000271385 0.0001073 0)
(-0.000292201 0.000237818 0)
(-0.000318194 0.00038219 0)
(-0.000336094 0.000556543 0)
(-0.000294476 0.000762117 0)
(-0.00015708 0.000943854 0)
(2.01184e-05 0.00104926 0)
(0.000166321 0.00108495 0)
(0.00026585 0.00107765 0)
(0.000317298 0.00104808 0)
(0.000315997 0.00101518 0)
(0.000271634 0.00100723 0)
(0.000185652 0.00101926 0)
(7.63951e-05 0.00102031 0)
(-1.59893e-05 0.00103873 0)
(-7.27409e-05 0.00108698 0)
(-8.93925e-05 0.00113285 0)
(-7.72665e-05 0.00114273 0)
(-6.76363e-05 0.00111215 0)
(-8.10948e-05 0.00107323 0)
(-9.84352e-05 0.00105232 0)
(-9.70676e-05 0.00104844 0)
(-7.0829e-05 0.00104844 0)
(-2.23238e-05 0.0010406 0)
(4.01885e-05 0.00101198 0)
(9.88713e-05 0.000955924 0)
(0.000136272 0.000882149 0)
(0.000150861 0.000810236 0)
(0.000156592 0.000747944 0)
(0.000161971 0.000689513 0)
(0.000168062 0.000628209 0)
(0.000170569 0.000561783 0)
(0.00016599 0.000494661 0)
(0.000156114 0.000432505 0)
(0.000144589 0.000376751 0)
(0.000132989 0.000326414 0)
(0.000121468 0.000280821 0)
(0.000110045 0.000239748 0)
(9.88384e-05 0.000202937 0)
(8.78305e-05 0.000169999 0)
(7.67943e-05 0.000140612 0)
(6.53587e-05 0.000114626 0)
(5.30777e-05 9.21176e-05 0)
(3.95448e-05 7.34528e-05 0)
(2.45868e-05 5.91855e-05 0)
(8.20348e-06 5.02034e-05 0)
(-9.85676e-06 4.68486e-05 0)
(-2.8783e-05 4.86383e-05 0)
(-4.75987e-05 5.67183e-05 0)
(-6.62935e-05 7.16737e-05 0)
(-8.39634e-05 9.28266e-05 0)
(-9.98679e-05 0.00011981 0)
(-0.000113178 0.000152109 0)
(-0.00012304 0.000188894 0)
(-0.000128762 0.000229027 0)
(-0.000129998 0.000271083 0)
(-0.000126931 0.0003135 0)
(-0.000120333 0.00035483 0)
(-0.000111456 0.000394017 0)
(-0.000101791 0.000430558 0)
(-9.27931e-05 0.000464504 0)
(-8.56673e-05 0.000496341 0)
(-8.12574e-05 0.000526796 0)
(-8.00302e-05 0.00055667 0)
(-8.21122e-05 0.000586732 0)
(-8.73296e-05 0.000617664 0)
(-9.52346e-05 0.000650034 0)
(-0.000105127 0.000684254 0)
(-0.000116097 0.00072052 0)
(-0.000127101 0.000758755 0)
(-0.000137069 0.000798591 0)
(-0.000145025 0.000839398 0)
(-0.000150171 0.00088036 0)
(-0.000151932 0.000920562 0)
(-0.00014997 0.000959069 0)
(-0.000144155 0.000994982 0)
(-0.00013452 0.00102748 0)
(-0.000121225 0.00105584 0)
(-0.000104547 0.00107943 0)
(-8.48847e-05 0.00109769 0)
(-6.26569e-05 0.00111021 0)
(-3.80901e-05 0.00111667 0)
(-1.17297e-05 0.00111669 0)
(1.5809e-05 0.00111035 0)
(4.43366e-05 0.00109767 0)
(7.3544e-05 0.00107859 0)
(0.000103048 0.00105313 0)
(0.000132479 0.00102139 0)
(0.000161436 0.000983535 0)
(0.0001895 0.000939794 0)
(0.000216235 0.00089048 0)
(0.000241196 0.000835981 0)
(0.000263934 0.000776766 0)
(0.000284007 0.000713382 0)
(0.00030099 0.000646458 0)
(0.000314492 0.000576701 0)
(0.00032417 0.000504895 0)
(0.000329748 0.000431889 0)
(0.000331035 0.000358587 0)
(0.000327944 0.000285933 0)
(0.000320501 0.000214879 0)
(0.000308865 0.000146366 0)
(0.000293331 8.1287e-05 0)
(0.000274288 2.04494e-05 0)
(0.000252155 -3.54423e-05 0)
(0.000227537 -8.57759e-05 0)
(0.000201206 -0.000130117 0)
(0.000173842 -0.000168231 0)
(0.000146065 -0.000200019 0)
(0.00011856 -0.00022552 0)
(9.1979e-05 -0.000244919 0)
(6.69084e-05 -0.000258514 0)
(4.38603e-05 -0.000266701 0)
(2.32667e-05 -0.000269954 0)
(5.48836e-06 -0.000268831 0)
(-9.16861e-06 -0.000264013 0)
(-2.04938e-05 -0.000256275 0)
(-2.85785e-05 -0.000246683 0)
(-3.39502e-05 -0.000236747 0)
(-3.76595e-05 -0.000228737 0)
(-4.18368e-05 -0.000226267 0)
(-5.04818e-05 -0.000235367 0)
(-7.08162e-05 -0.000265917 0)
(-0.00011613 -0.000333004 0)
(-0.000210576 -0.000457869 0)
(-0.000385683 -0.00066086 0)
(-0.000639339 -0.000936243 0)
(1.87074e-06 -4.26344e-05 0)
(5.71492e-05 -4.48418e-05 0)
(8.94383e-05 -3.24503e-05 0)
(0.000101235 -1.91762e-05 0)
(0.000102131 -1.36224e-05 0)
(0.000103131 -1.57611e-05 0)
(0.000110506 -2.18723e-05 0)
(0.000125817 -2.8296e-05 0)
(0.000147702 -3.3342e-05 0)
(0.000174096 -3.67287e-05 0)
(0.000203381 -3.891e-05 0)
(0.000234959 -4.03902e-05 0)
(0.00026898 -4.11364e-05 0)
(0.000305601 -4.06045e-05 0)
(0.00034439 -3.80575e-05 0)
(0.000384077 -3.2695e-05 0)
(0.000422109 -2.37486e-05 0)
(0.000454179 -1.17305e-05 0)
(0.000475679 -7.23505e-08 0)
(0.00048418 8.16503e-06 0)
(0.000476884 1.98867e-05 0)
(0.000443367 4.91323e-05 0)
(0.000367582 0.000104894 0)
(0.000231164 0.000174421 0)
(3.41226e-05 0.000218506 0)
(-0.000170595 0.000208533 0)
(-0.000331897 0.000160256 0)
(-0.000441581 0.00010041 0)
(-0.000505536 4.23611e-05 0)
(-0.000529302 -2.01955e-06 0)
(-0.000525503 -2.15811e-05 0)
(-0.000508337 -2.41125e-05 0)
(-0.000473347 -2.67237e-05 0)
(-0.000404828 -3.1248e-05 0)
(-0.000312173 -3.14022e-05 0)
(-0.000203344 -5.03617e-05 0)
(-8.84981e-05 -0.000105581 0)
(5.26087e-05 -0.000194371 0)
(0.000252927 -0.000268927 0)
(0.000474737 -0.000240744 0)
(0.000611593 -0.000109734 0)
(0.000649288 -2.32519e-06 0)
(0.000667062 3.6112e-05 0)
(0.000702033 4.04265e-05 0)
(0.000757443 1.31638e-05 0)
(0.0008429 -6.32151e-05 0)
(0.000972328 -0.000174945 0)
(0.00114734 -0.000269318 0)
(0.00134187 -0.000290706 0)
(0.00150518 -0.000235776 0)
(0.00160786 -0.000160202 0)
(0.00166756 -0.000113535 0)
(0.00171305 -9.54783e-05 0)
(0.00175282 -8.31873e-05 0)
(0.00178192 -6.5981e-05 0)
(0.0017969 -4.68122e-05 0)
(0.0017989 -2.96731e-05 0)
(0.00179005 -1.47704e-05 0)
(0.00177067 4.18416e-07 0)
(0.00173868 1.83401e-05 0)
(0.0016911 4.00714e-05 0)
(0.00162455 6.65585e-05 0)
(0.00153487 9.89923e-05 0)
(0.00141703 0.000138119 0)
(0.0012659 0.000184044 0)
(0.0010771 0.000236048 0)
(0.00084864 0.000292752 0)
(0.000580532 0.000353691 0)
(0.00026211 0.000417898 0)
(-0.000120822 0.000460368 0)
(-0.000513762 0.000462978 0)
(-0.000886843 0.00044675 0)
(-0.00124911 0.000418703 0)
(-0.00159056 0.000374542 0)
(-0.00189335 0.000313893 0)
(-0.00214256 0.000241723 0)
(-0.00233061 0.000165418 0)
(-0.00245729 9.07737e-05 0)
(-0.00252606 2.11532e-05 0)
(-0.0025436 -4.46725e-05 0)
(-0.00250909 -0.000107182 0)
(-0.00242769 -0.000163678 0)
(-0.00230443 -0.000212426 0)
(-0.00214611 -0.000251496 0)
(-0.00196088 -0.000280136 0)
(-0.00175685 -0.000299459 0)
(-0.00154038 -0.000312082 0)
(-0.00131518 -0.000320663 0)
(-0.0010821 -0.000326372 0)
(-0.000842409 -0.000324969 0)
(-0.000601917 -0.000315342 0)
(-0.000355527 -0.000293893 0)
(-0.000114038 -0.000224225 0)
(6.75596e-05 -0.000102101 0)
(0.000166831 1.4287e-06 0)
(0.000205065 5.89429e-05 0)
(0.000201467 9.24294e-05 0)
(0.000165179 0.000115851 0)
(9.97971e-05 0.000128118 0)
(-9.26705e-06 0.000116465 0)
(8.96098e-05 7.41335e-05 0)
(-3.04467e-06 0.000154836 0)
(-0.000102417 3.68999e-05 0)
(-0.000149686 -0.000183564 0)
(-0.000151695 -0.000425039 0)
(-0.000122986 -0.000645306 0)
(-7.5371e-05 -0.000816509 0)
(-1.801e-05 -0.000923209 0)
(4.59653e-05 -0.000960771 0)
(0.00011222 -0.000921426 0)
(0.00017183 -0.00080505 0)
(0.00021478 -0.000617441 0)
(0.00020783 -0.000373568 0)
(0.000120315 -0.000137374 0)
(1.17865e-05 8.55432e-06 0)
(-2.92356e-05 6.41132e-05 0)
(-1.27963e-05 8.56333e-05 0)
(1.71269e-05 0.000120792 0)
(2.32912e-05 0.000169587 0)
(2.04701e-06 0.000201946 0)
(-2.94519e-05 0.000198361 0)
(-4.79773e-05 0.000163195 0)
(-4.64045e-05 0.000114567 0)
(-3.14414e-05 6.62325e-05 0)
(-1.23455e-05 2.6814e-05 0)
(3.66848e-06 1.16943e-06 0)
(1.53944e-05 -1.20709e-05 0)
(2.60865e-05 -1.34657e-05 0)
(3.74328e-05 -2.68527e-06 0)
(5.06464e-05 2.07567e-05 0)
(6.69599e-05 6.17439e-05 0)
(8.00056e-05 0.000124625 0)
(7.84581e-05 0.000204399 0)
(5.44333e-05 0.000283847 0)
(1.31982e-05 0.000337618 0)
(-3.47734e-05 0.000346564 0)
(-8.18181e-05 0.000302597 0)
(-0.000120031 0.000208763 0)
(-0.0001333 7.47186e-05 0)
(-9.23684e-05 -7.7901e-05 0)
(1.48687e-05 -0.000174935 0)
(8.34313e-05 -0.000197444 0)
(9.26937e-05 -0.000201326 0)
(6.44023e-05 -0.00017065 0)
(-4.53249e-05 -0.000113762 0)
(-0.000201014 -9.6028e-05 0)
(-0.000295526 -0.00013598 0)
(-0.00028617 -0.000188184 0)
(-0.000177017 -0.000204133 0)
(-1.57109e-06 -0.000135653 0)
(0.000166118 1.73392e-05 0)
(0.000241973 0.000223558 0)
(0.000215267 0.000408255 0)
(0.000185656 0.000540033 0)
(0.000180171 0.000662977 0)
(0.000172632 0.000786943 0)
(0.000166396 0.000901934 0)
(0.000161221 0.0010126 0)
(0.000155507 0.00111777 0)
(0.000150445 0.00121767 0)
(0.000145344 0.0013131 0)
(0.000140499 0.00140386 0)
(0.000135816 0.0014905 0)
(0.000131226 0.00157311 0)
(0.00012674 0.00165192 0)
(0.000122254 0.00172713 0)
(0.000117753 0.00179888 0)
(0.000113174 0.00186736 0)
(0.000108484 0.00193271 0)
(0.000103648 0.00199511 0)
(9.86319e-05 0.00205474 0)
(9.34074e-05 0.00211178 0)
(8.79525e-05 0.00216644 0)
(8.22794e-05 0.00221891 0)
(7.64656e-05 0.00226942 0)
(7.07017e-05 0.0023182 0)
(6.53137e-05 0.00236547 0)
(6.07312e-05 0.00241129 0)
(5.73723e-05 0.00245544 0)
(5.54514e-05 0.00249705 0)
(5.46916e-05 0.00253435 0)
(5.39664e-05 0.00256438 0)
(5.14797e-05 0.00258294 0)
(4.37777e-05 0.00258496 0)
(2.73632e-05 0.0025647 0)
(4.70764e-07 0.00251836 0)
(-3.76209e-05 0.00244472 0)
(-8.56407e-05 0.00234664 0)
(-0.000140099 0.00223164 0)
(-0.000192833 0.0021136 0)
(-0.000231448 0.00201968 0)
(-0.000251719 0.00199416 0)
(-0.000274666 0.00207291 0)
(-0.000323443 0.00224468 0)
(-0.000374965 0.002445 0)
(-0.00032688 0.00259331 0)
(2.18259e-05 0.00280414 0)
(0.00141177 0.00415696 0)
(0.00264885 0.00401073 0)
(0.00297057 0.00504427 0)
(0.00240406 0.00697488 0)
(0.00121656 0.00695236 0)
(0.000898219 0.00662754 0)
(0.000773313 0.00691374 0)
(0.000371404 0.00710623 0)
(0.000117116 0.00696143 0)
(3.27058e-05 0.00689333 0)
(-0.000110658 0.00685568 0)
(-0.000227172 0.00671567 0)
(-0.000271269 0.00657515 0)
(-0.000322769 0.00645288 0)
(-0.000368037 0.00630015 0)
(-0.00038442 0.00614345 0)
(-0.000398221 0.00599772 0)
(-0.000411123 0.00584603 0)
(-0.000413595 0.00569361 0)
(-0.000413167 0.00554832 0)
(-0.000413101 0.00540497 0)
(-0.000410078 0.00526317 0)
(-0.000405475 0.00512609 0)
(-0.000401207 0.00499269 0)
(-0.000396552 0.00486193 0)
(-0.000391429 0.00473457 0)
(-0.000386464 0.00461059 0)
(-0.000381639 0.00448948 0)
(-0.000376818 0.00437124 0)
(-0.000372118 0.00425589 0)
(-0.000367585 0.00414326 0)
(-0.000363192 0.00403325 0)
(-0.000358964 0.00392581 0)
(-0.000354944 0.00382085 0)
(-0.000351157 0.00371827 0)
(-0.000347637 0.00361798 0)
(-0.000344427 0.00351988 0)
(-0.000341563 0.00342384 0)
(-0.000339078 0.00332975 0)
(-0.000337002 0.00323747 0)
(-0.000335358 0.00314687 0)
(-0.000334161 0.00305782 0)
(-0.000333419 0.00297017 0)
(-0.000333131 0.00288381 0)
(-0.000333292 0.0027986 0)
(-0.000333889 0.00271442 0)
(-0.000334905 0.00263117 0)
(-0.000336319 0.00254874 0)
(-0.000338106 0.00246705 0)
(-0.000340238 0.00238601 0)
(-0.000342684 0.00230556 0)
(-0.000345414 0.00222563 0)
(-0.000348391 0.00214618 0)
(-0.000351583 0.00206716 0)
(-0.000354951 0.00198854 0)
(-0.00035846 0.00191032 0)
(-0.000362071 0.00183248 0)
(-0.000365747 0.00175503 0)
(-0.000369449 0.00167797 0)
(-0.000373138 0.00160134 0)
(-0.000376777 0.00152516 0)
(-0.00038033 0.00144948 0)
(-0.00038376 0.00137435 0)
(-0.000387033 0.00129983 0)
(-0.000390117 0.00122599 0)
(-0.000392978 0.00115291 0)
(-0.000395588 0.00108066 0)
(-0.000397919 0.00100933 0)
(-0.000399943 0.000939028 0)
(-0.000401637 0.000869834 0)
(-0.000402978 0.000801852 0)
(-0.000403945 0.000735182 0)
(-0.000404523 0.000669926 0)
(-0.000404698 0.000606186 0)
(-0.000404465 0.000544062 0)
(-0.000403824 0.00048365 0)
(-0.000402787 0.000425041 0)
(-0.000401378 0.00036832 0)
(-0.000399637 0.000313563 0)
(-0.000397631 0.00026084 0)
(-0.000395463 0.000210217 0)
(-0.000393296 0.000161774 0)
(-0.000391389 0.000115607 0)
(-0.000390153 7.18663e-05 0)
(-0.00039023 3.07736e-05 0)
(-0.000392607 -7.37056e-06 0)
(-0.000398733 -4.22568e-05 0)
(-0.00041057 -7.38197e-05 0)
(-0.000430419 -0.000102787 0)
(-0.000460333 -0.000131414 0)
(-0.00050104 -0.000164091 0)
(-0.000550657 -0.000207417 0)
(-0.000603566 -0.000268911 0)
(-0.000650421 -0.000353516 0)
(-0.000680491 -0.000459315 0)
(-0.000686445 -0.000575059 0)
(-0.000668281 -0.000685358 0)
(-0.000632729 -0.000778676 0)
(-0.000590503 -0.000850239 0)
(-0.000551019 -0.00090113 0)
(-0.000522239 -0.000937469 0)
(-0.000496208 -0.000930292 0)
(-0.000558732 -0.000443635 0)
)
;
    }
    frontAndBack
    {
        type            empty;
    }
}


// ************************************************************************* //
