/*--------------------------------*- C++ -*----------------------------------*\
  =========                 |
  \\      /  F ield         | OpenFOAM: The Open Source CFD Toolbox
   \\    /   O peration     | Website:  https://openfoam.org
    \\  /    A nd           | Version:  7
     \\/     M anipulation  |
\*---------------------------------------------------------------------------*/
FoamFile
{
    version     2.0;
    format      ascii;
    class       volScalarField;
    location    "0.47";
    object      yPlus;
}
// * * * * * * * * * * * * * * * * * * * * * * * * * * * * * * * * * * * * * //

dimensions      [0 0 0 0 0 0 0];

internalField   uniform 0;

boundaryField
{
    velocityInlet
    {
        type            calculated;
        value           uniform 0;
    }
    pressureOutlet
    {
        type            calculated;
        value           uniform 0;
    }
    fixedWalls
    {
        type            calculated;
        value           nonuniform List<scalar> 
100
(
1.52724
0.542352
0.562212
0.165926
0.497898
0.624775
0.667448
0.653814
0.594609
0.491308
0.339429
0.14539
0.227776
0.557491
0.970609
1.32761
1.56541
1.60239
1.16075
1.0415
1.71286
1.86458
1.67428
1.2254
0.447901
0.862871
1.11693
1.20015
1.21009
1.1882
1.15292
1.11945
1.10898
1.1279
1.14394
1.10567
0.984968
0.804767
0.631485
0.535657
0.527143
0.552854
0.572425
0.575421
0.567836
0.561089
0.564986
0.583273
0.613093
0.648181
0.682294
0.710688
0.730311
0.739893
0.740272
0.734638
0.728158
0.726529
0.73429
0.753657
0.783767
0.8199
0.853564
0.874373
0.87232
0.838751
0.76484
0.636939
0.426585
0.208129
0.443896
0.471804
0.339369
0.273846
0.529619
0.673837
0.761067
0.812566
0.843309
0.864009
0.880808
0.893798
0.896599
0.87863
0.829631
0.743637
0.619273
0.454224
0.227123
0.223589
0.268012
0.10441
0.326782
0.495487
0.609897
0.692311
0.74898
0.78493
0.822456
0.780328
)
;
    }
    bottomWall
    {
        type            calculated;
        value           nonuniform List<scalar> 
800
(
2.94479
1.98391
1.61344
1.44033
1.35521
1.29658
1.24765
1.20655
1.17202
1.14246
1.11666
1.09383
1.07342
1.05502
1.03832
1.02306
1.00904
0.996109
0.984126
0.972982
0.962585
0.952855
0.943724
0.935134
0.927036
0.919386
0.912143
0.905277
0.898754
0.892551
0.886643
0.881006
0.875624
0.870479
0.865553
0.860835
0.856309
0.851965
0.847792
0.843778
0.839916
0.836197
0.832613
0.829157
0.825821
0.822601
0.819489
0.816483
0.813572
0.810758
0.808399
0.806445
0.804512
0.802603
0.80072
0.798861
0.797025
0.795211
0.79342
0.791651
0.789902
0.788175
0.786468
0.78478
0.783113
0.781465
0.779836
0.778225
0.776634
0.775059
0.773502
0.771963
0.770441
0.768934
0.767444
0.765971
0.764513
0.763071
0.761644
0.760232
0.758835
0.757452
0.756084
0.75473
0.753389
0.752062
0.750748
0.749448
0.748161
0.746886
0.745623
0.744373
0.743136
0.741911
0.740697
0.739494
0.738303
0.737124
0.735955
0.734798
0.73365
0.732514
0.731389
0.730273
0.729168
0.728071
0.726986
0.72591
0.724845
0.723787
0.72274
0.721701
0.720672
0.719652
0.71864
0.717638
0.716643
0.715658
0.71468
0.713711
0.712749
0.711795
0.710851
0.709913
0.708983
0.70806
0.707145
0.706237
0.705337
0.704444
0.703557
0.702679
0.701807
0.70094
0.700081
0.69923
0.698384
0.697544
0.696711
0.695884
0.695063
0.694249
0.69344
0.692637
0.691841
0.691049
0.690265
0.689485
0.68871
0.687942
0.687296
0.686768
0.686239
0.685708
0.685175
0.684643
0.684109
0.683573
0.683038
0.6825
0.681962
0.681423
0.680881
0.680341
0.679797
0.679253
0.678709
0.678163
0.677615
0.677067
0.676518
0.675968
0.675417
0.674865
0.674311
0.673757
0.673201
0.672644
0.672086
0.671528
0.670968
0.670408
0.669847
0.669284
0.66872
0.668155
0.66759
0.667023
0.666456
0.665887
0.665317
0.664746
0.664174
0.663602
0.663028
0.662454
0.661878
0.661302
0.660723
0.660145
0.659566
0.658985
0.658402
0.65782
0.657235
0.656651
0.656064
0.655478
0.65489
0.6543
0.65371
0.653117
0.652525
0.65193
0.651336
0.650739
0.650142
0.649543
0.648942
0.648341
0.647738
0.647133
0.646527
0.64592
0.645311
0.644702
0.644089
0.643476
0.642861
0.642245
0.641627
0.641006
0.640386
0.639758
0.639137
0.638502
0.637883
0.637234
0.636623
0.635948
0.635362
0.634639
0.634107
0.633293
0.63287
0.631891
0.631664
0.630431
0.630486
0.628917
2.94479
1.98393
1.61351
1.44047
1.35542
1.29688
1.24805
1.20706
1.17266
1.14324
1.1176
1.09495
1.07473
1.05655
1.04009
1.02509
1.01136
0.998735
0.987088
0.976306
0.966301
0.956995
0.948323
0.940234
0.932677
0.925616
0.919016
0.912848
0.907092
0.901726
0.896737
0.892113
0.887847
0.883936
0.880378
0.877187
0.874358
0.871937
0.869892
0.868359
0.867193
0.866793
0.866638
0.867858
0.86889
0.87264
0.875271
0.882567
0.891834
0.85944
0.700848
0.821018
0.627786
1.32345
1.69086
1.80488
1.68913
1.39802
0.935535
0.92905
1.39556
1.49912
1.21797
0.987574
0.966639
1.57141
2.69787
3.65141
4.247
4.55181
4.64384
4.57081
4.38183
4.09431
3.73163
3.30801
2.82637
2.27296
1.60014
1.0411
1.69437
2.26785
2.70678
3.06862
3.38052
3.65741
3.90217
4.1191
4.31104
4.48002
4.62758
4.75499
4.86331
4.95352
5.02637
5.08272
5.12302
5.14795
5.15805
5.15253
5.13221
5.09738
5.04782
4.98347
4.90417
4.80957
4.69904
4.5717
4.42642
4.26184
4.07638
3.86838
3.63618
3.37881
3.09469
2.78311
2.44263
2.0696
1.66661
1.28959
1.15851
1.30876
1.45038
1.49186
1.44106
1.3172
1.14064
0.999884
1.01094
1.10522
1.18732
1.24417
1.27355
1.26689
1.22979
1.18396
1.15153
1.13087
1.10704
1.06989
1.0222
0.969273
0.909807
0.837639
0.750546
0.655038
0.561975
0.518791
0.630596
0.849843
1.10091
1.35122
1.58444
1.79035
1.96056
2.08914
2.17373
2.21575
2.21553
2.17672
2.10656
2.01189
1.9018
1.7877
1.68203
1.59837
1.54856
1.53261
1.53536
1.53473
1.50836
1.43597
1.29088
1.03173
0.665866
0.963484
1.36318
1.67614
1.93087
2.14209
2.31825
2.46417
2.58281
2.67612
2.74564
2.79281
2.81889
2.82437
2.80904
2.77411
2.71953
2.64537
2.55143
2.43692
2.30062
2.14106
1.95749
1.75343
1.5477
1.40192
1.41366
1.57736
1.8013
2.02647
2.23779
2.43196
2.60912
2.77026
2.91645
3.04865
3.16774
3.27447
3.36952
3.45349
3.52696
3.59042
3.64432
3.68905
3.725
3.75248
3.77182
3.78321
3.78726
3.7832
3.77096
3.75074
3.72628
3.69467
3.65481
3.60683
3.5508
3.48683
3.41502
3.33548
3.24839
3.15388
3.05213
2.94332
2.82767
2.70525
2.57603
2.44141
2.30164
2.15635
2.00865
1.86564
1.74301
1.68897
1.84656
2.34022
0.620292
1.01493
0.961404
0.568535
1.76091
2.68874
3.23954
3.42203
3.3653
3.11335
2.6507
1.9713
1.80539
2.62871
3.2985
3.79162
4.15854
4.42903
4.61931
4.73065
4.76654
4.70973
4.54741
4.26225
3.81214
3.18809
2.42183
1.5613
1.51164
2.19992
2.72754
3.11749
3.39743
3.56299
3.61173
3.5494
3.39164
3.18406
3.02637
2.97293
3.02292
3.1673
3.40691
3.70163
3.9871
4.23035
4.43658
4.61794
4.77156
4.89272
4.98556
5.05486
5.10099
5.12309
5.12025
5.09257
5.03873
4.95589
4.84132
4.69036
4.49746
4.25464
3.95119
3.57148
3.09084
2.46755
1.69053
1.84267
2.70042
3.40919
3.99714
4.49243
4.90954
5.25661
5.53977
5.76464
5.93733
6.06444
6.15341
6.21071
6.2426
6.2519
6.23832
6.19934
6.11115
5.97742
5.7218
5.34226
4.79635
3.6222
1.37896
2.05997
2.5645
2.53533
2.14682
1.74575
1.34753
1.00378
0.768115
0.506236
0.571979
0.536489
0.59678
1.13999
1.55975
1.84874
1.99969
1.99911
1.85356
1.56825
1.1299
0.706362
1.24161
1.63681
1.9042
2.10618
2.27269
2.41167
2.50039
2.49638
2.3862
2.20289
1.9336
1.54763
0.955439
1.16492
1.88287
2.44487
2.88419
3.18229
3.31259
3.25817
3.00888
2.55457
1.90777
1.11788
1.15183
1.43963
1.36473
1.22094
1.19104
1.33097
1.69369
2.03808
2.34942
2.63835
2.78261
2.45396
1.70451
1.81517
2.40416
2.7609
2.92557
2.85238
2.51159
1.77105
1.47322
2.85196
3.91179
4.66127
5.08693
5.35146
5.57956
5.78946
5.9331
6.0407
6.1309
6.19421
6.24099
6.27751
6.30292
6.32156
6.3363
6.34734
6.35662
6.36529
6.37328
6.38105
6.38857
6.3952
6.40037
6.40343
6.4035
6.39999
6.39256
6.38084
6.36484
6.34474
6.32088
6.29371
6.26374
6.23146
6.19736
6.1619
6.12551
6.08862
6.05163
6.01496
5.97902
5.94422
5.91095
5.87962
5.85057
5.82411
5.80049
5.7799
5.76247
5.74827
5.7373
5.72951
5.72477
5.72285
5.7234
5.72585
5.7295
5.73342
5.73652
5.73764
5.73523
5.72797
5.71521
5.69674
5.67275
5.64376
5.61035
5.57298
5.53194
5.48742
5.43954
5.38843
5.33423
5.27703
5.21695
5.15408
5.08848
5.02021
4.94932
4.87584
4.79977
4.72114
4.63991
4.55609
4.46964
4.3805
4.28861
4.19389
4.09626
3.9956
3.89179
3.78466
3.67406
3.5598
3.44163
3.31931
3.19255
3.06103
2.92439
2.78224
2.63423
2.48005
2.31969
2.16005
2.00441
1.84913
1.70582
1.59978
1.56611
1.61944
1.73595
1.88049
2.03121
2.17888
2.32038
2.45522
2.58379
2.71278
2.83753
2.95691
3.07167
3.18261
3.29059
3.39659
3.50171
3.60721
3.71453
3.82521
3.94077
4.06253
4.19139
4.32754
4.47049
4.61912
4.77204
4.92786
5.08605
5.24552
5.41086
5.56932
5.76157
5.86964
)
;
    }
    frontAndBack
    {
        type            empty;
    }
}


// ************************************************************************* //
