/*--------------------------------*- C++ -*----------------------------------*\
  =========                 |
  \\      /  F ield         | OpenFOAM: The Open Source CFD Toolbox
   \\    /   O peration     | Website:  https://openfoam.org
    \\  /    A nd           | Version:  7
     \\/     M anipulation  |
\*---------------------------------------------------------------------------*/
FoamFile
{
    version     2.0;
    format      ascii;
    class       volVectorField;
    location    "0.15";
    object      wallShearStress;
}
// * * * * * * * * * * * * * * * * * * * * * * * * * * * * * * * * * * * * * //

dimensions      [0 2 -2 0 0 0 0];

internalField   uniform (0 0 0);

boundaryField
{
    velocityInlet
    {
        type            calculated;
        value           uniform (0 0 0);
    }
    pressureOutlet
    {
        type            calculated;
        value           uniform (0 0 0);
    }
    fixedWalls
    {
        type            calculated;
        value           nonuniform List<vector> 
100
(
(-0.0174205 -0.00752134 0)
(0.00690441 -0.00122772 0)
(-0.00109939 0.000513482 0)
(0.00186441 -0.000260063 0)
(0.00306446 -0.000387023 0)
(0.0051117 -0.000255207 0)
(0.00502355 2.41913e-05 0)
(0.00370308 0.000253597 0)
(0.00166739 0.000311848 0)
(-0.00013668 0.000262428 0)
(-0.00135786 0.000165989 0)
(-0.00194596 7.692e-05 0)
(-0.00207526 1.80093e-05 0)
(-0.00196418 -1.44026e-05 0)
(-0.0017459 -3.19948e-05 0)
(-0.00144798 -4.94744e-05 0)
(-0.00105953 -6.80202e-05 0)
(-0.00060254 -8.00268e-05 0)
(-0.000142494 -7.92499e-05 0)
(0.000239411 -6.56702e-05 0)
(0.000469515 -4.22747e-05 0)
(0.000506471 -1.31174e-05 0)
(0.000340373 1.86147e-05 0)
(-7.48612e-05 5.44499e-05 0)
(-0.000828628 0.000105408 0)
(-0.00185529 0.000144968 0)
(-0.00280113 0.000134711 0)
(-0.00320106 6.62297e-05 0)
(-0.002765 -6.01393e-05 0)
(-0.00162998 -0.000156743 0)
(-0.00032434 -0.000174098 0)
(0.000597004 -0.000116431 0)
(0.000823932 -2.24929e-05 0)
(0.000410628 5.89104e-05 0)
(-0.000354509 8.99118e-05 0)
(-0.00115724 9.30724e-05 0)
(-0.00180056 7.00141e-05 0)
(-0.00224365 4.45805e-05 0)
(-0.00254308 2.68934e-05 0)
(-0.0027992 2.12773e-05 0)
(-0.00311742 3.06914e-05 0)
(-0.00358195 5.31974e-05 0)
(-0.004233 8.34185e-05 0)
(-0.00502928 0.000109582 0)
(-0.00571011 0.000105365 0)
(-0.00571063 2.26195e-05 0)
(-0.00444747 -0.000150015 0)
(-0.00171574 -0.000360875 0)
(0.00179272 -0.00041673 0)
(0.00469322 -0.000349292 0)
(0.00601497 -0.000146466 0)
(0.00540892 8.28483e-05 0)
(0.00338785 0.000221657 0)
(0.000884794 0.000245028 0)
(-0.00136299 0.000201451 0)
(-0.00303785 0.000139416 0)
(-0.00417783 9.3757e-05 0)
(-0.00499222 7.40593e-05 0)
(-0.00568951 7.62626e-05 0)
(-0.00638484 8.78692e-05 0)
(-0.00702613 9.15827e-05 0)
(-0.00737463 7.59864e-05 0)
(-0.00704673 -5.84459e-06 0)
(-0.00563508 -0.000143711 0)
(-0.0030094 -0.000303723 0)
(0.000405535 -0.000387315 0)
(0.00339975 -0.000322069 0)
(0.00480416 -0.000141016 0)
(0.00428786 7.12651e-05 0)
(0.00245985 0.000184458 0)
(0.000283829 0.000199505 0)
(-0.00157764 0.000157811 0)
(-0.00286089 0.000101083 0)
(-0.00363595 5.82351e-05 0)
(-0.00411432 3.7001e-05 0)
(-0.00448504 3.24037e-05 0)
(-0.00484572 3.40921e-05 0)
(-0.00521522 3.57968e-05 0)
(-0.00560444 4.08523e-05 0)
(-0.00605422 5.34432e-05 0)
(-0.00655938 6.65505e-05 0)
(-0.00694249 6.60519e-05 0)
(-0.00681374 1.86015e-05 0)
(-0.00570552 -8.76186e-05 0)
(-0.00324406 -0.000247457 0)
(0.000395086 -0.000350926 0)
(0.0039698 -0.000339244 0)
(0.00619311 -0.000200493 0)
(0.00639923 -2.26693e-06 0)
(0.00488428 0.000140555 0)
(0.00262001 0.000190427 0)
(0.000397358 0.000173684 0)
(-0.00133074 0.000128602 0)
(-0.00246772 8.09749e-05 0)
(-0.00310198 4.44935e-05 0)
(-0.00338921 1.99452e-05 0)
(-0.00343 3.918e-06 0)
(-0.00331788 -7.8315e-06 0)
(-0.00312786 -1.45945e-05 0)
(-0.00279893 -1.49412e-05 0)
)
;
    }
    bottomWall
    {
        type            calculated;
        value           nonuniform List<vector> 
800
(
(-0.0353489 0.00214397 0)
(-0.016027 0.000524811 0)
(-0.010609 0.000100688 0)
(-0.00845787 3.52314e-05 0)
(-0.00748904 1.98303e-05 0)
(-0.00685628 1.60892e-05 0)
(-0.00634982 1.33215e-05 0)
(-0.0059397 1.08645e-05 0)
(-0.00560598 9.04208e-06 0)
(-0.00532819 7.72542e-06 0)
(-0.00509174 6.72854e-06 0)
(-0.0048872 5.94121e-06 0)
(-0.00470807 5.30337e-06 0)
(-0.00454962 4.77759e-06 0)
(-0.00440828 4.33813e-06 0)
(-0.00428126 3.96629e-06 0)
(-0.00416638 3.64819e-06 0)
(-0.00406188 3.37337e-06 0)
(-0.00396637 3.13395e-06 0)
(-0.00387867 2.92387e-06 0)
(-0.00379782 2.73836e-06 0)
(-0.00372302 2.57335e-06 0)
(-0.0036536 2.42578e-06 0)
(-0.00358897 2.29338e-06 0)
(-0.00352863 2.17396e-06 0)
(-0.00347216 2.0656e-06 0)
(-0.0034192 1.96714e-06 0)
(-0.0033694 1.87745e-06 0)
(-0.00332249 1.7952e-06 0)
(-0.00327822 1.71968e-06 0)
(-0.00323636 1.65028e-06 0)
(-0.00319672 1.58609e-06 0)
(-0.00315913 1.52678e-06 0)
(-0.00312341 1.4718e-06 0)
(-0.00308945 1.42061e-06 0)
(-0.0030571 1.37296e-06 0)
(-0.00302626 1.32856e-06 0)
(-0.0029968 1.28718e-06 0)
(-0.00296866 1.24841e-06 0)
(-0.00294172 1.212e-06 0)
(-0.00291593 1.17776e-06 0)
(-0.0028912 1.1457e-06 0)
(-0.00286747 1.11549e-06 0)
(-0.00284468 1.087e-06 0)
(-0.00282277 1.06012e-06 0)
(-0.00280171 1.03454e-06 0)
(-0.00278141 1.0108e-06 0)
(-0.00276188 9.87452e-07 0)
(-0.00274303 9.66636e-07 0)
(-0.00272487 9.44196e-07 0)
(-0.00270968 9.25888e-07 0)
(-0.00269713 9.15816e-07 0)
(-0.00268473 9.02559e-07 0)
(-0.00267252 8.88294e-07 0)
(-0.0026605 8.75175e-07 0)
(-0.00264865 8.628e-07 0)
(-0.00263697 8.50642e-07 0)
(-0.00262545 8.38554e-07 0)
(-0.0026141 8.26892e-07 0)
(-0.0026029 8.15652e-07 0)
(-0.00259185 8.04658e-07 0)
(-0.00258096 7.93741e-07 0)
(-0.00257021 7.83229e-07 0)
(-0.0025596 7.72955e-07 0)
(-0.00254914 7.62749e-07 0)
(-0.00253881 7.53108e-07 0)
(-0.0025286 7.43365e-07 0)
(-0.00251854 7.3385e-07 0)
(-0.0025086 7.24894e-07 0)
(-0.00249878 7.1583e-07 0)
(-0.00248909 7.06987e-07 0)
(-0.00247951 6.98366e-07 0)
(-0.00247006 6.89798e-07 0)
(-0.00246072 6.81615e-07 0)
(-0.00245149 6.73647e-07 0)
(-0.00244236 6.65728e-07 0)
(-0.00243335 6.57855e-07 0)
(-0.00242444 6.50193e-07 0)
(-0.00241564 6.42909e-07 0)
(-0.00240693 6.35668e-07 0)
(-0.00239832 6.283e-07 0)
(-0.00238982 6.21305e-07 0)
(-0.0023814 6.14515e-07 0)
(-0.00237309 6.07596e-07 0)
(-0.00236486 6.01046e-07 0)
(-0.00235672 5.9453e-07 0)
(-0.00234868 5.88049e-07 0)
(-0.00234072 5.81934e-07 0)
(-0.00233284 5.75683e-07 0)
(-0.00232505 5.69631e-07 0)
(-0.00231734 5.63776e-07 0)
(-0.00230971 5.57784e-07 0)
(-0.00230216 5.52154e-07 0)
(-0.00229469 5.46553e-07 0)
(-0.00228729 5.40811e-07 0)
(-0.00227998 5.3543e-07 0)
(-0.00227273 5.30076e-07 0)
(-0.00226556 5.24914e-07 0)
(-0.00225845 5.19775e-07 0)
(-0.00225142 5.14494e-07 0)
(-0.00224447 5.09403e-07 0)
(-0.00223758 5.04501e-07 0)
(-0.00223075 4.99788e-07 0)
(-0.00222399 4.9493e-07 0)
(-0.0022173 4.90258e-07 0)
(-0.00221067 4.85608e-07 0)
(-0.0022041 4.80977e-07 0)
(-0.0021976 4.76532e-07 0)
(-0.00219116 4.72106e-07 0)
(-0.00218477 4.67698e-07 0)
(-0.00217845 4.63308e-07 0)
(-0.00217219 4.59103e-07 0)
(-0.00216598 4.54914e-07 0)
(-0.00215983 4.50741e-07 0)
(-0.00215374 4.46751e-07 0)
(-0.0021477 4.42778e-07 0)
(-0.00214172 4.38653e-07 0)
(-0.0021358 4.34875e-07 0)
(-0.00212992 4.30945e-07 0)
(-0.0021241 4.2703e-07 0)
(-0.00211833 4.23461e-07 0)
(-0.00211261 4.19738e-07 0)
(-0.00210694 4.16028e-07 0)
(-0.00210132 4.12329e-07 0)
(-0.00209575 4.08809e-07 0)
(-0.00209023 4.05301e-07 0)
(-0.00208476 4.01803e-07 0)
(-0.00207933 3.98317e-07 0)
(-0.00207396 3.95007e-07 0)
(-0.00206862 3.91543e-07 0)
(-0.00206334 3.88088e-07 0)
(-0.0020581 3.84976e-07 0)
(-0.0020529 3.81708e-07 0)
(-0.00204775 3.78451e-07 0)
(-0.00204264 3.75371e-07 0)
(-0.00203757 3.72134e-07 0)
(-0.00203255 3.69074e-07 0)
(-0.00202757 3.66023e-07 0)
(-0.00202263 3.62819e-07 0)
(-0.00201774 3.59951e-07 0)
(-0.00201288 3.57105e-07 0)
(-0.00200806 3.54082e-07 0)
(-0.00200328 3.51268e-07 0)
(-0.00199854 3.48415e-07 0)
(-0.00199384 3.45476e-07 0)
(-0.00198918 3.42778e-07 0)
(-0.00198455 3.40063e-07 0)
(-0.00197997 3.37163e-07 0)
(-0.00197541 3.34672e-07 0)
(-0.0019709 3.31875e-07 0)
(-0.00196711 3.2931e-07 0)
(-0.00196401 3.27823e-07 0)
(-0.00196091 3.25946e-07 0)
(-0.00195781 3.24211e-07 0)
(-0.00195469 3.22523e-07 0)
(-0.00195157 3.20647e-07 0)
(-0.00194845 3.18775e-07 0)
(-0.00194533 3.16916e-07 0)
(-0.0019422 3.15294e-07 0)
(-0.00193907 3.1345e-07 0)
(-0.00193593 3.11619e-07 0)
(-0.00193279 3.10022e-07 0)
(-0.00192964 3.08198e-07 0)
(-0.0019265 3.06394e-07 0)
(-0.00192334 3.04586e-07 0)
(-0.00192019 3.02796e-07 0)
(-0.00191703 3.01229e-07 0)
(-0.00191386 2.99452e-07 0)
(-0.00191069 2.9747e-07 0)
(-0.00190753 2.95917e-07 0)
(-0.00190435 2.94167e-07 0)
(-0.00190118 2.92423e-07 0)
(-0.00189799 2.90677e-07 0)
(-0.00189481 2.88952e-07 0)
(-0.00189162 2.87425e-07 0)
(-0.00188843 2.85508e-07 0)
(-0.00188523 2.83802e-07 0)
(-0.00188204 2.82102e-07 0)
(-0.00187884 2.80412e-07 0)
(-0.00187563 2.78734e-07 0)
(-0.00187243 2.76854e-07 0)
(-0.00186922 2.75198e-07 0)
(-0.00186601 2.73723e-07 0)
(-0.00186279 2.72076e-07 0)
(-0.00185957 2.70245e-07 0)
(-0.00185636 2.68608e-07 0)
(-0.00185313 2.66988e-07 0)
(-0.00184991 2.65373e-07 0)
(-0.00184668 2.63758e-07 0)
(-0.00184345 2.61982e-07 0)
(-0.00184022 2.6038e-07 0)
(-0.00183698 2.588e-07 0)
(-0.00183374 2.57049e-07 0)
(-0.00183051 2.55481e-07 0)
(-0.00182726 2.53927e-07 0)
(-0.00182402 2.52374e-07 0)
(-0.00182077 2.50841e-07 0)
(-0.00181752 2.4914e-07 0)
(-0.00181427 2.47612e-07 0)
(-0.00181101 2.4611e-07 0)
(-0.00180776 2.44596e-07 0)
(-0.0018045 2.42939e-07 0)
(-0.00180124 2.41458e-07 0)
(-0.00179797 2.39982e-07 0)
(-0.00179471 2.38362e-07 0)
(-0.00179144 2.37072e-07 0)
(-0.00178817 2.35462e-07 0)
(-0.0017849 2.34034e-07 0)
(-0.00178161 2.32603e-07 0)
(-0.00177834 2.31032e-07 0)
(-0.00177506 2.29793e-07 0)
(-0.00177177 2.28237e-07 0)
(-0.00176849 2.26867e-07 0)
(-0.00176519 2.25495e-07 0)
(-0.00176191 2.24132e-07 0)
(-0.00175861 2.22787e-07 0)
(-0.00175531 2.21433e-07 0)
(-0.001752 2.20112e-07 0)
(-0.0017487 2.18651e-07 0)
(-0.0017454 2.17488e-07 0)
(-0.00174208 2.16339e-07 0)
(-0.00173876 2.14903e-07 0)
(-0.00173545 2.13636e-07 0)
(-0.00173212 2.12521e-07 0)
(-0.0017288 2.1125e-07 0)
(-0.00172546 2.10039e-07 0)
(-0.00172213 2.08895e-07 0)
(-0.00171879 2.07748e-07 0)
(-0.00171545 2.06437e-07 0)
(-0.00171209 2.05546e-07 0)
(-0.00170874 2.0437e-07 0)
(-0.00170537 2.03509e-07 0)
(-0.00170202 2.01912e-07 0)
(-0.00169863 2.01894e-07 0)
(-0.00169527 1.99533e-07 0)
(-0.00169185 2.00613e-07 0)
(-0.00168851 1.96522e-07 0)
(-0.00168502 2.00546e-07 0)
(-0.00168174 1.92209e-07 0)
(-0.00167813 2.031e-07 0)
(-0.00167498 1.84682e-07 0)
(-0.00167113 2.1067e-07 0)
(-0.00166827 1.70557e-07 0)
(-0.00166394 2.28532e-07 0)
(-0.00166168 1.42617e-07 0)
(-0.00165649 2.65388e-07 0)
(-0.00165527 9.01955e-08 0)
(-0.00164873 3.31219e-07 0)
(-0.00164902 6.62093e-09 0)
(-0.00164074 3.64805e-07 0)
(-0.0353485 -0.00214403 0)
(-0.0160245 -0.000524922 0)
(-0.0106033 -0.00010082 0)
(-0.00844855 -3.53622e-05 0)
(-0.0074757 -1.99698e-05 0)
(-0.00683854 -1.62409e-05 0)
(-0.00632717 -1.34858e-05 0)
(-0.0059118 -1.10415e-05 0)
(-0.00557246 -9.23243e-06 0)
(-0.00528871 -7.9293e-06 0)
(-0.00504596 -6.94641e-06 0)
(-0.00483478 -6.17347e-06 0)
(-0.00464866 -5.55075e-06 0)
(-0.00448287 -5.04108e-06 0)
(-0.0043338 -4.61863e-06 0)
(-0.00419867 -4.26494e-06 0)
(-0.00407525 -3.96634e-06 0)
(-0.00396179 -3.71246e-06 0)
(-0.00385683 -3.49574e-06 0)
(-0.00375919 -3.31006e-06 0)
(-0.00366788 -3.15072e-06 0)
(-0.00358204 -3.01425e-06 0)
(-0.00350096 -2.89752e-06 0)
(-0.00342402 -2.79818e-06 0)
(-0.00335068 -2.71446e-06 0)
(-0.00328046 -2.64483e-06 0)
(-0.00321295 -2.58792e-06 0)
(-0.00314776 -2.54269e-06 0)
(-0.00308456 -2.50808e-06 0)
(-0.00302304 -2.48369e-06 0)
(-0.00296294 -2.46849e-06 0)
(-0.00290398 -2.46208e-06 0)
(-0.00284595 -2.46313e-06 0)
(-0.00278864 -2.47227e-06 0)
(-0.00273188 -2.48657e-06 0)
(-0.00267548 -2.50808e-06 0)
(-0.00261933 -2.53156e-06 0)
(-0.00256331 -2.56126e-06 0)
(-0.00250729 -2.58809e-06 0)
(-0.00245145 -2.61823e-06 0)
(-0.00239523 -2.64309e-06 0)
(-0.00233989 -2.65633e-06 0)
(-0.00228307 -2.68198e-06 0)
(-0.00222979 -2.62975e-06 0)
(-0.00217109 -2.70075e-06 0)
(-0.00212462 -2.43249e-06 0)
(-0.00205913 -2.76982e-06 0)
(-0.0020323 -1.59878e-06 0)
(-0.00194982 -5.89717e-06 0)
(-0.00184726 0.000139809 0)
(5.85093e-05 -3.07985e-05 0)
(4.92787e-05 -0.000149633 0)
(6.99797e-06 -0.000216519 0)
(-1.46165e-05 -0.000223328 0)
(-1.23895e-05 -0.000214367 0)
(-5.11617e-06 -0.000201881 0)
(-3.3835e-06 -0.000186047 0)
(-4.73088e-06 -0.000167549 0)
(-4.01827e-06 -0.000152444 0)
(3.13516e-07 -0.000145961 0)
(6.60402e-06 -0.000151459 0)
(1.33852e-05 -0.000167711 0)
(2.00828e-05 -0.000193236 0)
(2.69023e-05 -0.000227163 0)
(3.41486e-05 -0.000269267 0)
(4.21148e-05 -0.000319794 0)
(5.10655e-05 -0.000379394 0)
(6.11419e-05 -0.000448973 0)
(7.22151e-05 -0.000529605 0)
(8.34562e-05 -0.000622049 0)
(9.26364e-05 -0.000725639 0)
(9.65342e-05 -0.000837873 0)
(8.93437e-05 -0.000952911 0)
(6.60135e-05 -0.0010572 0)
(2.38529e-05 -0.00113327 0)
(-3.44281e-05 -0.0011626 0)
(-9.82243e-05 -0.00112387 0)
(-0.000143397 -0.00102019 0)
(-0.000126659 -0.000907771 0)
(-4.24818e-05 -0.00086866 0)
(3.46541e-05 -0.000900976 0)
(8.19592e-06 -0.000909221 0)
(-0.000115128 -0.000760613 0)
(-0.000217394 -0.000473885 0)
(-0.000255633 -0.000186177 0)
(-0.000264004 5.91833e-05 0)
(-0.00026666 0.00028151 0)
(-0.00026501 0.000494192 0)
(-0.000257914 0.000698251 0)
(-0.000243718 0.000887954 0)
(-0.000222392 0.00105798 0)
(-0.000194638 0.00120333 0)
(-0.000161829 0.00132046 0)
(-0.0001258 0.00140807 0)
(-8.84305e-05 0.0014655 0)
(-5.14249e-05 0.00149319 0)
(-1.66991e-05 0.00149271 0)
(1.47391e-05 0.0014677 0)
(4.27881e-05 0.00142097 0)
(6.71155e-05 0.0013557 0)
(8.75958e-05 0.00127512 0)
(0.000104203 0.00118244 0)
(0.000117085 0.00108068 0)
(0.000126477 0.000972616 0)
(0.000132689 0.000860746 0)
(0.000136062 0.00074723 0)
(0.000136946 0.000633922 0)
(0.000135672 0.000522356 0)
(0.000132583 0.000413792 0)
(0.000128031 0.000309238 0)
(0.000122186 0.000209516 0)
(0.000115446 0.000115172 0)
(0.000107873 2.67326e-05 0)
(0.000100378 -5.59018e-05 0)
(9.19153e-05 -0.000133031 0)
(8.21753e-05 -0.00020292 0)
(7.17431e-05 -0.00026544 0)
(6.07457e-05 -0.000320783 0)
(4.91232e-05 -0.000368908 0)
(3.68031e-05 -0.000409552 0)
(2.37806e-05 -0.000442315 0)
(1.01634e-05 -0.000466711 0)
(-3.77169e-06 -0.00048222 0)
(-1.74174e-05 -0.000488411 0)
(-3.00914e-05 -0.000485289 0)
(-4.13107e-05 -0.000473348 0)
(-5.09825e-05 -0.000453244 0)
(-5.96229e-05 -0.000426018 0)
(-6.90675e-05 -0.000393454 0)
(-8.43665e-05 -0.000357159 0)
(-0.000113331 -0.000309579 0)
(-0.000143001 -0.000229964 0)
(-0.00013023 -0.000124478 0)
(-7.24695e-05 -3.65731e-05 0)
(-1.60328e-05 1.83898e-05 0)
(2.016e-05 5.75197e-05 0)
(4.30548e-05 8.93262e-05 0)
(5.37167e-05 0.000113972 0)
(4.80187e-05 0.000136482 0)
(1.94117e-05 0.000163603 0)
(-3.1298e-05 0.000204037 0)
(-9.19042e-05 0.000263946 0)
(-0.00014564 0.000340721 0)
(-0.000182467 0.000423928 0)
(-0.000205222 0.000503741 0)
(-0.000223535 0.000578818 0)
(-0.000243584 0.00065502 0)
(-0.000264382 0.000738111 0)
(-0.000280486 0.00082931 0)
(-0.000285993 0.000925252 0)
(-0.000277354 0.00101981 0)
(-0.00025497 0.00110642 0)
(-0.000223282 0.00118027 0)
(-0.000189214 0.00124015 0)
(-0.000159288 0.0012886 0)
(-0.000136954 0.00133054 0)
(-0.000121401 0.00137064 0)
(-0.00010868 0.00141072 0)
(-9.46496e-05 0.00144906 0)
(-7.75138e-05 0.00148213 0)
(-5.80634e-05 0.00150709 0)
(-3.85002e-05 0.00152292 0)
(-2.11208e-05 0.0015305 0)
(-7.36383e-06 0.00153194 0)
(2.45096e-06 0.00152981 0)
(9.23493e-06 0.00152608 0)
(1.42692e-05 0.0015217 0)
(1.86294e-05 0.00151672 0)
(2.28079e-05 0.0015108 0)
(2.68202e-05 0.00150363 0)
(3.04488e-05 0.00149509 0)
(3.34465e-05 0.0014853 0)
(3.56222e-05 0.00147451 0)
(3.69103e-05 0.0014631 0)
(3.73507e-05 0.0014514 0)
(3.70387e-05 0.00143975 0)
(3.6105e-05 0.00142844 0)
(3.46368e-05 0.00141769 0)
(3.26854e-05 0.00140772 0)
(3.02323e-05 0.00139869 0)
(2.72018e-05 0.00139086 0)
(2.35216e-05 0.00138446 0)
(1.90411e-05 0.00137985 0)
(1.3584e-05 0.00137725 0)
(6.99048e-06 0.00137678 0)
(-9.22135e-07 0.00137869 0)
(-1.02511e-05 0.0013833 0)
(-2.08753e-05 0.0013908 0)
(-3.26304e-05 0.00140123 0)
(-4.52988e-05 0.00141459 0)
(-5.85159e-05 0.00143081 0)
(-7.18098e-05 0.00144973 0)
(-8.45776e-05 0.00147114 0)
(-9.60842e-05 0.00149468 0)
(-0.000105569 0.00151984 0)
(-0.0001123 0.00154593 0)
(-0.000115694 0.00157207 0)
(-0.000115421 0.00159732 0)
(-0.000111381 0.00162072 0)
(-0.000103706 0.00164173 0)
(-9.26729e-05 0.00165937 0)
(-7.86672e-05 0.00167305 0)
(-6.21107e-05 0.00168231 0)
(-4.33957e-05 0.00168684 0)
(-2.3208e-05 0.00168636 0)
(-1.99815e-06 0.00168121 0)
(2.03212e-05 0.0016714 0)
(4.35011e-05 0.00165679 0)
(6.73108e-05 0.00163742 0)
(9.15846e-05 0.00161326 0)
(0.000116134 0.0015844 0)
(0.000140793 0.00155088 0)
(0.000165406 0.00151282 0)
(0.000189801 0.0014703 0)
(0.000213778 0.00142348 0)
(0.000237168 0.00137253 0)
(0.000259796 0.00131764 0)
(0.000281438 0.00125899 0)
(0.000301867 0.00119685 0)
(0.000320885 0.0011315 0)
(0.000338248 0.00106324 0)
(0.000353718 0.000992428 0)
(0.000367074 0.000919452 0)
(0.000378084 0.000844738 0)
(0.000386558 0.000768742 0)
(0.000392317 0.000691911 0)
(0.000395768 0.000615805 0)
(0.000396211 0.000539955 0)
(0.000393606 0.000464887 0)
(0.000387871 0.000391058 0)
(0.000378974 0.000318989 0)
(0.000366936 0.000249244 0)
(0.000351831 0.000182398 0)
(0.000333812 0.000119031 0)
(0.000313108 5.9709e-05 0)
(0.00029 4.9618e-06 0)
(0.000264793 -4.47561e-05 0)
(0.000237912 -8.91013e-05 0)
(0.000209814 -0.000127936 0)
(0.000180811 -0.000161326 0)
(0.000151087 -0.000189607 0)
(0.000120776 -0.000213775 0)
(8.92958e-05 -0.000234979 0)
(5.52973e-05 -0.000254733 0)
(1.65404e-05 -0.000276665 0)
(-3.13345e-05 -0.000307172 0)
(-9.70039e-05 -0.000357312 0)
(-0.000197499 -0.000444169 0)
(-0.000351768 -0.000586637 0)
(-0.000560596 -0.00079537 0)
(-1.58456e-06 -6.58872e-05 0)
(9.87036e-05 -7.37281e-05 0)
(0.000150392 -2.42848e-05 0)
(0.000115852 3.83248e-05 0)
(5.05222e-05 5.48792e-05 0)
(-6.62314e-06 4.89585e-05 0)
(-5.35468e-05 3.97179e-05 0)
(-9.45813e-05 2.8265e-05 0)
(-0.00012812 1.12473e-05 0)
(-0.000148372 -1.42795e-05 0)
(-0.000146606 -4.90459e-05 0)
(-0.000109368 -8.73452e-05 0)
(-2.60355e-05 -0.000106683 0)
(8.30122e-05 -7.0099e-05 0)
(0.000157029 5.02936e-07 0)
(0.000173875 2.50158e-05 0)
(0.000178192 -1.63059e-05 0)
(0.000219853 -6.84421e-05 0)
(0.000293836 -7.85811e-05 0)
(0.000340852 -3.8889e-05 0)
(0.000329427 1.88211e-05 0)
(0.000267165 6.77521e-05 0)
(0.000175656 9.33398e-05 0)
(7.9739e-05 9.2321e-05 0)
(4.29495e-07 6.98593e-05 0)
(-4.90637e-05 4.09281e-05 0)
(-7.16201e-05 1.64264e-05 0)
(-7.66611e-05 2.09756e-06 0)
(-7.44428e-05 -1.54575e-06 0)
(-7.16725e-05 6.23398e-07 0)
(-7.36685e-05 -6.761e-07 0)
(-7.87757e-05 -1.31665e-05 0)
(-8.37356e-05 -2.87257e-05 0)
(-8.8779e-05 -3.14454e-05 0)
(-9.15673e-05 -1.82791e-05 0)
(-8.2122e-05 1.53637e-05 0)
(-6.36324e-05 7.12561e-05 0)
(-4.74641e-05 0.000122795 0)
(-3.16619e-05 0.000129191 0)
(6.8452e-06 6.47078e-05 0)
(0.000101741 -7.49046e-05 0)
(0.000284321 -0.000240366 0)
(0.000537944 -0.000321166 0)
(0.000769005 -0.000278919 0)
(0.000928684 -0.00021878 0)
(0.00106376 -0.000200001 0)
(0.00120179 -0.000193553 0)
(0.00133293 -0.000185228 0)
(0.0014534 -0.000174917 0)
(0.00155913 -0.000158354 0)
(0.00164374 -0.000133995 0)
(0.00170217 -0.000102252 0)
(0.00173116 -6.51328e-05 0)
(0.00172873 -2.57135e-05 0)
(0.00169504 1.22126e-05 0)
(0.00163369 4.90445e-05 0)
(0.00154414 8.61039e-05 0)
(0.0014264 0.000121802 0)
(0.0012823 0.000154732 0)
(0.00111446 0.000183324 0)
(0.00092713 0.000205604 0)
(0.00072616 0.000220222 0)
(0.000518197 0.000226665 0)
(0.000309895 0.000225504 0)
(0.000106037 0.000217514 0)
(-8.79143e-05 0.000203331 0)
(-0.000266214 0.000184475 0)
(-0.000427086 0.000163007 0)
(-0.000569713 0.000139893 0)
(-0.00069274 0.000115899 0)
(-0.000795939 9.22174e-05 0)
(-0.000880039 6.96859e-05 0)
(-0.0009462 4.87288e-05 0)
(-0.000995776 2.96462e-05 0)
(-0.00103037 1.24899e-05 0)
(-0.00105147 -3.07785e-06 0)
(-0.00106036 -1.73114e-05 0)
(-0.00105797 -3.11457e-05 0)
(-0.00104437 -4.45654e-05 0)
(-0.00102072 -5.83203e-05 0)
(-0.000985659 -7.23086e-05 0)
(-0.000941013 -8.68972e-05 0)
(-0.000883332 -0.000104047 0)
(-0.000814549 -0.000121689 0)
(-0.000729887 -0.000145999 0)
(-0.000630173 -0.000169564 0)
(-0.000511334 -0.000214396 0)
(-0.000363471 -0.000255511 0)
(-0.000140278 -0.000354876 0)
(0.000214381 -0.00018995 0)
(0.000289912 0.000115107 0)
(0.000272432 1.75219e-05 0)
(0.000341022 -6.13895e-05 0)
(0.000353468 -9.7235e-06 0)
(0.000328984 2.88564e-05 0)
(0.000276255 6.09073e-05 0)
(0.000209226 7.5395e-05 0)
(0.000140308 7.89564e-05 0)
(7.02345e-05 7.6289e-05 0)
(-3.22687e-06 5.478e-05 0)
(4.86288e-05 2.50533e-05 0)
(4.96726e-05 0.000113567 0)
(4.14788e-05 0.000179957 0)
(1.70405e-05 0.000217586 0)
(-1.80282e-05 0.000205917 0)
(-4.89405e-05 0.000143085 0)
(-6.55209e-05 4.99261e-05 0)
(-6.98863e-05 -4.6945e-05 0)
(-6.95424e-05 -0.000133124 0)
(-6.87693e-05 -0.00020843 0)
(-6.89279e-05 -0.000278665 0)
(-7.12957e-05 -0.000349544 0)
(-7.7622e-05 -0.000427079 0)
(-8.81689e-05 -0.000517823 0)
(-0.000100338 -0.000626163 0)
(-0.000109824 -0.00075172 0)
(-0.000111562 -0.000888605 0)
(-0.000100559 -0.00102549 0)
(-7.45392e-05 -0.00114632 0)
(-3.3652e-05 -0.00123402 0)
(1.99927e-05 -0.00127425 0)
(8.15816e-05 -0.00125621 0)
(0.000140223 -0.001178 0)
(0.000186787 -0.00104635 0)
(0.000213873 -0.000873569 0)
(0.00021508 -0.000678966 0)
(0.000185239 -0.000487718 0)
(0.000119922 -0.000327742 0)
(1.93393e-05 -0.000230803 0)
(-0.000107185 -0.000229655 0)
(-0.00023237 -0.00034584 0)
(-0.000330604 -0.000569374 0)
(-0.000393328 -0.000875751 0)
(-0.000416674 -0.00123937 0)
(-0.000395497 -0.00162742 0)
(-0.000319394 -0.00200037 0)
(-0.000171122 -0.00229225 0)
(3.63279e-05 -0.00242826 0)
(0.000272947 -0.00237087 0)
(0.000500168 -0.00212416 0)
(0.000676334 -0.00169929 0)
(0.000754319 -0.00114463 0)
(0.000696852 -0.000549284 0)
(0.000541074 -8.69065e-06 0)
(0.00040069 0.000427729 0)
(0.000369788 0.000743439 0)
(0.000412316 0.00100248 0)
(0.000161244 0.00119543 0)
(-0.000540654 0.00101087 0)
(-0.00115835 0.000606457 0)
(-0.00161075 0.000217739 0)
(-0.00171238 -0.000179875 0)
(-0.00129035 -0.000537591 0)
(-0.000494756 -0.00059775 0)
(0.000493588 -0.000197996 0)
(0.00110323 0.000747726 0)
(0.000669461 0.00149864 0)
(0.000440289 0.00176055 0)
(0.000565936 0.00210701 0)
(0.000682692 0.00256707 0)
(0.000943764 0.00301438 0)
(0.00120573 0.00361433 0)
(0.00129235 0.00428324 0)
(0.00107864 0.00489665 0)
(0.000677083 0.00525737 0)
(0.000398875 0.00537363 0)
(0.000335882 0.00544147 0)
(0.000335118 0.00556485 0)
(0.000258889 0.00569064 0)
(0.000144036 0.00574163 0)
(7.0902e-05 0.00573671 0)
(3.98128e-05 0.00572615 0)
(1.03375e-05 0.00572004 0)
(-2.5031e-05 0.00570114 0)
(-4.5459e-05 0.00566677 0)
(-4.43673e-05 0.00563322 0)
(-3.62481e-05 0.00560903 0)
(-3.18724e-05 0.00558874 0)
(-2.9534e-05 0.00556737 0)
(-2.70246e-05 0.00554631 0)
(-2.69241e-05 0.00552671 0)
(-3.09941e-05 0.00550625 0)
(-3.70096e-05 0.00548269 0)
(-4.18899e-05 0.0054566 0)
(-4.46797e-05 0.00542986 0)
(-4.59534e-05 0.00540355 0)
(-4.61639e-05 0.00537796 0)
(-4.52984e-05 0.00535343 0)
(-4.33213e-05 0.0053305 0)
(-4.02682e-05 0.00530969 0)
(-3.61043e-05 0.00529139 0)
(-3.08012e-05 0.00527599 0)
(-2.44366e-05 0.0052638 0)
(-1.7169e-05 0.00525505 0)
(-9.10347e-06 0.00524982 0)
(-3.82981e-07 0.00524817 0)
(8.96977e-06 0.00524992 0)
(1.9068e-05 0.00525489 0)
(3.00357e-05 0.00526306 0)
(4.18576e-05 0.00527443 0)
(5.44134e-05 0.00528889 0)
(6.75014e-05 0.00530629 0)
(8.0808e-05 0.00532639 0)
(9.39446e-05 0.00534882 0)
(0.000106399 0.00537316 0)
(0.000117564 0.00539883 0)
(0.000126751 0.00542516 0)
(0.000133249 0.00545132 0)
(0.000136372 0.00547637 0)
(0.000135547 0.00549924 0)
(0.000130423 0.00551876 0)
(0.000120955 0.00553377 0)
(0.000107447 0.00554314 0)
(9.05062e-05 0.00554593 0)
(7.13744e-05 0.00554156 0)
(5.07613e-05 0.00553064 0)
(2.86893e-05 0.00551299 0)
(5.89057e-06 0.00548838 0)
(-1.69919e-05 0.00545719 0)
(-3.9656e-05 0.00541978 0)
(-6.17399e-05 0.00537647 0)
(-8.29734e-05 0.00532778 0)
(-0.000103222 0.00527414 0)
(-0.000122359 0.00521602 0)
(-0.000140306 0.00515386 0)
(-0.000157017 0.00508813 0)
(-0.000172465 0.00501924 0)
(-0.00018663 0.00494762 0)
(-0.000199512 0.00487367 0)
(-0.00021111 0.00479778 0)
(-0.000221427 0.00472033 0)
(-0.000230471 0.0046417 0)
(-0.000238258 0.00456223 0)
(-0.00024481 0.00448228 0)
(-0.00025015 0.00440219 0)
(-0.000254316 0.00432226 0)
(-0.000257356 0.00424283 0)
(-0.00025934 0.00416416 0)
(-0.000260333 0.00408654 0)
(-0.000260434 0.00401021 0)
(-0.000259759 0.0039354 0)
(-0.000258446 0.00386229 0)
(-0.000256632 0.00379101 0)
(-0.000254477 0.00372168 0)
(-0.000252154 0.00365436 0)
(-0.000249844 0.00358907 0)
(-0.000247735 0.00352577 0)
(-0.000246009 0.0034644 0)
(-0.000244857 0.00340483 0)
(-0.000244448 0.00334689 0)
(-0.000244967 0.00329039 0)
(-0.000246568 0.00323506 0)
(-0.000249412 0.00318066 0)
(-0.00025365 0.00312686 0)
(-0.000259412 0.00307331 0)
(-0.000266825 0.00301965 0)
(-0.000276018 0.00296551 0)
(-0.000287096 0.00291045 0)
(-0.000300148 0.00285407 0)
(-0.000315283 0.00279592 0)
(-0.000332558 0.00273557 0)
(-0.000352016 0.00267258 0)
(-0.000373705 0.00260652 0)
(-0.000397619 0.00253695 0)
(-0.000423722 0.00246351 0)
(-0.000451969 0.00238584 0)
(-0.000482312 0.00230367 0)
(-0.000514722 0.00221679 0)
(-0.000549192 0.00212504 0)
(-0.000585779 0.0020283 0)
(-0.000624557 0.00192642 0)
(-0.000665628 0.00181929 0)
(-0.000709125 0.00170682 0)
(-0.000755234 0.00158891 0)
(-0.000804262 0.00146547 0)
(-0.000856373 0.00133613 0)
(-0.000917358 0.00120864 0)
(-0.000990467 0.00108256 0)
(-0.00107179 0.000948622 0)
(-0.0011606 0.000804087 0)
(-0.00125492 0.000646805 0)
(-0.00135193 0.000476047 0)
(-0.00145059 0.000293162 0)
(-0.0015493 9.98888e-05 0)
(-0.00164653 -0.000100285 0)
(-0.00174622 -0.000304107 0)
(-0.00185312 -0.000511384 0)
(-0.00197034 -0.000722974 0)
(-0.00210102 -0.000941063 0)
(-0.00226163 -0.00117364 0)
(-0.0024496 -0.00142244 0)
(-0.00265796 -0.00168066 0)
(-0.00289084 -0.00195966 0)
(-0.00314663 -0.00223702 0)
(-0.00343996 -0.00256737 0)
(-0.00374789 -0.00283706 0)
(-0.00412756 -0.00328614 0)
(-0.00445325 -0.00343147 0)
(-0.00492674 -0.00420945 0)
(-0.00492173 -0.0037367 0)
)
;
    }
    frontAndBack
    {
        type            empty;
    }
}


// ************************************************************************* //
