/*--------------------------------*- C++ -*----------------------------------*\
  =========                 |
  \\      /  F ield         | OpenFOAM: The Open Source CFD Toolbox
   \\    /   O peration     | Website:  https://openfoam.org
    \\  /    A nd           | Version:  7
     \\/     M anipulation  |
\*---------------------------------------------------------------------------*/
FoamFile
{
    version     2.0;
    format      ascii;
    class       volScalarField;
    location    "0.15";
    object      yPlus;
}
// * * * * * * * * * * * * * * * * * * * * * * * * * * * * * * * * * * * * * //

dimensions      [0 0 0 0 0 0 0];

internalField   uniform 0;

boundaryField
{
    velocityInlet
    {
        type            calculated;
        value           uniform 0;
    }
    pressureOutlet
    {
        type            calculated;
        value           uniform 0;
    }
    fixedWalls
    {
        type            calculated;
        value           nonuniform List<scalar> 
100
(
2.20371
1.27519
0.530046
0.681039
0.868479
1.11898
1.10873
0.952273
0.640409
0.208668
0.576765
0.690424
0.713173
0.693959
0.654309
0.595849
0.509731
0.384701
0.190382
0.243247
0.339262
0.352131
0.288444
0.138042
0.451736
0.675132
0.829031
0.885739
0.822847
0.631957
0.286251
0.38286
0.448698
0.316617
0.295901
0.532937
0.664509
0.741782
0.789786
0.828687
0.874611
0.937578
1.01926
1.11097
1.18359
1.18326
1.0437
0.648707
0.665198
1.07302
1.2141
1.15122
0.911368
0.467165
0.578366
0.86313
1.01231
1.10669
1.18152
1.25165
1.31299
1.34503
1.31454
1.17525
0.858864
0.329717
0.913407
1.08504
1.02499
0.776623
0.269011
0.622125
0.837613
0.944359
1.00464
1.04897
1.09034
1.13115
1.17263
1.2188
1.26863
1.30509
1.29276
1.18271
0.891678
0.322927
0.987161
1.2323
1.2525
1.09436
0.801795
0.31495
0.571383
0.777965
0.872274
0.9118
0.917286
0.902185
0.875978
0.828647
)
;
    }
    bottomWall
    {
        type            calculated;
        value           nonuniform List<scalar> 
800
(
2.9448
1.98394
1.61354
1.44051
1.35548
1.29695
1.24813
1.20715
1.17275
1.14332
1.11767
1.09499
1.07473
1.05649
1.03995
1.02486
1.01102
0.998258
0.986451
0.975485
0.965265
0.955712
0.946759
0.938348
0.930427
0.922952
0.915886
0.909191
0.90284
0.896805
0.891061
0.885587
0.880365
0.875374
0.870602
0.866032
0.861652
0.857449
0.853413
0.849532
0.845799
0.842206
0.838742
0.835403
0.832179
0.829069
0.826061
0.823155
0.820341
0.81762
0.815339
0.813448
0.811576
0.809729
0.807906
0.806105
0.804325
0.802566
0.800829
0.799112
0.797415
0.795737
0.794079
0.792438
0.790816
0.789212
0.787625
0.786056
0.784504
0.782967
0.781447
0.779942
0.778454
0.77698
0.775522
0.774077
0.772647
0.771232
0.76983
0.768441
0.767066
0.765705
0.764356
0.76302
0.761697
0.760385
0.759086
0.757798
0.756522
0.755258
0.754004
0.752762
0.751531
0.75031
0.7491
0.747901
0.746712
0.745533
0.744363
0.743204
0.742054
0.740914
0.739784
0.738662
0.73755
0.736446
0.735352
0.734266
0.733189
0.73212
0.73106
0.730008
0.728965
0.727929
0.726902
0.725882
0.724871
0.723867
0.72287
0.721883
0.720901
0.719927
0.718961
0.718001
0.71705
0.716104
0.715166
0.714235
0.713311
0.712393
0.711483
0.710579
0.709681
0.70879
0.707905
0.707026
0.706155
0.705289
0.70443
0.703576
0.702729
0.701887
0.701052
0.700221
0.699398
0.69858
0.697766
0.69696
0.696158
0.695363
0.694693
0.694146
0.693598
0.693049
0.692497
0.691945
0.691391
0.690837
0.690282
0.689724
0.689167
0.688607
0.688046
0.687485
0.686922
0.686359
0.685793
0.685227
0.68466
0.684092
0.683522
0.682952
0.68238
0.681808
0.681233
0.680658
0.680083
0.679506
0.678928
0.678349
0.677769
0.677188
0.676606
0.676023
0.675439
0.674854
0.674268
0.673681
0.673092
0.672503
0.671914
0.671323
0.670731
0.670139
0.669545
0.66895
0.668354
0.667758
0.66716
0.666561
0.665962
0.665361
0.66476
0.664157
0.663554
0.662949
0.662343
0.661737
0.661129
0.660521
0.659911
0.6593
0.658689
0.658075
0.657462
0.656846
0.65623
0.655612
0.654994
0.654374
0.653753
0.653129
0.652507
0.651881
0.651255
0.650627
0.649998
0.649367
0.648736
0.648102
0.647467
0.646828
0.646192
0.645548
0.64491
0.644258
0.643622
0.642958
0.642331
0.641641
0.641039
0.6403
0.639753
0.638922
0.638488
0.63749
0.637255
0.635996
0.636051
0.634452
2.94478
1.98378
1.61311
1.43972
1.35427
1.29527
1.2459
1.20431
1.16924
1.13908
1.11263
1.0891
1.06793
1.04871
1.03113
1.01493
0.9999
0.985882
0.972735
0.960343
0.948607
0.937442
0.926771
0.916531
0.906662
0.897112
0.887832
0.878779
0.869913
0.861195
0.85259
0.844064
0.83559
0.827133
0.818672
0.810177
0.80163
0.793012
0.784299
0.775515
0.766572
0.757664
0.748409
0.739624
0.729825
0.721969
0.71076
0.706107
0.692015
0.671479
0.688733
1.20575
1.44982
1.49232
1.47233
1.42714
1.36432
1.29243
1.23484
1.21129
1.23545
1.30037
1.39568
1.51308
1.64723
1.79507
1.95513
2.1267
2.30929
2.50135
2.69886
2.89542
3.0813
3.23815
3.34637
3.38652
3.33251
3.19405
3.04923
3.00259
3.02904
2.97916
2.68111
2.12607
1.44982
1.21405
1.77474
2.26421
2.66203
2.98724
3.25183
3.46225
3.62308
3.7391
3.81353
3.84931
3.84931
3.81789
3.75774
3.67175
3.56247
3.43223
3.28307
3.11663
2.93419
2.73649
2.52364
2.2948
2.04783
1.77855
1.47865
1.13259
0.745042
0.823811
1.1618
1.42037
1.62067
1.78029
1.90862
2.01077
2.08963
2.14679
2.18301
2.19845
2.19347
2.16871
2.1242
2.05975
1.97457
1.86638
1.73017
1.54723
1.27489
0.88458
0.460588
0.746847
0.971743
1.12306
1.25415
1.3924
1.55954
1.75623
1.95816
2.14349
2.30842
2.46178
2.61354
2.76731
2.92003
3.06526
3.19696
3.31167
3.40904
3.49158
3.56327
3.62799
3.68818
3.74392
3.79341
3.83434
3.86528
3.88604
3.89782
3.90269
3.90297
3.90036
3.89592
3.89006
3.88277
3.87396
3.8636
3.85176
3.83866
3.82467
3.81013
3.79544
3.78097
3.76706
3.7541
3.74242
3.73241
3.72445
3.71912
3.71689
3.71798
3.72258
3.73097
3.74332
3.75955
3.77943
3.80257
3.82841
3.85631
3.88551
3.91523
3.94464
3.97286
3.99908
4.02252
4.0429
4.05936
4.07136
4.07854
4.08062
4.07726
4.06868
4.05469
4.0351
4.00986
3.97887
3.94206
3.89939
3.85081
3.79625
3.73568
3.66906
3.59636
3.51753
3.43257
3.34147
3.24419
3.14078
3.03123
2.91558
2.7939
2.66627
2.53493
2.39792
2.25526
2.10703
1.95351
1.79542
1.63431
1.47367
1.32116
1.19221
1.111
1.0948
1.13171
1.19279
1.25627
1.31275
1.35799
1.38873
1.40465
1.4075
1.40611
1.43047
1.55402
1.86483
0.609569
1.2843
1.48181
1.30126
0.940849
0.590057
0.925437
1.21239
1.40323
1.50435
1.50248
1.35953
1.02186
1.02597
1.51448
1.72607
1.80023
1.96198
2.18957
2.30835
2.25562
2.04258
1.69449
1.23418
0.740937
0.85664
1.03747
1.10012
1.10376
1.08066
1.06484
1.08294
1.15848
1.24876
1.31418
1.32226
1.33909
1.40854
1.38181
1.22078
1.63988
2.41288
3.06146
3.53088
3.87481
4.16585
4.43037
4.66372
4.8669
5.03606
5.1657
5.25213
5.29367
5.28902
5.23718
5.14099
4.99773
4.80396
4.55654
4.25142
3.88402
3.44805
2.93217
2.31254
1.55502
1.42731
2.11076
2.63658
3.03654
3.3464
3.5874
3.77343
3.91428
4.01715
4.08776
4.13055
4.14868
4.14435
4.11775
4.07083
4.00038
3.90798
3.78605
3.63402
3.44046
3.19207
2.88465
2.44714
2.0281
1.47351
2.15473
2.30278
2.40699
2.3444
2.27417
2.09733
1.84597
1.53666
1.16295
0.562577
0.635638
1.07566
1.33688
1.45722
1.41263
1.18217
0.74724
0.764344
1.17544
1.45514
1.67697
1.87653
2.07447
2.28421
2.5101
2.74658
2.98086
3.19627
3.37384
3.49589
3.54911
3.52372
3.41653
3.22863
2.96374
2.63329
2.26102
1.89
1.62526
1.65449
1.99565
2.48145
3.01311
3.54031
4.02612
4.43878
4.73164
4.85835
4.80047
4.56096
4.12481
3.48649
2.63194
1.60364
2.07817
2.83147
3.22513
3.19773
2.73819
2.86588
3.36768
3.51376
3.14654
2.20401
1.63326
3.14549
3.73381
4.18228
4.66608
5.18169
5.65433
6.1483
6.58298
6.92164
7.14318
7.27754
7.37333
7.45268
7.51267
7.5449
7.55638
7.55672
7.5508
7.53957
7.52401
7.50751
7.49209
7.47737
7.46271
7.44813
7.43353
7.41836
7.40222
7.38521
7.3678
7.35042
7.33336
7.31699
7.30169
7.28785
7.27577
7.26569
7.25778
7.25218
7.24897
7.24826
7.24996
7.25395
7.2602
7.26865
7.27919
7.29164
7.30576
7.32125
7.33771
7.35468
7.37162
7.38796
7.40307
7.41631
7.42704
7.43465
7.43866
7.43869
7.43434
7.42582
7.41303
7.3959
7.37456
7.34916
7.31986
7.2869
7.2505
7.2109
7.16835
7.12307
7.07532
7.02533
6.97333
6.91955
6.86424
6.8076
6.74988
6.69129
6.63205
6.57238
6.51251
6.45263
6.39293
6.33362
6.27486
6.2168
6.15955
6.10322
6.04787
5.99354
5.94023
5.8879
5.83648
5.78584
5.73586
5.68633
5.63704
5.58772
5.53809
5.48781
5.43652
5.38381
5.32928
5.27246
5.21288
5.15005
5.08347
5.01263
4.93703
4.85613
4.76945
4.67645
4.57661
4.4694
4.35427
4.23068
4.09804
3.95589
3.80378
3.64149
3.48068
3.32397
3.16373
3.00643
2.86747
2.77508
2.76386
2.85262
3.02977
3.26357
3.52786
3.80756
4.09623
4.40491
4.72691
5.0526
5.38435
5.71892
6.06659
6.40921
6.78738
7.12212
7.56106
7.801
)
;
    }
    frontAndBack
    {
        type            empty;
    }
}


// ************************************************************************* //
