/*--------------------------------*- C++ -*----------------------------------*\
  =========                 |
  \\      /  F ield         | OpenFOAM: The Open Source CFD Toolbox
   \\    /   O peration     | Website:  https://openfoam.org
    \\  /    A nd           | Version:  7
     \\/     M anipulation  |
\*---------------------------------------------------------------------------*/
FoamFile
{
    version     2.0;
    format      ascii;
    class       volScalarField;
    location    "0.08";
    object      yPlus;
}
// * * * * * * * * * * * * * * * * * * * * * * * * * * * * * * * * * * * * * //

dimensions      [0 0 0 0 0 0 0];

internalField   uniform 0;

boundaryField
{
    velocityInlet
    {
        type            calculated;
        value           uniform 0;
    }
    pressureOutlet
    {
        type            calculated;
        value           uniform 0;
    }
    fixedWalls
    {
        type            calculated;
        value           nonuniform List<scalar> 
100
(
1.86429
1.66744
0.865578
0.713955
1.06683
1.54562
1.66419
1.59073
1.32004
0.976839
0.648982
0.739746
1.18913
1.54537
1.63342
1.47392
1.14723
0.685776
0.431497
0.776462
0.916517
0.977626
0.999509
1.00033
0.989352
0.971631
0.949922
0.925871
0.900587
0.875151
0.850853
0.829056
0.810636
0.795198
0.780761
0.764689
0.745962
0.727626
0.717237
0.723845
0.752595
0.797838
0.840977
0.857891
0.827695
0.736482
0.579243
0.360464
0.092278
0.080627
0.370147
0.581606
0.742357
0.862796
0.958985
1.0459
1.12922
1.20696
1.27464
1.32143
1.32203
1.23595
0.977401
0.212792
1.00474
1.31556
1.39082
1.27171
0.985227
0.492008
0.625432
0.921603
1.07203
1.16387
1.23129
1.28211
1.31632
1.33981
1.36408
1.39765
1.43434
1.4456
1.38591
1.17124
0.546104
1.01936
1.45444
1.61693
1.56273
1.33302
0.967705
0.421888
0.62612
0.869366
0.975167
1.01455
1.01213
0.986058
0.947721
0.887545
)
;
    }
    bottomWall
    {
        type            calculated;
        value           nonuniform List<scalar> 
800
(
2.94479
1.98392
1.61348
1.44039
1.35529
1.29669
1.24777
1.20668
1.17216
1.14261
1.11682
1.094
1.07359
1.0552
1.0385
1.02325
1.00925
0.996337
0.984377
0.973261
0.962897
0.953206
0.94412
0.935583
0.927541
0.919953
0.912778
0.905981
0.899534
0.893408
0.887579
0.882024
0.876725
0.871663
0.866822
0.862187
0.857745
0.853484
0.849393
0.845461
0.84168
0.838041
0.834535
0.831157
0.827897
0.824751
0.821713
0.818779
0.815939
0.813196
0.810896
0.808992
0.807108
0.805249
0.803416
0.801605
0.79982
0.798055
0.796313
0.794593
0.792894
0.791215
0.789558
0.78792
0.786302
0.784704
0.783124
0.781563
0.78002
0.778496
0.776988
0.775498
0.774026
0.772569
0.77113
0.769707
0.7683
0.766907
0.765531
0.764171
0.762824
0.761492
0.760176
0.758872
0.757583
0.756309
0.755047
0.753798
0.752564
0.751341
0.750132
0.748936
0.747751
0.74658
0.74542
0.744271
0.743135
0.74201
0.740896
0.739794
0.738703
0.737622
0.736553
0.735493
0.734445
0.733407
0.732379
0.731361
0.730353
0.729355
0.728366
0.727387
0.726417
0.725456
0.724505
0.723562
0.722629
0.721705
0.720788
0.719882
0.718982
0.718092
0.717209
0.716335
0.71547
0.714611
0.713761
0.712918
0.712084
0.711256
0.710436
0.709624
0.708819
0.708021
0.70723
0.706447
0.705669
0.7049
0.704137
0.70338
0.702631
0.701887
0.70115
0.70042
0.699697
0.698979
0.698267
0.697562
0.696862
0.69617
0.695588
0.695114
0.694638
0.694161
0.693685
0.693208
0.692731
0.692253
0.691775
0.691297
0.690818
0.690339
0.689861
0.68938
0.688901
0.688421
0.68794
0.68746
0.68698
0.686499
0.686018
0.685538
0.685057
0.684576
0.684096
0.683615
0.683133
0.682653
0.682172
0.681692
0.681211
0.680731
0.680251
0.679771
0.679291
0.678812
0.678334
0.677855
0.677377
0.676899
0.676422
0.675945
0.675469
0.674993
0.674519
0.674044
0.673569
0.673097
0.672625
0.672153
0.671682
0.671212
0.670743
0.670276
0.669808
0.669342
0.668877
0.668413
0.667951
0.667489
0.667029
0.666571
0.666112
0.665656
0.665202
0.664748
0.664297
0.663846
0.663398
0.66295
0.662505
0.662061
0.661619
0.661178
0.66074
0.660303
0.659867
0.659434
0.659001
0.658571
0.658143
0.657714
0.65729
0.656864
0.656444
0.656018
0.655604
0.655174
0.65477
0.654329
0.653944
0.653477
0.653131
0.652609
0.652332
0.651712
0.651553
0.650782
0.650792
0.649809
2.94479
1.98389
1.61342
1.44032
1.35522
1.29662
1.24773
1.20668
1.17222
1.14273
1.11702
1.0943
1.074
1.05572
1.03914
1.02402
1.01014
0.997342
0.985496
0.974486
0.964222
0.954622
0.945621
0.937163
0.929196
0.921682
0.914581
0.907864
0.901503
0.895474
0.889757
0.884332
0.879185
0.874298
0.869665
0.865268
0.861101
0.857161
0.853415
0.849919
0.846526
0.843517
0.840324
0.837994
0.834578
0.833556
0.828691
0.83073
0.822486
0.800959
0.153863
0.37371
0.58518
0.787681
0.990051
1.18905
1.38275
1.56914
1.74689
1.91516
2.07356
2.22196
2.3604
2.48902
2.60806
2.71782
2.81865
2.91092
2.99498
3.07123
3.14001
3.2017
3.25663
3.30515
3.34759
3.38426
3.41546
3.44147
3.46261
3.47912
3.49126
3.49929
3.50345
3.50391
3.50081
3.4944
3.48495
3.47263
3.45763
3.44017
3.42038
3.39847
3.37456
3.34879
3.3213
3.29222
3.26164
3.22969
3.19647
3.16205
3.12654
3.09003
3.05258
3.01427
2.97519
2.93538
2.89492
2.85388
2.81231
2.77028
2.72784
2.68505
2.64196
2.59863
2.55513
2.51149
2.46779
2.42408
2.38041
2.33685
2.29345
2.25028
2.20739
2.16486
2.12274
2.0811
2.04
1.99951
1.9597
1.92062
1.88234
1.84492
1.80843
1.77291
1.73842
1.70502
1.67274
1.64162
1.61169
1.58298
1.55549
1.52924
1.50421
1.48039
1.45775
1.43624
1.41582
1.39644
1.37801
1.36046
1.34368
1.32754
1.31184
1.29632
1.28062
1.26431
1.24692
1.22801
1.20722
1.18442
1.15973
1.13365
1.10704
1.08118
1.05762
1.03818
1.02477
1.01906
1.02204
1.03401
1.05439
1.08174
1.11394
1.14853
1.18293
1.21466
1.24162
1.26213
1.27515
1.28025
1.27778
1.26883
1.25487
1.23773
1.21922
1.20102
1.1843
1.16954
1.15644
1.14402
1.13084
1.11528
1.09579
1.0711
1.04031
1.00295
0.958943
0.908498
0.852019
0.790067
0.723409
0.653211
0.581566
0.512801
0.455881
0.424633
0.42524
0.445412
0.469276
0.488157
0.498564
0.499068
0.488723
0.466321
0.430399
0.378913
0.31101
0.255277
0.310399
0.411137
0.506884
0.594764
0.676077
0.751945
0.823119
0.890432
0.954018
1.01386
1.07006
1.12269
1.17179
1.21739
1.25952
1.29821
1.33351
1.36547
1.39415
1.41965
1.44203
1.46135
1.4776
1.49071
1.50057
1.5053
1.50263
1.49096
1.47578
1.49277
1.66038
2.10024
0.136178
0.367922
0.51777
0.632409
0.726183
0.805637
0.874735
0.935813
0.990281
1.03901
1.08251
1.1211
1.15485
1.18371
1.20746
1.22576
1.23815
1.24419
1.24342
1.23543
1.2201
1.19779
1.1693
1.13581
1.09885
1.05983
1.01957
0.977802
0.932763
0.881639
0.822986
0.770781
0.771759
0.840168
0.912719
0.929875
0.865514
0.716154
0.57257
0.739206
0.96131
1.12211
1.20999
1.22144
1.15583
1.00186
0.730877
0.307892
0.830023
1.17076
1.44531
1.68233
1.89513
2.09209
2.27861
2.459
2.63702
2.81569
2.99743
3.18399
3.37629
3.57425
3.77681
3.98183
4.18614
4.38562
4.57537
4.75009
4.90394
5.03196
5.12858
5.19116
5.21744
5.2032
5.1513
5.06445
4.94571
4.79837
4.62497
4.42667
4.20314
3.9522
3.66993
3.34952
2.97993
2.54591
2.02097
1.42824
1.61082
2.28757
2.67677
2.82497
2.86614
2.85366
2.83328
2.80829
2.68552
2.39399
1.85633
0.842807
0.952261
1.7721
2.34682
2.52709
2.29952
1.78601
0.974947
1.43559
2.0231
2.38159
2.58774
2.67367
2.64917
2.51187
2.25691
1.82747
1.09278
0.954784
1.44558
1.60908
1.67802
1.72393
1.74716
1.74645
1.72039
1.65664
1.5551
1.42338
1.26954
1.09571
0.888501
0.630277
0.702383
1.09999
1.49627
1.89581
2.3059
2.72269
3.14208
3.55408
3.94752
4.30608
4.62187
4.89585
5.10753
5.22539
5.24331
5.19136
5.0794
4.87869
4.55899
4.10713
3.55557
2.95196
2.29539
2.12043
2.71478
3.18315
3.36974
3.40619
3.45594
3.52687
3.52112
3.42372
3.50397
3.93123
4.45024
4.98316
5.8935
6.89948
7.53354
7.90517
8.20623
8.46469
8.6329
8.75561
8.85155
8.90727
8.94287
8.96076
8.96043
8.95034
8.93105
8.90375
8.8705
8.83132
8.78746
8.7392
8.68688
8.63091
8.57133
8.50838
8.44214
8.37267
8.30007
8.22438
8.14571
8.06412
7.97971
7.89261
7.80293
7.71084
7.61649
7.52006
7.42176
7.32178
7.22034
7.11765
7.01394
6.90943
6.80433
6.69884
6.59316
6.48748
6.38196
6.27674
6.17197
6.06774
5.96414
5.86125
5.7591
5.65771
5.55709
5.4572
5.35803
5.25948
5.1615
5.06395
4.96674
4.86974
4.77276
4.67567
4.57825
4.48031
4.38162
4.28194
4.18101
4.07855
3.97426
3.86779
3.75879
3.64684
3.53152
3.41232
3.28869
3.16
3.02555
2.8845
2.73587
2.57852
2.41121
2.23292
2.0431
1.86309
1.68656
1.52958
1.46578
1.55523
1.74603
1.9634
2.17573
2.37555
2.56314
2.74064
2.91014
3.08119
3.25582
3.42541
3.59081
3.75267
3.91158
4.06806
4.22257
4.37556
4.52743
4.67859
4.8294
4.98022
5.13141
5.28335
5.4364
5.59095
5.74738
5.90611
6.06757
6.23219
6.40049
6.57289
6.75008
6.93232
7.12084
7.31505
7.51797
7.72595
7.94782
8.16932
8.41795
8.6442
8.93165
9.11341
)
;
    }
    frontAndBack
    {
        type            empty;
    }
}


// ************************************************************************* //
