/*--------------------------------*- C++ -*----------------------------------*\
  =========                 |
  \\      /  F ield         | OpenFOAM: The Open Source CFD Toolbox
   \\    /   O peration     | Website:  https://openfoam.org
    \\  /    A nd           | Version:  7
     \\/     M anipulation  |
\*---------------------------------------------------------------------------*/
FoamFile
{
    version     2.0;
    format      ascii;
    class       volVectorField;
    location    "0.11";
    object      wallShearStress;
}
// * * * * * * * * * * * * * * * * * * * * * * * * * * * * * * * * * * * * * //

dimensions      [0 2 -2 0 0 0 0];

internalField   uniform (0 0 0);

boundaryField
{
    velocityInlet
    {
        type            calculated;
        value           uniform (0 0 0);
    }
    pressureOutlet
    {
        type            calculated;
        value           uniform (0 0 0);
    }
    fixedWalls
    {
        type            calculated;
        value           nonuniform List<vector> 
100
(
(-0.0169042 -0.00886119 0)
(0.0105608 -0.00136166 0)
(-7.43895e-05 0.00040643 0)
(0.00562843 -0.000547864 0)
(0.00687136 -0.000402128 0)
(0.00791415 -3.72809e-05 0)
(0.00648259 0.000229407 0)
(0.00458549 0.000332156 0)
(0.0026008 0.000298643 0)
(0.00111293 0.000213467 0)
(0.000192715 0.000126098 0)
(-0.000219346 5.76749e-05 0)
(-0.000254492 4.69829e-07 0)
(-4.64038e-05 -3.34406e-05 0)
(0.000292822 -5.54721e-05 0)
(0.000655749 -5.94861e-05 0)
(0.000957174 -5.13286e-05 0)
(0.00114051 -3.57779e-05 0)
(0.00117007 -1.47992e-05 0)
(0.00101329 1.31357e-05 0)
(0.000635722 4.71559e-05 0)
(-1.74044e-05 8.58221e-05 0)
(-0.000978783 0.000131157 0)
(-0.00215043 0.000163282 0)
(-0.00324194 0.000158597 0)
(-0.00379972 0.000100847 0)
(-0.00335991 -4.96413e-05 0)
(-0.00160314 -0.000272866 0)
(0.00116236 -0.000372593 0)
(0.00384356 -0.000380937 0)
(0.00553255 -0.000231923 0)
(0.00573092 -1.97133e-05 0)
(0.00455023 0.00015874 0)
(0.00261704 0.000236827 0)
(0.000619838 0.000226407 0)
(-0.00101351 0.000175473 0)
(-0.00215339 0.000116934 0)
(-0.00286157 7.08421e-05 0)
(-0.0032595 3.96551e-05 0)
(-0.00346545 2.15298e-05 0)
(-0.00357577 1.40917e-05 0)
(-0.00365464 1.35233e-05 0)
(-0.00371977 1.42124e-05 0)
(-0.00373566 9.95414e-06 0)
(-0.00363651 -3.69377e-06 0)
(-0.00337672 -2.16774e-05 0)
(-0.00297532 -3.56898e-05 0)
(-0.00250805 -4.02695e-05 0)
(-0.00204755 -3.80548e-05 0)
(-0.00161153 -3.69133e-05 0)
(-0.00116392 -4.2698e-05 0)
(-0.000656595 -5.59174e-05 0)
(-5.82028e-05 -7.01971e-05 0)
(0.000598447 -7.94822e-05 0)
(0.00121624 -7.76967e-05 0)
(0.00169366 -6.09391e-05 0)
(0.00193059 -3.31457e-05 0)
(0.00187168 2.27391e-06 0)
(0.00154121 3.19943e-05 0)
(0.00101957 5.26703e-05 0)
(0.000408687 6.0194e-05 0)
(-0.000198909 5.85442e-05 0)
(-0.000743655 5.1976e-05 0)
(-0.00119075 4.22793e-05 0)
(-0.0015272 3.1506e-05 0)
(-0.00175128 2.049e-05 0)
(-0.00186929 9.98138e-06 0)
(-0.00189649 9.53908e-07 0)
(-0.00185994 -5.58054e-06 0)
(-0.00179721 -7.90827e-06 0)
(-0.00174798 -6.07859e-06 0)
(-0.00174217 -1.38826e-06 0)
(-0.00179053 4.28379e-06 0)
(-0.00188414 8.77159e-06 0)
(-0.00200237 1.11243e-05 0)
(-0.00212248 1.13404e-05 0)
(-0.00222613 9.9532e-06 0)
(-0.00230112 7.54991e-06 0)
(-0.00234039 4.71264e-06 0)
(-0.00234067 1.61814e-06 0)
(-0.00230199 -1.56011e-06 0)
(-0.00222771 -4.36862e-06 0)
(-0.00212388 -6.55963e-06 0)
(-0.00199813 -7.95894e-06 0)
(-0.00185599 -8.80428e-06 0)
(-0.00169554 -1.01136e-05 0)
(-0.00150379 -1.3151e-05 0)
(-0.00126498 -1.81831e-05 0)
(-0.00097659 -2.34892e-05 0)
(-0.000662334 -2.68178e-05 0)
(-0.000369563 -2.57366e-05 0)
(-0.000154441 -1.94789e-05 0)
(-8.62396e-05 -8.32837e-06 0)
(-0.000183256 6.49858e-06 0)
(-0.000491108 2.13316e-05 0)
(-0.000869372 2.99335e-05 0)
(-0.00139883 3.64205e-05 0)
(-0.00178663 3.08303e-05 0)
(-0.00223535 3.05423e-05 0)
(-0.00265528 1.8136e-05 0)
)
;
    }
    bottomWall
    {
        type            calculated;
        value           nonuniform List<vector> 
800
(
(-0.0353489 0.00214397 0)
(-0.016027 0.000524813 0)
(-0.0106088 0.000100691 0)
(-0.00845768 3.5235e-05 0)
(-0.00748866 1.98346e-05 0)
(-0.00685577 1.60937e-05 0)
(-0.0063491 1.33271e-05 0)
(-0.00593878 1.08703e-05 0)
(-0.00560485 9.04812e-06 0)
(-0.00532685 7.73149e-06 0)
(-0.0050902 6.73466e-06 0)
(-0.00488544 5.94737e-06 0)
(-0.00470611 5.30959e-06 0)
(-0.00454745 4.78419e-06 0)
(-0.00440588 4.34513e-06 0)
(-0.00427863 3.97365e-06 0)
(-0.00416349 3.65602e-06 0)
(-0.00405873 3.38174e-06 0)
(-0.00396294 3.14287e-06 0)
(-0.00387495 2.93329e-06 0)
(-0.00379379 2.74812e-06 0)
(-0.00371869 2.58363e-06 0)
(-0.00364893 2.43667e-06 0)
(-0.00358397 2.30464e-06 0)
(-0.00352328 2.18558e-06 0)
(-0.00346646 2.07767e-06 0)
(-0.00341313 1.97948e-06 0)
(-0.00336298 1.88988e-06 0)
(-0.00331571 1.80787e-06 0)
(-0.00327107 1.7325e-06 0)
(-0.00322886 1.66304e-06 0)
(-0.00318887 1.59878e-06 0)
(-0.00315093 1.53938e-06 0)
(-0.00311488 1.48429e-06 0)
(-0.00308058 1.43286e-06 0)
(-0.00304791 1.38485e-06 0)
(-0.00301676 1.34018e-06 0)
(-0.00298701 1.29838e-06 0)
(-0.00295858 1.25897e-06 0)
(-0.00293138 1.22199e-06 0)
(-0.00290534 1.18727e-06 0)
(-0.00288038 1.1547e-06 0)
(-0.00285642 1.12385e-06 0)
(-0.00283343 1.09447e-06 0)
(-0.00281134 1.06704e-06 0)
(-0.0027901 1.04086e-06 0)
(-0.00276965 1.01631e-06 0)
(-0.00274998 9.92216e-07 0)
(-0.00273101 9.70677e-07 0)
(-0.00271274 9.47705e-07 0)
(-0.00269746 9.28816e-07 0)
(-0.00268484 9.1803e-07 0)
(-0.00267239 9.04263e-07 0)
(-0.00266014 8.89651e-07 0)
(-0.00264807 8.75866e-07 0)
(-0.00263619 8.62827e-07 0)
(-0.00262448 8.5e-07 0)
(-0.00261295 8.37574e-07 0)
(-0.00260158 8.25574e-07 0)
(-0.00259037 8.13497e-07 0)
(-0.00257933 8.01831e-07 0)
(-0.00256845 7.90575e-07 0)
(-0.00255772 7.79559e-07 0)
(-0.00254713 7.68781e-07 0)
(-0.00253669 7.58072e-07 0)
(-0.0025264 7.47596e-07 0)
(-0.00251625 7.3752e-07 0)
(-0.00250623 7.27508e-07 0)
(-0.00249636 7.1789e-07 0)
(-0.0024866 7.08499e-07 0)
(-0.00247698 6.99e-07 0)
(-0.00246749 6.89892e-07 0)
(-0.00245811 6.81004e-07 0)
(-0.00244886 6.72171e-07 0)
(-0.00243973 6.63556e-07 0)
(-0.00243072 6.55327e-07 0)
(-0.00242181 6.47147e-07 0)
(-0.00241302 6.39016e-07 0)
(-0.00240434 6.31099e-07 0)
(-0.00239576 6.23395e-07 0)
(-0.00238729 6.15903e-07 0)
(-0.00237892 6.08456e-07 0)
(-0.00237065 6.01217e-07 0)
(-0.00236248 5.94022e-07 0)
(-0.00235441 5.86867e-07 0)
(-0.00234644 5.80086e-07 0)
(-0.00233855 5.73511e-07 0)
(-0.00233076 5.66974e-07 0)
(-0.00232305 5.60308e-07 0)
(-0.00231544 5.54012e-07 0)
(-0.00230791 5.47917e-07 0)
(-0.00230046 5.41691e-07 0)
(-0.0022931 5.35665e-07 0)
(-0.00228582 5.29672e-07 0)
(-0.00227863 5.24042e-07 0)
(-0.0022715 5.18445e-07 0)
(-0.00226446 5.12709e-07 0)
(-0.0022575 5.07337e-07 0)
(-0.0022506 5.01991e-07 0)
(-0.00224378 4.96506e-07 0)
(-0.00223704 4.9138e-07 0)
(-0.00223036 4.8628e-07 0)
(-0.00222376 4.81204e-07 0)
(-0.00221722 4.76319e-07 0)
(-0.00221076 4.71456e-07 0)
(-0.00220435 4.66784e-07 0)
(-0.00219801 4.61965e-07 0)
(-0.00219174 4.57336e-07 0)
(-0.00218553 4.52728e-07 0)
(-0.00217939 4.4814e-07 0)
(-0.0021733 4.43905e-07 0)
(-0.00216728 4.39525e-07 0)
(-0.00216131 4.35163e-07 0)
(-0.00215541 4.31153e-07 0)
(-0.00214955 4.26994e-07 0)
(-0.00214376 4.22688e-07 0)
(-0.00213803 4.18733e-07 0)
(-0.00213235 4.14794e-07 0)
(-0.00212672 4.10872e-07 0)
(-0.00212115 4.07134e-07 0)
(-0.00211563 4.03245e-07 0)
(-0.00211016 3.99371e-07 0)
(-0.00210475 3.95847e-07 0)
(-0.00209938 3.92337e-07 0)
(-0.00209406 3.88676e-07 0)
(-0.00208879 3.85029e-07 0)
(-0.00208358 3.81563e-07 0)
(-0.00207841 3.78277e-07 0)
(-0.00207328 3.74839e-07 0)
(-0.0020682 3.71581e-07 0)
(-0.00206317 3.68337e-07 0)
(-0.00205818 3.64938e-07 0)
(-0.00205324 3.61887e-07 0)
(-0.00204834 3.5885e-07 0)
(-0.00204348 3.55659e-07 0)
(-0.00203866 3.5248e-07 0)
(-0.00203389 3.49649e-07 0)
(-0.00202916 3.46661e-07 0)
(-0.00202447 3.4369e-07 0)
(-0.00201982 3.40888e-07 0)
(-0.00201521 3.38113e-07 0)
(-0.00201063 3.35327e-07 0)
(-0.0020061 3.32419e-07 0)
(-0.0020016 3.29806e-07 0)
(-0.00199714 3.27278e-07 0)
(-0.00199272 3.24487e-07 0)
(-0.00198833 3.21854e-07 0)
(-0.00198398 3.19196e-07 0)
(-0.00197967 3.16785e-07 0)
(-0.00197539 3.14129e-07 0)
(-0.00197179 3.11813e-07 0)
(-0.00196886 3.10307e-07 0)
(-0.00196592 3.08806e-07 0)
(-0.00196297 3.07215e-07 0)
(-0.00196002 3.05193e-07 0)
(-0.00195707 3.0346e-07 0)
(-0.00195412 3.01961e-07 0)
(-0.00195115 3.00244e-07 0)
(-0.00194819 2.9853e-07 0)
(-0.00194522 2.97051e-07 0)
(-0.00194225 2.95354e-07 0)
(-0.00193927 2.93664e-07 0)
(-0.00193629 2.91978e-07 0)
(-0.00193331 2.90305e-07 0)
(-0.00193032 2.88635e-07 0)
(-0.00192733 2.86974e-07 0)
(-0.00192434 2.85321e-07 0)
(-0.00192134 2.83674e-07 0)
(-0.00191834 2.82035e-07 0)
(-0.00191534 2.80402e-07 0)
(-0.00191234 2.78776e-07 0)
(-0.00190933 2.76948e-07 0)
(-0.00190632 2.7554e-07 0)
(-0.0019033 2.73937e-07 0)
(-0.00190029 2.72132e-07 0)
(-0.00189727 2.70542e-07 0)
(-0.00189425 2.68956e-07 0)
(-0.00189122 2.67379e-07 0)
(-0.0018882 2.65805e-07 0)
(-0.00188516 2.64043e-07 0)
(-0.00188214 2.62289e-07 0)
(-0.0018791 2.60931e-07 0)
(-0.00187607 2.59388e-07 0)
(-0.00187303 2.57658e-07 0)
(-0.00186999 2.55937e-07 0)
(-0.00186695 2.54413e-07 0)
(-0.0018639 2.52896e-07 0)
(-0.00186086 2.512e-07 0)
(-0.00185781 2.49514e-07 0)
(-0.00185477 2.48018e-07 0)
(-0.00185172 2.46531e-07 0)
(-0.00184866 2.44868e-07 0)
(-0.00184561 2.43215e-07 0)
(-0.00184256 2.41747e-07 0)
(-0.0018395 2.40112e-07 0)
(-0.00183645 2.38482e-07 0)
(-0.00183339 2.37037e-07 0)
(-0.00183033 2.35424e-07 0)
(-0.00182728 2.33823e-07 0)
(-0.00182422 2.32226e-07 0)
(-0.00182116 2.30812e-07 0)
(-0.0018181 2.29234e-07 0)
(-0.00181504 2.27665e-07 0)
(-0.00181197 2.26107e-07 0)
(-0.00180891 2.24552e-07 0)
(-0.00180585 2.23175e-07 0)
(-0.00180279 2.21479e-07 0)
(-0.00179973 2.19951e-07 0)
(-0.00179666 2.18599e-07 0)
(-0.0017936 2.17088e-07 0)
(-0.00179053 2.15429e-07 0)
(-0.00178748 2.13938e-07 0)
(-0.00178441 2.12608e-07 0)
(-0.00178135 2.11133e-07 0)
(-0.00177828 2.09517e-07 0)
(-0.00177522 2.08052e-07 0)
(-0.00177216 2.06759e-07 0)
(-0.00176909 2.05164e-07 0)
(-0.00176604 2.03583e-07 0)
(-0.00176298 2.02305e-07 0)
(-0.00175991 2.00889e-07 0)
(-0.00175686 1.99338e-07 0)
(-0.0017538 1.98078e-07 0)
(-0.00175073 1.96702e-07 0)
(-0.00174768 1.95174e-07 0)
(-0.00174462 1.93827e-07 0)
(-0.00174156 1.92588e-07 0)
(-0.00173849 1.91303e-07 0)
(-0.00173544 1.89744e-07 0)
(-0.00173238 1.88588e-07 0)
(-0.00172932 1.8731e-07 0)
(-0.00172625 1.86291e-07 0)
(-0.0017232 1.84541e-07 0)
(-0.00172012 1.84137e-07 0)
(-0.00171707 1.81911e-07 0)
(-0.00171397 1.82689e-07 0)
(-0.00171095 1.78726e-07 0)
(-0.0017078 1.82057e-07 0)
(-0.00170483 1.74466e-07 0)
(-0.00170157 1.83859e-07 0)
(-0.00169873 1.67361e-07 0)
(-0.00169527 1.90186e-07 0)
(-0.00169269 1.54329e-07 0)
(-0.00168881 2.05722e-07 0)
(-0.00168677 1.29284e-07 0)
(-0.00168213 2.3859e-07 0)
(-0.001681 8.24146e-08 0)
(-0.00167518 2.97064e-07 0)
(-0.00167539 7.88325e-09 0)
(-0.00166801 3.26166e-07 0)
(-0.0353486 -0.00214401 0)
(-0.0160253 -0.000524887 0)
(-0.0106051 -0.000100776 0)
(-0.00845162 -3.53167e-05 0)
(-0.00748023 -1.9919e-05 0)
(-0.00684479 -1.61838e-05 0)
(-0.00633534 -1.34227e-05 0)
(-0.00592208 -1.09717e-05 0)
(-0.00558503 -9.15583e-06 0)
(-0.00530377 -7.8455e-06 0)
(-0.0050637 -6.8549e-06 0)
(-0.0048554 -6.07362e-06 0)
(-0.0046724 -5.44164e-06 0)
(-0.00450997 -4.92175e-06 0)
(-0.00436454 -4.48815e-06 0)
(-0.00423333 -4.12225e-06 0)
(-0.00411416 -3.81044e-06 0)
(-0.00400527 -3.54231e-06 0)
(-0.00390525 -3.31009e-06 0)
(-0.00381291 -3.10768e-06 0)
(-0.0037273 -2.93027e-06 0)
(-0.0036476 -2.7743e-06 0)
(-0.00357311 -2.63668e-06 0)
(-0.00350323 -2.51485e-06 0)
(-0.00343746 -2.40701e-06 0)
(-0.00337535 -2.31158e-06 0)
(-0.0033165 -2.22705e-06 0)
(-0.00326058 -2.15237e-06 0)
(-0.00320727 -2.08661e-06 0)
(-0.0031563 -2.02916e-06 0)
(-0.00310743 -1.97899e-06 0)
(-0.00306042 -1.9363e-06 0)
(-0.0030151 -1.89944e-06 0)
(-0.00297123 -1.86963e-06 0)
(-0.00292871 -1.84429e-06 0)
(-0.00288731 -1.82641e-06 0)
(-0.00284695 -1.81069e-06 0)
(-0.00280749 -1.8037e-06 0)
(-0.0027687 -1.79696e-06 0)
(-0.00273081 -1.79856e-06 0)
(-0.00269293 -1.8027e-06 0)
(-0.00265665 -1.80341e-06 0)
(-0.00261859 -1.83283e-06 0)
(-0.00258499 -1.79636e-06 0)
(-0.0025442 -1.91323e-06 0)
(-0.00251736 -1.69976e-06 0)
(-0.0024667 -2.16762e-06 0)
(-0.00245891 -1.03955e-06 0)
(-0.0023853 -6.25085e-06 0)
(-0.00226524 0.000161038 0)
(-3.71473e-05 1.94526e-05 0)
(-4.24777e-05 9.52617e-05 0)
(-4.77852e-05 0.000168906 0)
(-5.21739e-05 0.000244555 0)
(-5.39922e-05 0.000319076 0)
(-5.17655e-05 0.000387744 0)
(-4.46384e-05 0.000445183 0)
(-3.23695e-05 0.000485817 0)
(-1.49222e-05 0.000503966 0)
(6.65797e-06 0.000494337 0)
(3.04324e-05 0.000454471 0)
(5.47463e-05 0.000383428 0)
(7.74578e-05 0.000283279 0)
(9.72419e-05 0.000158373 0)
(0.000111939 1.36912e-05 0)
(0.000122337 -0.000144676 0)
(0.000128431 -0.000310339 0)
(0.000130281 -0.000478297 0)
(0.000128219 -0.000644764 0)
(0.000122752 -0.000805993 0)
(0.000114534 -0.000958523 0)
(0.000104315 -0.00109999 0)
(9.28042e-05 -0.00122886 0)
(8.06291e-05 -0.00134436 0)
(6.83136e-05 -0.00144627 0)
(5.62931e-05 -0.00153488 0)
(4.49298e-05 -0.00161081 0)
(3.45043e-05 -0.001675 0)
(2.52017e-05 -0.00172855 0)
(1.71104e-05 -0.00177272 0)
(1.02167e-05 -0.00180877 0)
(4.42867e-06 -0.00183791 0)
(-4.20391e-07 -0.00186131 0)
(-4.56838e-06 -0.00187989 0)
(-8.25393e-06 -0.00189439 0)
(-1.17486e-05 -0.00190538 0)
(-1.53309e-05 -0.0019131 0)
(-1.92471e-05 -0.0019177 0)
(-2.37685e-05 -0.00191902 0)
(-2.91651e-05 -0.00191674 0)
(-3.55048e-05 -0.00191046 0)
(-4.29308e-05 -0.00189957 0)
(-5.15354e-05 -0.00188346 0)
(-6.13308e-05 -0.00186145 0)
(-7.22503e-05 -0.00183287 0)
(-8.41632e-05 -0.00179699 0)
(-9.69102e-05 -0.00175322 0)
(-0.000110292 -0.00170108 0)
(-0.000124053 -0.00164021 0)
(-0.000137868 -0.00157034 0)
(-0.000151323 -0.00149137 0)
(-0.000163916 -0.00140344 0)
(-0.000175023 -0.00130688 0)
(-0.000183868 -0.00120231 0)
(-0.000189571 -0.00109075 0)
(-0.000191301 -0.000973704 0)
(-0.000188521 -0.000853111 0)
(-0.000181138 -0.000731225 0)
(-0.000169568 -0.00061041 0)
(-0.000154682 -0.000492866 0)
(-0.000137614 -0.000380341 0)
(-0.000119483 -0.000274 0)
(-0.000101055 -0.000174548 0)
(-8.27236e-05 -8.24527e-05 0)
(-6.47749e-05 1.88722e-06 0)
(-4.76285e-05 7.81899e-05 0)
(-3.19139e-05 0.000146463 0)
(-1.82155e-05 0.000207159 0)
(-6.63939e-06 0.000261079 0)
(3.42183e-06 0.000308985 0)
(1.30468e-05 0.000351253 0)
(2.32214e-05 0.00038779 0)
(3.43214e-05 0.000418238 0)
(4.58729e-05 0.00044224 0)
(5.6679e-05 0.000459689 0)
(6.5196e-05 0.000470953 0)
(6.98853e-05 0.000476899 0)
(6.95614e-05 0.000478873 0)
(6.37577e-05 0.000478536 0)
(5.29169e-05 0.000477527 0)
(3.82695e-05 0.000477199 0)
(2.16075e-05 0.000478654 0)
(5.33108e-06 0.000482297 0)
(-7.66498e-06 0.000487323 0)
(-1.52485e-05 0.000491538 0)
(-1.67941e-05 0.000492427 0)
(-1.3674e-05 0.00048857 0)
(-7.92873e-06 0.00048002 0)
(-1.2291e-06 0.000467975 0)
(5.82095e-06 0.000454381 0)
(1.3393e-05 0.000440483 0)
(2.15232e-05 0.000426559 0)
(2.98406e-05 0.000412278 0)
(3.74189e-05 0.00039718 0)
(4.30473e-05 0.00038123 0)
(4.57889e-05 0.000365057 0)
(4.53107e-05 0.00034977 0)
(4.20948e-05 0.000336346 0)
(3.70057e-05 0.000325305 0)
(3.08801e-05 0.000316698 0)
(2.43575e-05 0.000310444 0)
(1.7871e-05 0.000306446 0)
(1.16841e-05 0.000304596 0)
(5.87173e-06 0.000304794 0)
(4.63409e-07 0.000306965 0)
(-4.54815e-06 0.000310987 0)
(-9.19134e-06 0.000316698 0)
(-1.34947e-05 0.000323917 0)
(-1.74733e-05 0.000332451 0)
(-2.11168e-05 0.000342107 0)
(-2.43872e-05 0.000352689 0)
(-2.72336e-05 0.000363984 0)
(-2.96134e-05 0.000375779 0)
(-3.14911e-05 0.000387865 0)
(-3.2842e-05 0.000400043 0)
(-3.36494e-05 0.000412121 0)
(-3.39073e-05 0.000423911 0)
(-3.3619e-05 0.000435241 0)
(-3.27971e-05 0.000445946 0)
(-3.1462e-05 0.000455878 0)
(-2.96403e-05 0.000464901 0)
(-2.73663e-05 0.000472895 0)
(-2.46811e-05 0.000479756 0)
(-2.16341e-05 0.000485399 0)
(-1.82869e-05 0.000489766 0)
(-1.47047e-05 0.000492807 0)
(-1.09521e-05 0.0004945 0)
(-7.11734e-06 0.000494842 0)
(-3.28564e-06 0.000493888 0)
(4.94017e-07 0.000491706 0)
(4.17137e-06 0.000488359 0)
(7.68777e-06 0.00048393 0)
(1.0995e-05 0.000478519 0)
(1.40492e-05 0.000472235 0)
(1.68159e-05 0.0004652 0)
(1.92695e-05 0.000457538 0)
(2.13935e-05 0.00044938 0)
(2.31812e-05 0.000440851 0)
(2.46349e-05 0.000432076 0)
(2.57674e-05 0.000423171 0)
(2.65974e-05 0.000414238 0)
(2.71492e-05 0.000405371 0)
(2.74499e-05 0.000396648 0)
(2.75288e-05 0.000388135 0)
(2.74172e-05 0.000379883 0)
(2.71442e-05 0.00037193 0)
(2.67392e-05 0.000364305 0)
(2.62313e-05 0.000357021 0)
(2.56469e-05 0.000350087 0)
(2.50142e-05 0.000343501 0)
(2.43625e-05 0.000337251 0)
(2.37211e-05 0.00033132 0)
(2.31234e-05 0.000325682 0)
(2.26026e-05 0.000320301 0)
(2.21944e-05 0.000315138 0)
(2.19361e-05 0.000310141 0)
(2.18659e-05 0.000305255 0)
(2.20233e-05 0.000300417 0)
(2.2447e-05 0.000295557 0)
(2.31706e-05 0.000290597 0)
(2.42257e-05 0.00028546 0)
(2.56407e-05 0.000280062 0)
(2.74325e-05 0.000274316 0)
(2.96154e-05 0.000268143 0)
(3.21939e-05 0.000261458 0)
(3.51636e-05 0.000254184 0)
(3.85098e-05 0.000246247 0)
(4.22075e-05 0.000237587 0)
(4.62259e-05 0.000228145 0)
(5.05207e-05 0.000217878 0)
(5.50418e-05 0.000206755 0)
(5.97307e-05 0.000194759 0)
(6.45239e-05 0.000181889 0)
(6.93571e-05 0.00016816 0)
(7.41644e-05 0.00015359 0)
(7.89029e-05 0.000138284 0)
(8.35e-05 0.000122285 0)
(8.78876e-05 0.000105635 0)
(9.20111e-05 8.84106e-05 0)
(9.58213e-05 7.06964e-05 0)
(9.92738e-05 5.25909e-05 0)
(0.000102331 3.42059e-05 0)
(0.000104966 1.56637e-05 0)
(0.000107162 -2.9106e-06 0)
(0.000108906 -2.13968e-05 0)
(0.000110194 -3.96938e-05 0)
(0.000111008 -5.77337e-05 0)
(0.0001113 -7.5496e-05 0)
(0.000110962 -9.30294e-05 0)
(0.000109775 -0.000110482 0)
(0.000107377 -0.000128211 0)
(0.000103042 -0.00014684 0)
(9.54996e-05 -0.000167535 0)
(8.26194e-05 -0.000192599 0)
(6.07947e-05 -0.000226461 0)
(2.3498e-05 -0.000277053 0)
(-4.13452e-05 -0.000358464 0)
(-0.000156505 -0.000492195 0)
(-0.000349467 -0.000700095 0)
(-0.000621834 -0.000983168 0)
(4.1357e-06 4.34742e-05 0)
(-5.99519e-05 6.70303e-05 0)
(-0.000129419 7.30357e-05 0)
(-0.000195279 7.20312e-05 0)
(-0.000258733 7.02364e-05 0)
(-0.000320437 6.87269e-05 0)
(-0.000380938 6.7791e-05 0)
(-0.000440757 6.75311e-05 0)
(-0.000500482 6.80409e-05 0)
(-0.000560769 6.93019e-05 0)
(-0.000622226 7.12731e-05 0)
(-0.000685729 7.37245e-05 0)
(-0.000751335 7.54545e-05 0)
(-0.000817923 7.64849e-05 0)
(-0.000886283 7.73191e-05 0)
(-0.000956085 7.40977e-05 0)
(-0.00102046 6.46898e-05 0)
(-0.0010733 5.29019e-05 0)
(-0.00111465 4.03703e-05 0)
(-0.0011454 2.33342e-05 0)
(-0.00115969 -1.26269e-06 0)
(-0.00115147 -2.82667e-05 0)
(-0.00112623 -4.5357e-05 0)
(-0.00109974 -5.15643e-05 0)
(-0.00108043 -5.46432e-05 0)
(-0.0010666 -4.5346e-05 0)
(-0.00106919 -3.80056e-06 0)
(-0.00110497 6.50798e-05 0)
(-0.00117438 0.000137523 0)
(-0.00126551 0.000183571 0)
(-0.00135283 0.000179216 0)
(-0.00141026 0.000129032 0)
(-0.00142627 5.82588e-05 0)
(-0.00140095 -1.09698e-05 0)
(-0.00134182 -7.35745e-05 0)
(-0.00125007 -0.000135193 0)
(-0.00111828 -0.000199155 0)
(-0.000945134 -0.000262883 0)
(-0.000729018 -0.00031963 0)
(-0.00046897 -0.000359645 0)
(-0.000178296 -0.000372849 0)
(0.000110584 -0.000366375 0)
(0.000392524 -0.000355708 0)
(0.00066911 -0.000334692 0)
(0.000930642 -0.000301175 0)
(0.00116595 -0.00025729 0)
(0.001368 -0.000208262 0)
(0.00153346 -0.000159658 0)
(0.00166246 -0.00011626 0)
(0.00175843 -8.00378e-05 0)
(0.00182554 -4.83773e-05 0)
(0.00186639 -1.3124e-05 0)
(0.0018796 3.38773e-05 0)
(0.00185778 9.15392e-05 0)
(0.00181165 0.000148172 0)
(0.00181316 0.000184481 0)
(0.0018336 0.00016155 0)
(0.0018699 3.95963e-05 0)
(0.00194489 -0.000170317 0)
(0.00209706 -0.000381764 0)
(0.00232708 -0.000465483 0)
(0.00253893 -0.000331344 0)
(0.00259343 -5.07548e-05 0)
(0.00246341 0.000171932 0)
(0.00227485 0.000219146 0)
(0.00214143 0.000147255 0)
(0.00208055 5.92831e-05 0)
(0.00206043 1.04951e-05 0)
(0.00204708 4.83323e-06 0)
(0.00202266 1.92885e-05 0)
(0.00198705 3.03265e-05 0)
(0.00194809 3.09403e-05 0)
(0.00190995 2.85673e-05 0)
(0.00186974 3.1628e-05 0)
(0.00182252 4.0847e-05 0)
(0.00176666 5.12924e-05 0)
(0.0017042 5.90249e-05 0)
(0.00163756 6.41297e-05 0)
(0.00156724 6.90238e-05 0)
(0.00149192 7.57549e-05 0)
(0.00140975 8.49086e-05 0)
(0.00131921 9.5961e-05 0)
(0.00121941 0.00010798 0)
(0.0011101 0.000119961 0)
(0.000991785 0.000130802 0)
(0.000865934 0.000139204 0)
(0.000735332 0.000143702 0)
(0.000604044 0.000142987 0)
(0.000476751 0.000136317 0)
(0.000358336 0.000123864 0)
(0.000253595 0.000106984 0)
(0.00016545 8.90854e-05 0)
(9.31292e-05 7.48581e-05 0)
(3.04502e-05 6.90277e-05 0)
(-3.28471e-05 7.31205e-05 0)
(-0.000106327 7.96935e-05 0)
(-0.000195629 7.17052e-05 0)
(-0.000271454 -7.708e-06 0)
(-0.000227015 -0.000127474 0)
(-1.25803e-05 -0.00016536 0)
(-0.00015609 -7.85406e-05 0)
(-0.000119599 -0.000315364 0)
(-7.27241e-05 -0.000436693 0)
(-7.42507e-05 -0.000497326 0)
(-9.56859e-05 -0.000557813 0)
(-0.000102167 -0.000644188 0)
(-0.000102175 -0.000767784 0)
(-0.000114506 -0.00093834 0)
(-0.00012963 -0.00114708 0)
(-0.000136024 -0.00136928 0)
(-0.000134603 -0.00158589 0)
(-0.000129923 -0.00178928 0)
(-0.000126184 -0.00198043 0)
(-0.000117 -0.00216092 0)
(-9.17485e-05 -0.0023245 0)
(-4.20966e-05 -0.00245469 0)
(3.20268e-05 -0.00252621 0)
(0.000120298 -0.00251254 0)
(0.000211241 -0.00239659 0)
(0.000292692 -0.00217748 0)
(0.000361311 -0.00186656 0)
(0.000411129 -0.00147861 0)
(0.000430872 -0.00103911 0)
(0.000411888 -0.000592204 0)
(0.000354645 -0.000182834 0)
(0.000254037 0.0001684 0)
(0.000100888 0.000445213 0)
(-8.0387e-05 0.000563009 0)
(-0.000184513 0.000398757 0)
(-0.000274055 0.000225451 0)
(-0.000312992 -3.48085e-05 0)
(-0.000263679 -0.000322511 0)
(-0.000149681 -0.000542953 0)
(-6.32284e-05 -0.000676298 0)
(-2.69602e-05 -0.000750289 0)
(-2.80246e-05 -0.000817811 0)
(-9.70304e-05 -0.000825715 0)
(-0.000186299 -0.000817548 0)
(-0.000251443 -0.00082932 0)
(-0.000275512 -0.000858747 0)
(-0.000251951 -0.00087907 0)
(-0.000162501 -0.000852866 0)
(5.10718e-06 -0.000751256 0)
(0.000237462 -0.000550925 0)
(0.000480172 -0.000223265 0)
(0.00054791 0.000177288 0)
(0.000393329 0.00046086 0)
(0.000260013 0.000604419 0)
(0.000210319 0.000712584 0)
(0.000173315 0.000822029 0)
(0.000142435 0.000910098 0)
(0.000123862 0.000986537 0)
(0.000107498 0.00105562 0)
(9.56575e-05 0.00111585 0)
(8.73669e-05 0.00117092 0)
(8.06555e-05 0.00122168 0)
(7.6058e-05 0.0012686 0)
(7.27082e-05 0.00131283 0)
(7.01412e-05 0.00135456 0)
(6.82407e-05 0.0013941 0)
(6.65778e-05 0.00143168 0)
(6.49608e-05 0.00146734 0)
(6.32246e-05 0.0015011 0)
(6.12053e-05 0.00153296 0)
(5.88433e-05 0.00156293 0)
(5.61274e-05 0.00159102 0)
(5.31298e-05 0.00161732 0)
(5.00084e-05 0.00164199 0)
(4.69585e-05 0.00166532 0)
(4.42111e-05 0.0016876 0)
(4.19682e-05 0.00170909 0)
(4.02985e-05 0.00172996 0)
(3.90467e-05 0.00175025 0)
(3.77795e-05 0.00176972 0)
(3.58162e-05 0.00178789 0)
(3.23485e-05 0.00180417 0)
(2.66895e-05 0.00181796 0)
(1.85663e-05 0.00182905 0)
(8.36719e-06 0.00183777 0)
(-2.82099e-06 0.00184512 0)
(-1.3553e-05 0.00185266 0)
(-2.24024e-05 0.00186215 0)
(-2.79815e-05 0.00187503 0)
(-2.87829e-05 0.00189225 0)
(-2.30346e-05 0.00191443 0)
(-8.70689e-06 0.00194217 0)
(1.62843e-05 0.00197625 0)
(5.38345e-05 0.00201777 0)
(0.000104538 0.00206879 0)
(0.000165326 0.00213357 0)
(0.000226646 0.00221593 0)
(0.000272448 0.00231552 0)
(0.000286821 0.002423 0)
(0.000265458 0.00252109 0)
(0.000221128 0.00259499 0)
(0.000174485 0.00264294 0)
(0.00013837 0.00267471 0)
(0.00011254 0.00270011 0)
(9.16478e-05 0.00272185 0)
(7.34608e-05 0.00273857 0)
(5.88653e-05 0.00275027 0)
(4.81051e-05 0.00275892 0)
(3.99117e-05 0.00276591 0)
(3.31617e-05 0.00277138 0)
(2.75861e-05 0.00277531 0)
(2.31391e-05 0.00277806 0)
(1.9522e-05 0.00278007 0)
(1.641e-05 0.00278147 0)
(1.37199e-05 0.00278231 0)
(1.13998e-05 0.00278274 0)
(9.40233e-06 0.00278288 0)
(7.71581e-06 0.00278284 0)
(6.35718e-06 0.00278274 0)
(5.37011e-06 0.00278273 0)
(4.78533e-06 0.002783 0)
(4.67239e-06 0.00278385 0)
(5.11745e-06 0.0027853 0)
(6.18317e-06 0.00278749 0)
(7.94786e-06 0.00279058 0)
(1.04617e-05 0.0027947 0)
(1.3765e-05 0.00279992 0)
(1.78489e-05 0.00280634 0)
(2.26332e-05 0.00281396 0)
(2.79426e-05 0.0028228 0)
(3.34984e-05 0.00283277 0)
(3.88928e-05 0.00284378 0)
(4.36096e-05 0.0028556 0)
(4.70851e-05 0.00286793 0)
(4.87689e-05 0.00288035 0)
(4.82266e-05 0.00289258 0)
(4.5202e-05 0.00290416 0)
(3.96836e-05 0.0029139 0)
(3.19155e-05 0.00292117 0)
(2.23078e-05 0.00292545 0)
(1.1535e-05 0.00292641 0)
(8.35153e-08 0.00292419 0)
(-1.17961e-05 0.00291876 0)
(-2.38164e-05 0.00291016 0)
(-3.57926e-05 0.00289844 0)
(-4.75925e-05 0.00288363 0)
(-5.90926e-05 0.00286572 0)
(-7.01368e-05 0.00284472 0)
(-8.05766e-05 0.00282065 0)
(-9.02197e-05 0.00279355 0)
(-9.886e-05 0.00276351 0)
(-0.000106328 0.00273069 0)
(-0.000112488 0.0026953 0)
(-0.000117323 0.00265763 0)
(-0.000120948 0.00261798 0)
(-0.000123678 0.00257675 0)
(-0.000126049 0.00253422 0)
(-0.000128753 0.00249058 0)
(-0.000132611 0.00244577 0)
(-0.000138404 0.00239942 0)
(-0.000146684 0.00235083 0)
(-0.000157623 0.00229914 0)
(-0.000171029 0.00224353 0)
(-0.000186392 0.00218339 0)
(-0.000203044 0.00211856 0)
(-0.000220525 0.00204941 0)
(-0.000238755 0.00197656 0)
(-0.000258125 0.00190076 0)
(-0.000279462 0.00182251 0)
(-0.00030382 0.00174195 0)
(-0.000332254 0.00165874 0)
(-0.00036556 0.00157209 0)
(-0.00040412 0.001481 0)
(-0.000447881 0.00138448 0)
(-0.000496404 0.00128168 0)
(-0.000548998 0.0011721 0)
(-0.000604872 0.00105557 0)
(-0.000663532 0.000932191 0)
(-0.000724915 0.000801721 0)
(-0.00079498 0.000669582 0)
(-0.000877254 0.000535031 0)
(-0.000960998 0.000388535 0)
(-0.0010463 0.000230503 0)
(-0.00113144 6.16272e-05 0)
(-0.0012138 -0.000115466 0)
(-0.00129424 -0.000297702 0)
(-0.00137566 -0.000483604 0)
(-0.00145963 -0.000672567 0)
(-0.00154802 -0.000864755 0)
(-0.00164244 -0.00106074 0)
(-0.00174493 -0.00126158 0)
(-0.00185714 -0.00146894 0)
(-0.0019974 -0.00169826 0)
(-0.00215058 -0.00193704 0)
(-0.00231875 -0.00218719 0)
(-0.00250331 -0.00244777 0)
(-0.00270696 -0.0027237 0)
(-0.00293027 -0.00300731 0)
(-0.0031798 -0.00331809 0)
(-0.00344953 -0.00361983 0)
(-0.00376069 -0.00398863 0)
(-0.00407814 -0.00428056 0)
(-0.00447487 -0.00477252 0)
(-0.00480108 -0.00494873 0)
(-0.00528094 -0.00574335 0)
(-0.00527919 -0.00538192 0)
)
;
    }
    frontAndBack
    {
        type            empty;
    }
}


// ************************************************************************* //
