/*--------------------------------*- C++ -*----------------------------------*\
  =========                 |
  \\      /  F ield         | OpenFOAM: The Open Source CFD Toolbox
   \\    /   O peration     | Website:  https://openfoam.org
    \\  /    A nd           | Version:  7
     \\/     M anipulation  |
\*---------------------------------------------------------------------------*/
FoamFile
{
    version     2.0;
    format      ascii;
    class       volScalarField;
    location    "0.11";
    object      yPlus;
}
// * * * * * * * * * * * * * * * * * * * * * * * * * * * * * * * * * * * * * //

dimensions      [0 0 0 0 0 0 0];

internalField   uniform 0;

boundaryField
{
    velocityInlet
    {
        type            calculated;
        value           uniform 0;
    }
    pressureOutlet
    {
        type            calculated;
        value           uniform 0;
    }
    fixedWalls
    {
        type            calculated;
        value           nonuniform List<scalar> 
100
(
2.21511
1.58358
0.223287
1.17792
1.29784
1.39188
1.26019
1.06061
0.799699
0.524396
0.22422
0.23167
0.248806
0.106539
0.268855
0.401314
0.484601
0.528877
0.535591
0.498297
0.394515
0.0879246
0.49083
0.726791
0.891997
0.965207
0.906836
0.62616
0.53726
0.971493
1.16449
1.18491
1.05593
0.801238
0.392219
0.49879
0.726623
0.837705
0.89413
0.922003
0.936609
0.946908
0.955307
0.957311
0.944479
0.910103
0.854321
0.784413
0.70877
0.628766
0.534293
0.401271
0.125306
0.38361
0.54635
0.644545
0.688057
0.677433
0.614731
0.500042
0.316824
0.221585
0.427164
0.540461
0.612058
0.655423
0.677148
0.682063
0.675474
0.664009
0.654872
0.653797
0.662812
0.679908
0.700904
0.721609
0.739013
0.751354
0.757734
0.757779
0.751492
0.739269
0.721838
0.700146
0.674785
0.644954
0.607376
0.557051
0.489448
0.403102
0.30119
0.194965
0.145904
0.212252
0.34723
0.461906
0.585842
0.662046
0.740533
0.807102
)
;
    }
    bottomWall
    {
        type            calculated;
        value           nonuniform List<scalar> 
800
(
2.9448
1.98394
1.61353
1.44049
1.35544
1.2969
1.24806
1.20706
1.17263
1.14318
1.1175
1.09479
1.07451
1.05624
1.03967
1.02455
1.01067
0.997871
0.986025
0.975017
0.964753
0.955156
0.946155
0.937694
0.929721
0.922194
0.915073
0.908324
0.901918
0.895827
0.890028
0.884499
0.879222
0.874177
0.869352
0.86473
0.860299
0.856047
0.851963
0.848038
0.844263
0.840628
0.837125
0.83375
0.830493
0.82735
0.824312
0.82138
0.818541
0.815799
0.813498
0.811594
0.80971
0.80785
0.806016
0.804206
0.802418
0.800653
0.798909
0.797187
0.795487
0.793806
0.792146
0.790505
0.788884
0.787282
0.785699
0.784133
0.782587
0.781056
0.779543
0.778048
0.776569
0.775106
0.77366
0.77223
0.770813
0.769413
0.768028
0.766657
0.7653
0.763957
0.762629
0.761313
0.760012
0.758724
0.757448
0.756184
0.754933
0.753696
0.752468
0.751254
0.750051
0.74886
0.74768
0.74651
0.745352
0.744205
0.743068
0.741941
0.740826
0.739719
0.738624
0.737537
0.736461
0.735393
0.734335
0.733287
0.732247
0.731217
0.730196
0.729183
0.728179
0.727183
0.726195
0.725216
0.724246
0.723283
0.722328
0.721381
0.720442
0.71951
0.718587
0.71767
0.71676
0.715858
0.714964
0.714076
0.713195
0.712321
0.711453
0.710593
0.709739
0.708891
0.70805
0.707216
0.706388
0.705565
0.70475
0.703939
0.703135
0.702336
0.701544
0.700758
0.699976
0.699201
0.698431
0.697667
0.696907
0.696154
0.69552
0.695002
0.694484
0.693962
0.693441
0.692919
0.692395
0.69187
0.691345
0.690818
0.69029
0.689761
0.68923
0.688699
0.688167
0.687634
0.6871
0.686565
0.686029
0.685492
0.684954
0.684415
0.683876
0.683334
0.682793
0.68225
0.681707
0.681162
0.680617
0.68007
0.679524
0.678976
0.678427
0.677877
0.677327
0.676777
0.676224
0.675672
0.675119
0.674565
0.67401
0.673454
0.672898
0.672342
0.671783
0.671226
0.670667
0.670107
0.669547
0.668987
0.668426
0.667863
0.667301
0.666738
0.666175
0.66561
0.665045
0.664481
0.663915
0.663348
0.662781
0.662215
0.661647
0.661079
0.66051
0.659942
0.659372
0.658802
0.658232
0.657662
0.65709
0.656519
0.655947
0.655374
0.654801
0.654228
0.653654
0.653079
0.652504
0.651929
0.651354
0.650775
0.650199
0.649619
0.649043
0.648457
0.647884
0.647288
0.646725
0.646107
0.645567
0.644908
0.644419
0.643679
0.64329
0.642404
0.64219
0.641077
0.641117
0.639702
2.94478
1.98383
1.61324
1.43998
1.35468
1.29586
1.24671
1.20536
1.17056
1.1407
1.11459
1.09142
1.07065
1.05188
1.03478
1.01911
1.00466
0.991277
0.978821
0.96718
0.956261
0.945982
0.936272
0.927072
0.918329
0.909994
0.902027
0.894389
0.887048
0.879971
0.873132
0.866503
0.860062
0.853783
0.847651
0.841639
0.835736
0.829923
0.824171
0.818512
0.812815
0.807321
0.801518
0.796358
0.790051
0.78587
0.777927
0.77669
0.765377
0.744446
0.551817
0.989186
1.30946
1.57085
1.79033
1.96998
2.10758
2.19866
2.23665
2.21305
2.12045
1.94706
1.67518
1.26637
0.71048
1.24995
1.7789
2.1948
2.54221
2.83914
3.09435
3.31384
3.5021
3.66284
3.79922
3.91409
4.01008
4.0896
4.1549
4.20808
4.25105
4.2855
4.31296
4.3346
4.35137
4.36396
4.37269
4.37775
4.37895
4.37599
4.36843
4.35553
4.33657
4.31075
4.27717
4.23484
4.18277
4.12009
4.04587
3.95919
3.85914
3.74489
3.61561
3.47058
3.30922
3.13117
2.93629
2.7246
2.49609
2.25023
1.98499
1.69521
1.36898
0.974687
0.409388
0.839748
1.18145
1.42013
1.6027
1.74791
1.86529
1.96024
2.03615
2.09538
2.13971
2.17093
2.19106
2.20257
2.20823
2.21072
2.21254
2.21595
2.22146
2.22729
2.22919
2.22318
2.20784
2.18363
2.15254
2.11808
2.083
2.04853
2.01454
1.98022
1.94494
1.90928
1.87497
1.84362
1.81636
1.79368
1.77601
1.76376
1.75727
1.75667
1.76188
1.77256
1.78814
1.80792
1.83114
1.85705
1.88493
1.91412
1.94402
1.97409
2.00383
2.03281
2.06062
2.08692
2.11138
2.13375
2.1538
2.17132
2.18617
2.19823
2.20744
2.21373
2.21712
2.21761
2.21531
2.21037
2.2029
2.19305
2.18102
2.16701
2.15125
2.13397
2.11542
2.09584
2.07549
2.0546
2.0334
2.0121
1.99088
1.9699
1.94932
1.92923
1.90973
1.89088
1.87271
1.85524
1.83844
1.82229
1.80671
1.79162
1.7769
1.7624
1.74796
1.7334
1.71851
1.70305
1.6868
1.66948
1.65085
1.63064
1.60858
1.58439
1.5578
1.52855
1.49637
1.461
1.42218
1.37967
1.3332
1.28255
1.22748
1.16806
1.1041
1.03549
0.962695
0.887212
0.81301
0.749177
0.711882
0.716511
0.760633
0.827109
0.901119
0.974873
1.04494
1.10979
1.16877
1.22092
1.26473
1.29828
1.31917
1.32513
1.32286
1.35473
1.53663
1.9593
0.488391
1.0801
1.48017
1.79522
2.0596
2.28961
2.49538
2.68376
2.85972
3.02705
3.18856
3.34671
3.50209
3.65328
3.80116
3.9445
4.07274
4.17619
4.25397
4.30792
4.33089
4.31728
4.27538
4.22757
4.19501
4.18651
4.21733
4.30221
4.42922
4.57019
4.68832
4.75997
4.7779
4.73693
4.63807
4.47644
4.23499
3.9022
3.45275
2.83896
2.05178
1.87422
2.63554
3.32776
3.88981
4.34101
4.69899
4.97723
5.18712
5.33946
5.44151
5.49638
5.50373
5.45981
5.39497
5.42978
5.51889
5.63203
5.76965
5.95689
6.17553
6.34074
6.37413
6.26728
6.09846
5.95297
5.86124
5.80961
5.77275
5.73376
5.68773
5.63617
5.5802
5.51754
5.44491
5.36109
5.2671
5.1641
5.05163
4.9275
4.78854
4.63131
4.45244
4.24872
4.01743
3.7568
3.46679
3.1494
2.80789
2.44688
2.07291
1.69017
1.28986
0.842525
0.882804
1.35235
1.73131
1.97776
1.86933
1.00818
1.13911
1.76747
2.08634
2.24431
2.37334
2.53782
2.76949
3.06696
3.3915
3.70301
3.98325
4.23049
4.44996
4.64504
4.81197
4.93883
5.00657
4.99259
4.87857
4.65474
4.31654
3.85514
3.25913
2.52366
1.63968
1.31379
1.99027
2.28476
1.96859
1.60949
1.29426
1.79114
2.26541
2.56854
2.74058
2.89621
2.94265
2.93832
2.95053
2.97836
2.97163
2.85966
2.59344
2.14349
1.71299
1.9003
2.17281
2.42753
2.6564
2.85315
3.00614
3.13338
3.2426
3.33611
3.41877
3.49308
3.5605
3.62259
3.68011
3.73368
3.78372
3.83048
3.87411
3.91473
3.95249
3.98752
4.02005
4.05043
4.07908
4.10646
4.13288
4.15851
4.18319
4.20642
4.22741
4.24533
4.25954
4.27013
4.27815
4.28538
4.29403
4.30635
4.3241
4.34841
4.37999
4.41945
4.4676
4.52513
4.59226
4.66938
4.75463
4.84354
4.92918
5.00466
5.06632
5.11452
5.15192
5.18125
5.20428
5.22207
5.23566
5.24608
5.25405
5.26006
5.26453
5.26779
5.27012
5.27171
5.27273
5.27334
5.27365
5.27377
5.27384
5.27405
5.27458
5.27572
5.27751
5.28009
5.28364
5.28826
5.294
5.3009
5.3089
5.31789
5.32767
5.33799
5.34852
5.3589
5.36877
5.37798
5.38632
5.39298
5.39762
5.39996
5.39977
5.39709
5.39178
5.3838
5.37309
5.35963
5.34339
5.3244
5.30268
5.27826
5.2512
5.22157
5.18943
5.15488
5.11795
5.07866
5.03696
4.99273
4.94576
4.89575
4.84229
4.78498
4.72336
4.657
4.58548
4.50848
4.42564
4.33665
4.24109
4.13851
4.02833
3.9099
3.78246
3.64522
3.49738
3.33826
3.16757
2.98591
2.7955
2.61379
2.45856
2.34248
2.3119
2.3982
2.58692
2.83294
3.10149
3.37535
3.64779
3.91691
4.18288
4.4472
4.73181
5.01681
5.30341
5.59231
5.88519
6.18155
6.48554
6.79201
7.11409
7.42972
7.78244
8.09269
8.4978
8.72902
)
;
    }
    frontAndBack
    {
        type            empty;
    }
}


// ************************************************************************* //
