/*--------------------------------*- C++ -*----------------------------------*\
  =========                 |
  \\      /  F ield         | OpenFOAM: The Open Source CFD Toolbox
   \\    /   O peration     | Website:  https://openfoam.org
    \\  /    A nd           | Version:  7
     \\/     M anipulation  |
\*---------------------------------------------------------------------------*/
FoamFile
{
    version     2.0;
    format      ascii;
    class       volScalarField;
    location    "0.39";
    object      yPlus;
}
// * * * * * * * * * * * * * * * * * * * * * * * * * * * * * * * * * * * * * //

dimensions      [0 0 0 0 0 0 0];

internalField   uniform 0;

boundaryField
{
    velocityInlet
    {
        type            calculated;
        value           uniform 0;
    }
    pressureOutlet
    {
        type            calculated;
        value           uniform 0;
    }
    fixedWalls
    {
        type            calculated;
        value           nonuniform List<scalar> 
100
(
2.20914
1.112
0.740561
1.22587
1.25825
1.25329
1.23051
1.19705
1.16349
1.1368
1.11955
1.11119
1.10993
1.11374
1.12097
1.13093
1.1436
1.16042
1.18433
1.22855
1.32298
1.46015
1.56219
1.57066
1.52882
1.54786
1.64593
1.69665
1.55473
1.02377
0.930312
1.60383
1.91765
2.01784
1.95522
1.75944
1.45175
1.04263
0.462651
0.663037
0.936428
1.07358
1.14881
1.19067
1.2112
1.21359
1.19551
1.15027
1.06673
0.929201
0.706115
0.252072
0.629751
0.893529
1.04039
1.09196
1.04932
0.914396
0.6851
0.289716
0.508404
0.720108
0.833274
0.894681
0.925984
0.940204
0.945136
0.944645
0.939674
0.929154
0.911201
0.884333
0.848213
0.803743
0.75271
0.697064
0.637812
0.574327
0.505217
0.429731
0.349105
0.269992
0.219249
0.245067
0.340442
0.454761
0.558578
0.63868
0.692424
0.722115
0.733412
0.734235
0.729429
0.729026
0.733187
0.745073
0.784324
0.796882
0.919299
1.00889
)
;
    }
    bottomWall
    {
        type            calculated;
        value           nonuniform List<scalar> 
800
(
2.94479
1.98389
1.61342
1.4403
1.35518
1.29656
1.24763
1.20654
1.17203
1.14249
1.11672
1.09393
1.07355
1.05519
1.03852
1.0233
1.00932
0.996429
0.984482
0.973373
0.963008
0.953309
0.944207
0.935646
0.927574
0.919949
0.912731
0.905885
0.899384
0.8932
0.887307
0.881688
0.876321
0.871188
0.866275
0.861568
0.857053
0.852719
0.848555
0.844551
0.840698
0.836987
0.83341
0.829961
0.826633
0.82342
0.820314
0.817314
0.81441
0.811603
0.809248
0.807298
0.805369
0.803464
0.801586
0.79973
0.797898
0.796089
0.794301
0.792535
0.790791
0.789066
0.787362
0.785679
0.784014
0.782369
0.780743
0.779134
0.777545
0.775972
0.774417
0.772879
0.771358
0.769853
0.768364
0.766891
0.765433
0.76399
0.762563
0.761151
0.759752
0.758368
0.756998
0.755641
0.754298
0.752968
0.751651
0.750347
0.749055
0.747777
0.746509
0.745255
0.744011
0.74278
0.74156
0.740351
0.739152
0.737966
0.736789
0.735623
0.734467
0.733322
0.732187
0.731061
0.729946
0.72884
0.727743
0.726656
0.725577
0.724508
0.723448
0.722396
0.721353
0.720319
0.719292
0.718274
0.717264
0.716262
0.715268
0.714281
0.713302
0.712331
0.711367
0.710411
0.709461
0.708519
0.707584
0.706656
0.705735
0.70482
0.703911
0.70301
0.702113
0.701225
0.700342
0.699465
0.698594
0.697729
0.696871
0.696018
0.695171
0.694329
0.693494
0.692663
0.691838
0.691019
0.690204
0.689395
0.688591
0.687792
0.687121
0.686573
0.686022
0.685469
0.684915
0.68436
0.683804
0.683246
0.682686
0.682125
0.681562
0.680999
0.680434
0.679866
0.679299
0.678729
0.678158
0.677586
0.677013
0.676437
0.675861
0.675283
0.674703
0.674123
0.67354
0.672957
0.672372
0.671786
0.671198
0.67061
0.670018
0.669427
0.668833
0.668239
0.667644
0.667046
0.666447
0.665847
0.665245
0.664642
0.664039
0.663432
0.662825
0.662218
0.661607
0.660996
0.660384
0.65977
0.659155
0.658538
0.65792
0.657301
0.65668
0.656058
0.655434
0.65481
0.654183
0.653555
0.652927
0.652296
0.651664
0.651031
0.650396
0.64976
0.649123
0.648484
0.647844
0.647202
0.646559
0.645914
0.645269
0.644622
0.643973
0.643322
0.64267
0.642017
0.641361
0.640705
0.640046
0.639386
0.638724
0.638059
0.637396
0.636726
0.63606
0.635382
0.634719
0.634027
0.633373
0.632654
0.632026
0.631256
0.630687
0.629821
0.629368
0.628328
0.628082
0.626773
0.626829
0.625164
2.94479
1.98393
1.6135
1.44043
1.35534
1.29675
1.24783
1.20674
1.17221
1.14265
1.11685
1.09403
1.07364
1.05527
1.03859
1.02338
1.00942
0.996558
0.984658
0.973612
0.963326
0.953721
0.944733
0.936304
0.928385
0.920935
0.913917
0.907299
0.901055
0.89516
0.889597
0.884345
0.879393
0.874726
0.870338
0.866217
0.862357
0.858756
0.85539
0.852294
0.849361
0.846785
0.844078
0.842209
0.838963
0.83872
0.832646
0.836505
0.826151
0.803513
0.353001
0.731713
0.995402
1.25203
1.5396
1.90502
2.37643
2.93325
3.49398
3.95141
4.23136
4.32193
4.24842
4.05322
3.7547
3.37105
2.90901
2.35714
1.66534
1.01325
1.72645
2.31141
2.75135
3.10124
3.38822
3.62842
3.83297
4.01032
4.16722
4.30906
4.43998
4.563
4.67997
4.79182
4.89857
4.99958
5.09384
5.18004
5.25682
5.32295
5.37733
5.41877
5.4468
5.4607
5.45832
5.43958
5.40374
5.34962
5.27639
5.18313
5.06847
4.9308
4.76836
4.57929
4.3613
4.11221
3.83048
3.51637
3.17292
2.80682
2.43025
2.06409
1.73525
1.48346
1.34393
1.29115
1.26089
1.21448
1.14509
1.06417
0.991812
0.947773
0.947162
0.994572
1.08577
1.20806
1.34057
1.46838
1.58588
1.69292
1.79035
1.87819
1.95394
2.01492
2.05852
2.08122
2.07883
2.05022
1.99459
1.91155
1.8013
1.66428
1.50127
1.3137
1.10676
0.908667
0.833755
0.956044
1.12995
1.28517
1.41184
1.51252
1.59158
1.65296
1.69967
1.73401
1.7578
1.77376
1.7824
1.78375
1.77885
1.76849
1.75314
1.73317
1.70889
1.68046
1.64796
1.61137
1.57055
1.52528
1.47535
1.42054
1.36059
1.2952
1.22404
1.14676
1.06304
0.972554
0.874962
0.769946
0.657513
0.540212
0.43795
0.423319
0.500917
0.592939
0.678175
0.756076
0.828397
0.89639
0.960307
1.02542
1.08745
1.13792
1.16672
1.17223
1.15032
1.09442
0.979564
0.753098
0.124458
0.869151
1.27403
1.59156
1.85034
2.06559
2.24834
2.40602
2.54318
2.66248
2.76564
2.85389
2.92814
2.98914
3.03755
3.07389
3.09865
3.11221
3.11481
3.10697
3.08927
3.06166
3.02426
2.97715
2.92037
2.85397
2.77793
2.69225
2.59688
2.49174
2.38218
2.2699
2.14768
2.01507
1.87226
1.72086
1.56522
1.41442
1.28474
1.1976
1.16488
1.17441
1.20171
1.23415
1.2575
1.26579
1.27634
1.35106
1.60931
2.1051
0.312427
0.913826
1.4178
1.80881
2.12236
2.36577
2.54525
2.66732
2.7378
2.76412
2.75529
2.72349
2.68299
2.64569
2.62034
2.61162
2.62552
2.66238
2.71966
2.80662
2.9041
2.98609
3.06899
3.14741
3.17074
3.10857
2.98655
2.83718
2.61747
2.32409
2.10381
2.08608
2.03965
1.80595
1.3737
0.859177
1.06442
1.53072
1.93
2.30597
2.66823
3.01902
3.35943
3.68979
4.01032
4.3214
4.62463
4.92624
5.24437
5.61641
6.0948
6.72287
7.49615
8.27275
8.77579
8.84531
8.56413
8.15059
7.70927
7.24892
6.76737
6.26265
5.72887
5.15372
4.51534
3.77684
2.88021
1.99285
2.66942
3.67406
4.51163
5.22816
5.85317
6.4022
6.88326
7.30042
7.65694
7.95555
8.19624
8.3815
8.50542
8.56967
8.57021
8.51496
8.40836
8.24055
7.95356
7.57634
6.82878
5.43687
3.65747
1.63744
3.14948
3.24981
2.81636
2.26936
1.84027
1.35386
0.751375
0.376053
0.42489
0.401149
0.41796
0.819006
1.53352
2.0654
2.44528
2.66637
2.73091
2.66233
2.47829
2.17237
1.65959
1.04393
1.84062
2.54565
3.06417
3.42838
3.66933
3.81604
3.89555
3.93196
3.94135
3.93408
3.91355
3.88177
3.84254
3.79955
3.75153
3.6842
3.57152
3.38445
3.0991
2.69899
2.18339
1.55886
0.956857
1.00583
1.12644
1.28993
1.48283
1.59135
1.61922
1.33149
1.42821
2.13039
2.4662
2.50453
2.26259
1.73167
1.0814
2.00698
2.56681
2.99205
3.36169
3.66943
3.90661
4.11282
4.30622
4.50529
4.71337
4.93415
5.1601
5.36945
5.53184
5.63247
5.68073
5.69997
5.71321
5.72915
5.74213
5.74469
5.73525
5.71988
5.70361
5.68631
5.66592
5.64149
5.61408
5.58516
5.55528
5.52423
5.49183
5.45831
5.42405
5.38933
5.35426
5.31888
5.28326
5.24751
5.21173
5.17598
5.1403
5.10473
5.06927
5.03397
4.99884
4.96389
4.92913
4.89458
4.86023
4.8261
4.7922
4.75854
4.72514
4.69203
4.65923
4.62676
4.59469
4.56302
4.5318
4.50109
4.47092
4.44134
4.41241
4.38417
4.3567
4.33007
4.30434
4.27964
4.25602
4.23361
4.2125
4.19281
4.17464
4.15814
4.14341
4.13059
4.11985
4.11134
4.10524
4.10215
4.10223
4.10514
4.111
4.12009
4.13263
4.14883
4.16893
4.19314
4.22173
4.25496
4.2931
4.33646
4.38533
4.44003
4.50086
4.56805
4.64173
4.72185
4.80808
4.89971
4.99564
5.09455
5.19538
5.29812
5.40469
5.51917
5.64693
5.79222
5.95304
6.12482
6.30149
6.47677
6.64876
6.8187
6.98694
7.1522
7.31399
7.46742
7.61102
7.74565
7.87072
7.98278
8.0794
8.16181
8.23334
8.3074
8.37172
8.42699
8.47351
8.5114
8.54077
8.56184
8.57476
8.5796
8.57626
8.56548
8.5474
8.52216
8.49032
8.45172
8.40532
8.34926
8.28392
8.2162
8.15936
8.11827
8.05994
7.89866
)
;
    }
    frontAndBack
    {
        type            empty;
    }
}


// ************************************************************************* //
