/*--------------------------------*- C++ -*----------------------------------*\
  =========                 |
  \\      /  F ield         | OpenFOAM: The Open Source CFD Toolbox
   \\    /   O peration     | Website:  https://openfoam.org
    \\  /    A nd           | Version:  7
     \\/     M anipulation  |
\*---------------------------------------------------------------------------*/
FoamFile
{
    version     2.0;
    format      ascii;
    class       volVectorField;
    location    "0.32";
    object      wallShearStress;
}
// * * * * * * * * * * * * * * * * * * * * * * * * * * * * * * * * * * * * * //

dimensions      [0 2 -2 0 0 0 0];

internalField   uniform (0 0 0);

boundaryField
{
    velocityInlet
    {
        type            calculated;
        value           uniform (0 0 0);
    }
    pressureOutlet
    {
        type            calculated;
        value           uniform (0 0 0);
    }
    fixedWalls
    {
        type            calculated;
        value           nonuniform List<vector> 
100
(
(-0.0130901 -0.00681722 0)
(0.00997311 -0.00100214 0)
(-0.00183188 0.000693876 0)
(0.0011622 -4.51527e-05 0)
(-0.00071185 7.13095e-05 0)
(-0.00033541 9.35812e-05 0)
(-0.00162535 0.000108856 0)
(-0.00211321 0.0001687 0)
(-0.00301196 0.000123772 0)
(-0.00310511 6.95512e-05 0)
(-0.00243792 -0.00012791 0)
(-0.000316844 -0.000351238 0)
(0.0028239 -0.000546286 0)
(0.00608039 -0.000565404 0)
(0.00826036 -0.000377683 0)
(0.00893457 -0.000127733 0)
(0.00851488 7.59559e-05 0)
(0.00721897 0.000260831 0)
(0.00468593 0.000414752 0)
(0.00158181 0.000422134 0)
(-0.00107349 0.000340114 0)
(-0.00293672 0.000234528 0)
(-0.00409562 0.000148218 0)
(-0.00461199 7.828e-05 0)
(-0.00457738 1.42148e-05 0)
(-0.00401955 -5.56799e-05 0)
(-0.00300142 -0.000124426 0)
(-0.00156525 -0.000186909 0)
(0.000172828 -0.00022634 0)
(0.00202235 -0.000259648 0)
(0.00380456 -0.000261351 0)
(0.00533813 -0.000232354 0)
(0.0064597 -0.000177233 0)
(0.00705601 -0.000106022 0)
(0.00708368 -2.70245e-05 0)
(0.00657643 4.66935e-05 0)
(0.00562778 0.000106349 0)
(0.00439606 0.000140881 0)
(0.00305738 0.000153382 0)
(0.00175188 0.000147679 0)
(0.000581214 0.000130347 0)
(-0.000395491 0.000109099 0)
(-0.00116386 8.45803e-05 0)
(-0.00173972 6.3039e-05 0)
(-0.00214939 4.49209e-05 0)
(-0.00242329 3.02176e-05 0)
(-0.00259054 1.87475e-05 0)
(-0.00267752 1.00479e-05 0)
(-0.00270834 4.01496e-06 0)
(-0.00270718 4.18222e-07 0)
(-0.00269807 -3.02817e-07 0)
(-0.00269809 3.75488e-07 0)
(-0.00270663 -3.34346e-07 0)
(-0.00271261 -3.46239e-06 0)
(-0.00273476 -3.16258e-06 0)
(-0.00285224 9.93206e-06 0)
(-0.00316468 3.558e-05 0)
(-0.00369606 6.24804e-05 0)
(-0.00434668 7.78305e-05 0)
(-0.00492458 7.36702e-05 0)
(-0.00517974 4.83041e-05 0)
(-0.00483274 -1.92953e-05 0)
(-0.00368728 -0.000111972 0)
(-0.00174064 -0.000215568 0)
(0.0006563 -0.000251709 0)
(0.0028057 -0.000232411 0)
(0.00413726 -0.000142179 0)
(0.00432746 -2.02357e-05 0)
(0.00339131 9.43028e-05 0)
(0.00171727 0.000156603 0)
(-0.000166574 0.000164184 0)
(-0.00185721 0.000137884 0)
(-0.00317044 0.000100557 0)
(-0.00414098 7.28942e-05 0)
(-0.00491432 6.18992e-05 0)
(-0.00562753 6.44175e-05 0)
(-0.00634865 7.31871e-05 0)
(-0.0070177 7.44804e-05 0)
(-0.00741505 5.6633e-05 0)
(-0.00726022 5.73296e-06 0)
(-0.0063851 -6.01926e-05 0)
(-0.00482501 -0.000124716 0)
(-0.00275542 -0.000179641 0)
(-0.000451042 -0.000207831 0)
(0.00170868 -0.00019582 0)
(0.00335537 -0.000151208 0)
(0.0042545 -8.21807e-05 0)
(0.00431443 -5.79834e-06 0)
(0.00364257 5.75213e-05 0)
(0.00250736 9.58323e-05 0)
(0.00120805 0.000106324 0)
(3.47742e-05 9.44237e-05 0)
(-0.00083347 6.59025e-05 0)
(-0.00122678 2.58287e-05 0)
(-0.00118842 -1.10122e-05 0)
(-0.000931362 -2.53386e-05 0)
(-0.000853193 -6.55013e-06 0)
(-0.00133044 3.32549e-05 0)
(-0.001986 6.13066e-05 0)
(-0.00354982 6.34969e-05 0)
)
;
    }
    bottomWall
    {
        type            calculated;
        value           nonuniform List<vector> 
800
(
(-0.0353488 0.00214397 0)
(-0.016027 0.000524815 0)
(-0.0106087 0.000100693 0)
(-0.00845749 3.52367e-05 0)
(-0.00748847 1.98358e-05 0)
(-0.00685558 1.60962e-05 0)
(-0.00634879 1.33309e-05 0)
(-0.00593833 1.08752e-05 0)
(-0.00560421 9.05449e-06 0)
(-0.00532596 7.73927e-06 0)
(-0.00508903 6.74359e-06 0)
(-0.00488397 5.95729e-06 0)
(-0.0047043 5.32012e-06 0)
(-0.00454532 4.79482e-06 0)
(-0.00440343 4.35569e-06 0)
(-0.00427586 3.984e-06 0)
(-0.00416043 3.66595e-06 0)
(-0.0040554 3.39104e-06 0)
(-0.00395936 3.15152e-06 0)
(-0.00387115 2.94124e-06 0)
(-0.0037898 2.75533e-06 0)
(-0.00371453 2.59006e-06 0)
(-0.00364463 2.44221e-06 0)
(-0.00357955 2.30943e-06 0)
(-0.00351877 2.18951e-06 0)
(-0.00346188 2.08079e-06 0)
(-0.0034085 1.98189e-06 0)
(-0.00335832 1.89158e-06 0)
(-0.00331104 1.80895e-06 0)
(-0.00326641 1.73293e-06 0)
(-0.00322422 1.66285e-06 0)
(-0.00318426 1.59815e-06 0)
(-0.00314637 1.53833e-06 0)
(-0.00311037 1.48263e-06 0)
(-0.00307614 1.43087e-06 0)
(-0.00304354 1.38273e-06 0)
(-0.00301247 1.33756e-06 0)
(-0.00298281 1.29535e-06 0)
(-0.00295447 1.25593e-06 0)
(-0.00292736 1.21885e-06 0)
(-0.00290141 1.18394e-06 0)
(-0.00287654 1.15096e-06 0)
(-0.0028527 1.12001e-06 0)
(-0.0028298 1.09078e-06 0)
(-0.00280781 1.06315e-06 0)
(-0.00278667 1.0368e-06 0)
(-0.00276632 1.0123e-06 0)
(-0.00274675 9.88361e-07 0)
(-0.00272786 9.6677e-07 0)
(-0.00270968 9.43628e-07 0)
(-0.00269449 9.24889e-07 0)
(-0.00268194 9.14256e-07 0)
(-0.00266955 9.00478e-07 0)
(-0.00265736 8.85896e-07 0)
(-0.00264536 8.723e-07 0)
(-0.00263353 8.59282e-07 0)
(-0.00262189 8.46649e-07 0)
(-0.00261041 8.34421e-07 0)
(-0.00259909 8.22289e-07 0)
(-0.00258795 8.10585e-07 0)
(-0.00257695 7.99129e-07 0)
(-0.00256612 7.87918e-07 0)
(-0.00255543 7.77115e-07 0)
(-0.00254489 7.66388e-07 0)
(-0.0025345 7.55731e-07 0)
(-0.00252425 7.45646e-07 0)
(-0.00251413 7.35793e-07 0)
(-0.00250415 7.26007e-07 0)
(-0.0024943 7.16451e-07 0)
(-0.00248458 7.07121e-07 0)
(-0.00247499 6.98017e-07 0)
(-0.00246552 6.88973e-07 0)
(-0.00245617 6.80316e-07 0)
(-0.00244694 6.7188e-07 0)
(-0.00243782 6.63497e-07 0)
(-0.00242882 6.55166e-07 0)
(-0.00241993 6.47219e-07 0)
(-0.00241115 6.39487e-07 0)
(-0.00240247 6.31803e-07 0)
(-0.0023939 6.24167e-07 0)
(-0.00238543 6.16742e-07 0)
(-0.00237706 6.09696e-07 0)
(-0.00236879 6.02692e-07 0)
(-0.00236061 5.95732e-07 0)
(-0.00235253 5.88814e-07 0)
(-0.00234454 5.82268e-07 0)
(-0.00233664 5.75763e-07 0)
(-0.00232883 5.69297e-07 0)
(-0.0023211 5.63201e-07 0)
(-0.00231346 5.57143e-07 0)
(-0.0023059 5.50953e-07 0)
(-0.00229843 5.45131e-07 0)
(-0.00229103 5.3951e-07 0)
(-0.00228372 5.33753e-07 0)
(-0.00227648 5.28195e-07 0)
(-0.00226931 5.22669e-07 0)
(-0.00226223 5.17338e-07 0)
(-0.00225521 5.12036e-07 0)
(-0.00224827 5.06928e-07 0)
(-0.00224139 5.02014e-07 0)
(-0.00223459 4.96959e-07 0)
(-0.00222785 4.92097e-07 0)
(-0.00222118 4.87426e-07 0)
(-0.00221457 4.82612e-07 0)
(-0.00220804 4.77989e-07 0)
(-0.00220156 4.73556e-07 0)
(-0.00219514 4.68978e-07 0)
(-0.00218879 4.6459e-07 0)
(-0.00218249 4.6039e-07 0)
(-0.00217625 4.56043e-07 0)
(-0.00217008 4.51885e-07 0)
(-0.00216396 4.47914e-07 0)
(-0.00215789 4.43963e-07 0)
(-0.00215188 4.40032e-07 0)
(-0.00214592 4.35952e-07 0)
(-0.00214002 4.32227e-07 0)
(-0.00213417 4.28686e-07 0)
(-0.00212836 4.24832e-07 0)
(-0.00212262 4.21161e-07 0)
(-0.00211692 4.17676e-07 0)
(-0.00211127 4.14208e-07 0)
(-0.00210566 4.10925e-07 0)
(-0.0021001 4.07492e-07 0)
(-0.00209459 4.04076e-07 0)
(-0.00208913 4.00843e-07 0)
(-0.00208371 3.97625e-07 0)
(-0.00207833 3.94588e-07 0)
(-0.00207299 3.91567e-07 0)
(-0.0020677 3.88395e-07 0)
(-0.00206245 3.85406e-07 0)
(-0.00205724 3.82429e-07 0)
(-0.00205208 3.79466e-07 0)
(-0.00204695 3.76684e-07 0)
(-0.00204186 3.73916e-07 0)
(-0.00203681 3.7116e-07 0)
(-0.0020318 3.68581e-07 0)
(-0.00202682 3.65848e-07 0)
(-0.00202189 3.63124e-07 0)
(-0.00201698 3.60581e-07 0)
(-0.00201212 3.57875e-07 0)
(-0.00200729 3.55359e-07 0)
(-0.0020025 3.52999e-07 0)
(-0.00199773 3.50512e-07 0)
(-0.00199301 3.4799e-07 0)
(-0.00198832 3.45709e-07 0)
(-0.00198366 3.43341e-07 0)
(-0.00197903 3.41114e-07 0)
(-0.00197443 3.38711e-07 0)
(-0.00196987 3.36536e-07 0)
(-0.00196533 3.33973e-07 0)
(-0.00196153 3.31764e-07 0)
(-0.00195841 3.30664e-07 0)
(-0.00195529 3.29358e-07 0)
(-0.00195216 3.27731e-07 0)
(-0.00194902 3.26132e-07 0)
(-0.00194587 3.24598e-07 0)
(-0.00194273 3.23047e-07 0)
(-0.00193957 3.21743e-07 0)
(-0.0019364 3.2021e-07 0)
(-0.00193323 3.18679e-07 0)
(-0.00193005 3.17158e-07 0)
(-0.00192686 3.15645e-07 0)
(-0.00192367 3.14343e-07 0)
(-0.00192046 3.12855e-07 0)
(-0.00191726 3.11124e-07 0)
(-0.00191405 3.0985e-07 0)
(-0.00191082 3.08364e-07 0)
(-0.0019076 3.06881e-07 0)
(-0.00190436 3.05616e-07 0)
(-0.00190112 3.03927e-07 0)
(-0.00189787 3.02459e-07 0)
(-0.00189462 3.01205e-07 0)
(-0.00189136 2.99728e-07 0)
(-0.00188809 2.98287e-07 0)
(-0.00188481 2.96617e-07 0)
(-0.00188154 2.95174e-07 0)
(-0.00187825 2.93934e-07 0)
(-0.00187495 2.92489e-07 0)
(-0.00187165 2.91055e-07 0)
(-0.00186835 2.89426e-07 0)
(-0.00186504 2.87981e-07 0)
(-0.00186172 2.86572e-07 0)
(-0.0018584 2.85135e-07 0)
(-0.00185507 2.83721e-07 0)
(-0.00185173 2.82302e-07 0)
(-0.00184839 2.80884e-07 0)
(-0.00184504 2.79289e-07 0)
(-0.00184169 2.77886e-07 0)
(-0.00183833 2.76284e-07 0)
(-0.00183498 2.74901e-07 0)
(-0.0018316 2.7349e-07 0)
(-0.00182823 2.71925e-07 0)
(-0.00182486 2.70539e-07 0)
(-0.00182147 2.69151e-07 0)
(-0.00181808 2.67589e-07 0)
(-0.00181469 2.66033e-07 0)
(-0.0018113 2.64666e-07 0)
(-0.00180789 2.63294e-07 0)
(-0.00180448 2.61737e-07 0)
(-0.00180107 2.6022e-07 0)
(-0.00179766 2.58846e-07 0)
(-0.00179424 2.57328e-07 0)
(-0.00179081 2.55804e-07 0)
(-0.00178739 2.54283e-07 0)
(-0.00178396 2.52773e-07 0)
(-0.00178052 2.51431e-07 0)
(-0.00177708 2.49911e-07 0)
(-0.00177364 2.48428e-07 0)
(-0.00177019 2.46911e-07 0)
(-0.00176675 2.45272e-07 0)
(-0.0017633 2.43785e-07 0)
(-0.00175984 2.42459e-07 0)
(-0.00175638 2.40985e-07 0)
(-0.00175292 2.39348e-07 0)
(-0.00174946 2.37849e-07 0)
(-0.001746 2.36415e-07 0)
(-0.00174253 2.34779e-07 0)
(-0.00173906 2.33334e-07 0)
(-0.00173559 2.31877e-07 0)
(-0.00173212 2.30294e-07 0)
(-0.00172864 2.28705e-07 0)
(-0.00172517 2.27278e-07 0)
(-0.00172169 2.25849e-07 0)
(-0.00171821 2.24431e-07 0)
(-0.00171473 2.22835e-07 0)
(-0.00171125 2.2134e-07 0)
(-0.00170776 2.19879e-07 0)
(-0.00170427 2.18436e-07 0)
(-0.00170079 2.16938e-07 0)
(-0.0016973 2.15749e-07 0)
(-0.0016938 2.14119e-07 0)
(-0.0016903 2.12942e-07 0)
(-0.00168682 2.1099e-07 0)
(-0.00168331 2.10421e-07 0)
(-0.00167983 2.07872e-07 0)
(-0.00167629 2.08656e-07 0)
(-0.00167284 2.04091e-07 0)
(-0.00166925 2.07826e-07 0)
(-0.00166587 1.99e-07 0)
(-0.00166216 2.09622e-07 0)
(-0.00165891 1.90823e-07 0)
(-0.00165497 2.16331e-07 0)
(-0.00165204 1.75685e-07 0)
(-0.00164762 2.33515e-07 0)
(-0.0016453 1.47261e-07 0)
(-0.00164003 2.69905e-07 0)
(-0.00163875 9.37379e-08 0)
(-0.00163216 3.3516e-07 0)
(-0.0016324 9.44613e-09 0)
(-0.00162405 3.68024e-07 0)
(-0.0353486 -0.002144 0)
(-0.0160254 -0.000524879 0)
(-0.0106054 -0.000100765 0)
(-0.00845232 -3.53057e-05 0)
(-0.00748132 -1.99056e-05 0)
(-0.00684639 -1.61668e-05 0)
(-0.0063376 -1.34018e-05 0)
(-0.00592515 -1.09467e-05 0)
(-0.00558908 -9.12656e-06 0)
(-0.00530891 -7.81202e-06 0)
(-0.00507007 -6.81766e-06 0)
(-0.00486309 -6.03313e-06 0)
(-0.00468149 -5.39851e-06 0)
(-0.00452051 -4.87644e-06 0)
(-0.00437658 -4.441e-06 0)
(-0.0042469 -4.07366e-06 0)
(-0.00412927 -3.76043e-06 0)
(-0.00402195 -3.49109e-06 0)
(-0.00392352 -3.25755e-06 0)
(-0.00383281 -3.05399e-06 0)
(-0.00374884 -2.87543e-06 0)
(-0.00367082 -2.71804e-06 0)
(-0.00359805 -2.57893e-06 0)
(-0.00352995 -2.45569e-06 0)
(-0.00346601 -2.34621e-06 0)
(-0.0034058 -2.24916e-06 0)
(-0.00334893 -2.16325e-06 0)
(-0.00329506 -2.08779e-06 0)
(-0.00324389 -2.02187e-06 0)
(-0.00319512 -1.96563e-06 0)
(-0.00314852 -1.91844e-06 0)
(-0.00310381 -1.88131e-06 0)
(-0.00306078 -1.85335e-06 0)
(-0.00301916 -1.83845e-06 0)
(-0.00297876 -1.83296e-06 0)
(-0.00293921 -1.84705e-06 0)
(-0.00290037 -1.86987e-06 0)
(-0.00286172 -1.9251e-06 0)
(-0.00282309 -1.98684e-06 0)
(-0.00278393 -2.0988e-06 0)
(-0.00274344 -2.21871e-06 0)
(-0.00270234 -2.39512e-06 0)
(-0.00265628 -2.60395e-06 0)
(-0.00261288 -2.80817e-06 0)
(-0.00255461 -3.11938e-06 0)
(-0.00251231 -3.13014e-06 0)
(-0.00243417 -3.40797e-06 0)
(-0.00240061 -1.87659e-06 0)
(-0.00234914 -5.12009e-06 0)
(-0.00205322 0.000157924 0)
(3.91971e-05 -3.19549e-06 0)
(7.44442e-05 -0.000124099 0)
(4.95486e-05 -0.000256694 0)
(-1.79067e-06 -0.000319641 0)
(-3.54813e-05 -0.000313829 0)
(-3.46956e-05 -0.000276849 0)
(-1.29019e-05 -0.000249705 0)
(9.60714e-06 -0.00024194 0)
(2.35936e-05 -0.000249977 0)
(3.19025e-05 -0.000271271 0)
(3.92166e-05 -0.000305424 0)
(4.76934e-05 -0.000353491 0)
(5.76994e-05 -0.000415987 0)
(6.89411e-05 -0.000493199 0)
(8.08687e-05 -0.000585198 0)
(9.28753e-05 -0.000691656 0)
(0.000104315 -0.000811738 0)
(0.000114516 -0.000943987 0)
(0.000122848 -0.00108634 0)
(0.000128801 -0.00123623 0)
(0.000132048 -0.00139077 0)
(0.000132461 -0.00154693 0)
(0.000130094 -0.00170164 0)
(0.000125156 -0.00185203 0)
(0.00011796 -0.00199563 0)
(0.000108881 -0.00213033 0)
(9.83338e-05 -0.0022545 0)
(8.67386e-05 -0.00236695 0)
(7.4508e-05 -0.00246693 0)
(6.20146e-05 -0.00255412 0)
(4.95735e-05 -0.00262855 0)
(3.74389e-05 -0.00269053 0)
(2.57943e-05 -0.00274062 0)
(1.473e-05 -0.00277955 0)
(4.26658e-06 -0.00280807 0)
(-5.64115e-06 -0.002827 0)
(-1.51424e-05 -0.0028371 0)
(-2.45217e-05 -0.00283903 0)
(-3.39738e-05 -0.0028331 0)
(-4.34477e-05 -0.00281979 0)
(-5.29366e-05 -0.00279947 0)
(-6.26222e-05 -0.00277232 0)
(-7.27013e-05 -0.00273836 0)
(-8.33076e-05 -0.00269749 0)
(-9.45064e-05 -0.00264952 0)
(-0.000106343 -0.00259424 0)
(-0.00011885 -0.00253141 0)
(-0.000132007 -0.00246076 0)
(-0.000145697 -0.00238198 0)
(-0.000159719 -0.00229483 0)
(-0.000173795 -0.00219916 0)
(-0.000187481 -0.00209492 0)
(-0.000200025 -0.00198221 0)
(-0.000210334 -0.00186151 0)
(-0.000217148 -0.00173386 0)
(-0.000219292 -0.0016009 0)
(-0.000215895 -0.00146488 0)
(-0.00020663 -0.00132852 0)
(-0.000191889 -0.00119474 0)
(-0.000172801 -0.00106626 0)
(-0.000151019 -0.000945254 0)
(-0.000128331 -0.000833172 0)
(-0.00010633 -0.000730733 0)
(-8.62216e-05 -0.000638044 0)
(-6.87718e-05 -0.00055475 0)
(-5.43628e-05 -0.000480171 0)
(-4.31662e-05 -0.000413477 0)
(-3.53008e-05 -0.000353761 0)
(-3.12962e-05 -0.000300758 0)
(-3.44964e-05 -0.000253613 0)
(-4.73344e-05 -0.0002048 0)
(-5.83876e-05 -0.000145322 0)
(-4.52377e-05 -7.73578e-05 0)
(8.34258e-07 -1.67887e-05 0)
(6.80509e-05 2.12728e-05 0)
(0.000136698 3.33357e-05 0)
(0.000190249 2.25246e-05 0)
(0.000215681 -5.57608e-06 0)
(0.000208155 -4.16976e-05 0)
(0.000168585 -7.71819e-05 0)
(0.000101302 -0.000102263 0)
(1.9679e-05 -0.000105453 0)
(-5.24308e-05 -8.3682e-05 0)
(-9.24384e-05 -5.03725e-05 0)
(-9.90863e-05 -2.57037e-05 0)
(-8.73212e-05 -1.71311e-05 0)
(-7.32615e-05 -1.75676e-05 0)
(-6.00339e-05 -1.64537e-05 0)
(-4.32835e-05 -9.7478e-06 0)
(-2.4849e-05 -7.99018e-07 0)
(-1.05304e-05 8.195e-06 0)
(-3.70639e-06 1.84292e-05 0)
(-4.84567e-06 3.21947e-05 0)
(-1.27379e-05 5.06711e-05 0)
(-2.58974e-05 7.43298e-05 0)
(-4.32965e-05 0.000103535 0)
(-6.44543e-05 0.000139052 0)
(-8.90274e-05 0.000182088 0)
(-0.000116366 0.000233941 0)
(-0.000145161 0.000295571 0)
(-0.000173234 0.00036709 0)
(-0.000197823 0.000447336 0)
(-0.000216232 0.000533802 0)
(-0.000226493 0.000623051 0)
(-0.000227518 0.000711318 0)
(-0.000218977 0.000794871 0)
(-0.000201214 0.000870204 0)
(-0.000175238 0.000934227 0)
(-0.000142626 0.000984504 0)
(-0.000105359 0.00101934 0)
(-6.5605e-05 0.0010379 0)
(-2.53703e-05 0.00104027 0)
(1.38128e-05 0.00102716 0)
(5.08139e-05 0.000999727 0)
(8.48207e-05 0.000959265 0)
(0.000115053 0.000907324 0)
(0.000140856 0.000845707 0)
(0.000161674 0.000776428 0)
(0.000177111 0.000701713 0)
(0.000186989 0.000623951 0)
(0.000191424 0.000545624 0)
(0.000190996 0.000469156 0)
(0.000186887 0.000396851 0)
(0.000180317 0.000329924 0)
(0.000172413 0.000269154 0)
(0.0001644 0.00021503 0)
(0.000157066 0.000167383 0)
(0.000150159 0.000125853 0)
(0.000143265 9.148e-05 0)
(0.000135824 6.67892e-05 0)
(0.000128803 5.42617e-05 0)
(0.000124519 5.16979e-05 0)
(0.000120807 5.14167e-05 0)
(0.00010816 4.56926e-05 0)
(7.27196e-05 3.50586e-05 0)
(5.79229e-06 3.34931e-05 0)
(-8.55789e-05 6.19501e-05 0)
(-0.000179349 0.000130532 0)
(-0.000253579 0.000226549 0)
(-0.000303618 0.000328193 0)
(-0.000337584 0.000424353 0)
(-0.000363332 0.000516889 0)
(-0.000383505 0.000609376 0)
(-0.000398384 0.000702451 0)
(-0.000408036 0.000795175 0)
(-0.00041303 0.000886852 0)
(-0.000414184 0.000977159 0)
(-0.000411579 0.00106472 0)
(-0.000405555 0.00114899 0)
(-0.000396486 0.00122953 0)
(-0.000384686 0.00130593 0)
(-0.000370433 0.00137788 0)
(-0.000353986 0.00144506 0)
(-0.000335597 0.00150727 0)
(-0.000315506 0.00156431 0)
(-0.000293902 0.00161604 0)
(-0.000270954 0.00166234 0)
(-0.000246822 0.00170311 0)
(-0.000221627 0.00173827 0)
(-0.000195491 0.00176777 0)
(-0.000168496 0.0017915 0)
(-0.000140935 0.0018113 0)
(-0.000112773 0.00182694 0)
(-8.3912e-05 0.00183726 0)
(-5.44942e-05 0.0018423 0)
(-2.49049e-05 0.00184208 0)
(5.00273e-06 0.00183706 0)
(3.56612e-05 0.00182713 0)
(6.69537e-05 0.00181227 0)
(9.88993e-05 0.00179242 0)
(0.00013146 0.00176754 0)
(0.000164573 0.00173755 0)
(0.000198142 0.0017024 0)
(0.000232045 0.00166204 0)
(0.000266068 0.00161641 0)
(0.000299943 0.00156548 0)
(0.000333359 0.00150925 0)
(0.000365916 0.00144778 0)
(0.000397129 0.00138116 0)
(0.000426462 0.00130958 0)
(0.000453315 0.00123334 0)
(0.000477043 0.00115287 0)
(0.000496991 0.00106872 0)
(0.000512503 0.000981487 0)
(0.000522936 0.00089211 0)
(0.000527882 0.000801768 0)
(0.000527932 0.000712861 0)
(0.000524104 0.000628181 0)
(0.000514204 0.00054586 0)
(0.000498811 0.000467193 0)
(0.000478546 0.000393183 0)
(0.000454328 0.000324268 0)
(0.000426639 0.000259258 0)
(0.000394705 0.000194063 0)
(0.000354859 0.000119912 0)
(0.000299253 2.29535e-05 0)
(0.000216986 -0.000116199 0)
(7.253e-05 -0.000320327 0)
(-0.000166821 -0.0005973 0)
(-0.000498653 -0.000916951 0)
(2.4614e-06 -3.08547e-05 0)
(6.67449e-05 -5.28167e-05 0)
(0.000133884 -4.63842e-05 0)
(0.00016866 -8.01197e-06 0)
(0.0001696 2.21261e-05 0)
(0.000161115 2.87084e-05 0)
(0.0001519 1.11302e-05 0)
(0.000157701 -2.4952e-05 0)
(0.000198225 -5.9976e-05 0)
(0.000264774 -6.78603e-05 0)
(0.000304873 -2.34561e-05 0)
(0.000264473 6.48714e-05 0)
(0.000139806 0.000136061 0)
(-1.23054e-05 0.000136584 0)
(-0.000112971 8.88267e-05 0)
(-0.0001503 6.03237e-05 0)
(-0.000179009 7.14987e-05 0)
(-0.000238426 0.000102615 0)
(-0.000342039 0.000133311 0)
(-0.000481112 0.000142308 0)
(-0.000618847 0.000117964 0)
(-0.000729766 9.54316e-05 0)
(-0.00082025 9.16e-05 0)
(-0.000895514 9.11793e-05 0)
(-0.000976546 0.000114041 0)
(-0.00102472 0.000165335 0)
(-0.00104961 0.000211214 0)
(-0.00106026 0.000199146 0)
(-0.00104667 0.000114021 0)
(-0.000995398 -3.50161e-05 0)
(-0.000861527 -0.000180857 0)
(-0.00072162 -0.000210785 0)
(-0.00067048 -0.000109955 0)
(-0.000722644 2.46631e-05 0)
(-0.000849384 0.000123921 0)
(-0.00101589 0.00018376 0)
(-0.00120536 0.000215412 0)
(-0.00140632 0.00022385 0)
(-0.00160432 0.000207609 0)
(-0.0017801 0.000163566 0)
(-0.00191161 8.98055e-05 0)
(-0.00197675 -1.31656e-05 0)
(-0.00199113 -0.000143434 0)
(-0.00193851 -0.000300748 0)
(-0.00175797 -0.000472152 0)
(-0.00142067 -0.000637396 0)
(-0.00090345 -0.000750402 0)
(-0.000270062 -0.000753006 0)
(0.000323252 -0.000679425 0)
(0.000874125 -0.000583832 0)
(0.00136262 -0.00044485 0)
(0.00165371 -0.000270034 0)
(0.00173356 -9.5867e-05 0)
(0.00168237 5.79377e-05 0)
(0.00156723 0.000167841 0)
(0.00140273 0.00021159 0)
(0.00124085 0.000220188 0)
(0.00108478 0.000228739 0)
(0.000917974 0.00024812 0)
(0.000728567 0.000278131 0)
(0.000508041 0.000315751 0)
(0.000250076 0.000356335 0)
(-4.57953e-05 0.000398014 0)
(-0.000381752 0.000437201 0)
(-0.000750396 0.000468005 0)
(-0.00113972 0.000483282 0)
(-0.00153555 0.000477525 0)
(-0.00192188 0.00044948 0)
(-0.00228151 0.000396088 0)
(-0.00259302 0.000317548 0)
(-0.00283995 0.000212652 0)
(-0.00299939 8.66305e-05 0)
(-0.00306802 -6.24429e-05 0)
(-0.00301629 -0.000231708 0)
(-0.00284289 -0.000411622 0)
(-0.00252553 -0.000585659 0)
(-0.00206095 -0.000723483 0)
(-0.00148338 -0.000789028 0)
(-0.000861224 -0.0007537 0)
(-0.00027838 -0.000622451 0)
(0.00020827 -0.000422338 0)
(0.000602372 -0.000177275 0)
(0.00089286 7.11499e-05 0)
(0.000927606 0.00022025 0)
(0.000737494 0.000225524 0)
(0.00055068 0.000166904 0)
(0.000464784 5.91021e-05 0)
(0.000528156 -9.99164e-05 0)
(0.000724714 -0.00028433 0)
(0.00102641 -0.000411674 0)
(0.00134085 -0.000380849 0)
(0.00154163 -0.00021564 0)
(0.00156855 -3.23133e-05 0)
(0.00146866 0.000114455 0)
(0.00129369 0.00023714 0)
(0.00103877 0.000337522 0)
(0.000722272 0.000397184 0)
(0.000370029 0.000396288 0)
(9.64104e-06 0.000268973 0)
(-0.000117862 -5.15462e-05 0)
(-0.000156342 -3.04452e-05 0)
(0.000102529 -2.32343e-05 0)
(0.000344889 0.00044571 0)
(0.000255555 0.000852549 0)
(0.000107836 0.000964746 0)
(4.06655e-05 0.00100098 0)
(-9.29712e-06 0.00097267 0)
(-4.56908e-05 0.000912548 0)
(-7.78037e-05 0.000815706 0)
(-9.77433e-05 0.00069808 0)
(-9.49901e-05 0.000580485 0)
(-7.15811e-05 0.000491646 0)
(-3.34293e-05 0.000445428 0)
(2.02692e-06 0.000433989 0)
(-9.04384e-06 0.000411547 0)
(-0.000123799 0.000291584 0)
(-0.00030438 -4.62423e-05 0)
(-0.000407272 -0.000543116 0)
(-0.000408367 -0.00102942 0)
(-0.000370698 -0.00146984 0)
(-0.000315343 -0.00185434 0)
(-0.000245186 -0.00217788 0)
(-0.000149305 -0.0024288 0)
(-2.15266e-05 -0.00257821 0)
(0.000137877 -0.00260114 0)
(0.000321406 -0.00246222 0)
(0.00050394 -0.00215027 0)
(0.000644005 -0.00165816 0)
(0.000675445 -0.00103725 0)
(0.000555659 -0.000413787 0)
(0.000335719 5.91901e-05 0)
(0.000139305 0.000347878 0)
(3.52164e-05 0.000542199 0)
(-9.01394e-06 0.000597523 0)
(-5.78844e-05 0.000510435 0)
(-0.000105885 0.000431404 0)
(-0.000132871 0.000302335 0)
(-8.15969e-05 0.000132934 0)
(9.55856e-05 4.80806e-05 0)
(0.000228392 7.04054e-05 0)
(0.000305673 0.000129175 0)
(0.000313061 0.00026856 0)
(0.000119995 0.00044264 0)
(-0.000197569 0.000494328 0)
(-0.000405076 0.000399161 0)
(-0.000434347 0.0002643 0)
(-0.000336877 0.000172745 0)
(-0.000156542 0.000158759 0)
(6.73318e-05 0.000232237 0)
(0.000246335 0.000391686 0)
(0.000236735 0.000530988 0)
(5.3963e-05 0.000608164 0)
(-0.000215385 0.000733905 0)
(-0.000510515 0.000898062 0)
(-0.000569377 0.000970985 0)
(-6.44402e-05 0.00100764 0)
(0.00101052 0.00138091 0)
(0.00189213 0.00249553 0)
(0.00144651 0.00375879 0)
(0.000395093 0.00404224 0)
(0.000250025 0.00384549 0)
(0.000420974 0.00404163 0)
(0.000177467 0.00425076 0)
(4.10217e-05 0.00419904 0)
(0.000113939 0.00421215 0)
(6.01262e-05 0.00428334 0)
(-6.18003e-06 0.00426197 0)
(1.70651e-05 0.00424148 0)
(7.00816e-06 0.00425358 0)
(-2.32874e-05 0.00423394 0)
(-1.94164e-05 0.00420632 0)
(-2.05834e-05 0.00419219 0)
(-3.40216e-05 0.00416886 0)
(-3.60835e-05 0.00413858 0)
(-3.58307e-05 0.00411325 0)
(-4.10555e-05 0.00408652 0)
(-4.313e-05 0.00405629 0)
(-4.22339e-05 0.00402792 0)
(-4.28107e-05 0.00400084 0)
(-4.26768e-05 0.00397329 0)
(-4.04838e-05 0.00394715 0)
(-3.79856e-05 0.00392325 0)
(-3.51348e-05 0.00390084 0)
(-3.1082e-05 0.00388039 0)
(-2.63065e-05 0.00386255 0)
(-2.11493e-05 0.00384714 0)
(-1.53847e-05 0.00383413 0)
(-9.1625e-06 0.00382369 0)
(-2.80941e-06 0.0038157 0)
(3.54158e-06 0.00380988 0)
(9.69781e-06 0.00380602 0)
(1.53496e-05 0.00380377 0)
(2.02256e-05 0.00380268 0)
(2.40891e-05 0.00380224 0)
(2.66944e-05 0.00380192 0)
(2.78394e-05 0.00380111 0)
(2.74124e-05 0.00379923 0)
(2.53672e-05 0.00379569 0)
(2.17377e-05 0.00378998 0)
(1.6651e-05 0.00378164 0)
(1.02989e-05 0.00377031 0)
(2.92529e-06 0.00375576 0)
(-5.19603e-06 0.00373786 0)
(-1.37712e-05 0.00371658 0)
(-2.25117e-05 0.00369205 0)
(-3.11589e-05 0.00366443 0)
(-3.94823e-05 0.00363399 0)
(-4.7292e-05 0.00360104 0)
(-5.44382e-05 0.00356591 0)
(-6.08352e-05 0.00352899 0)
(-6.64291e-05 0.00349062 0)
(-7.11942e-05 0.00345114 0)
(-7.51525e-05 0.00341088 0)
(-7.83519e-05 0.00337013 0)
(-8.08467e-05 0.00332913 0)
(-8.27186e-05 0.00328813 0)
(-8.40481e-05 0.00324727 0)
(-8.49323e-05 0.00320672 0)
(-8.54661e-05 0.00316655 0)
(-8.57357e-05 0.00312687 0)
(-8.58314e-05 0.00308767 0)
(-8.58313e-05 0.00304901 0)
(-8.58266e-05 0.00301084 0)
(-8.58671e-05 0.00297313 0)
(-8.60204e-05 0.00293585 0)
(-8.63548e-05 0.00289892 0)
(-8.68949e-05 0.00286225 0)
(-8.76874e-05 0.0028258 0)
(-8.87726e-05 0.00278944 0)
(-9.01505e-05 0.00275308 0)
(-9.18318e-05 0.00271664 0)
(-9.38466e-05 0.00268004 0)
(-9.61874e-05 0.00264315 0)
(-9.88417e-05 0.00260591 0)
(-0.000101835 0.00256824 0)
(-0.000105174 0.00253006 0)
(-0.000108875 0.00249129 0)
(-0.000112951 0.00245185 0)
(-0.000117416 0.00241167 0)
(-0.000122305 0.00237067 0)
(-0.000127633 0.00232876 0)
(-0.000133422 0.00228587 0)
(-0.000139684 0.00224191 0)
(-0.00014643 0.00219681 0)
(-0.000153681 0.0021505 0)
(-0.00016145 0.00210289 0)
(-0.000169737 0.00205391 0)
(-0.000178533 0.00200349 0)
(-0.000187851 0.00195157 0)
(-0.000197694 0.00189808 0)
(-0.000208058 0.00184296 0)
(-0.000218951 0.00178616 0)
(-0.000230372 0.00172762 0)
(-0.000242353 0.0016673 0)
(-0.000254901 0.00160514 0)
(-0.000268026 0.00154109 0)
(-0.000281785 0.00147511 0)
(-0.000296211 0.00140712 0)
(-0.000311321 0.00133708 0)
(-0.000327169 0.0012649 0)
(-0.000343775 0.00119052 0)
(-0.000361185 0.00111389 0)
(-0.000379451 0.00103494 0)
(-0.000398635 0.000953623 0)
(-0.000418835 0.00086985 0)
(-0.000440122 0.000783471 0)
(-0.000462465 0.000694377 0)
(-0.000492666 0.000611055 0)
(-0.000526176 0.000523783 0)
(-0.000562598 0.000430821 0)
(-0.000600934 0.000330908 0)
(-0.000639749 0.000223704 0)
(-0.000677667 0.000109933 0)
(-0.000713788 -8.63336e-06 0)
(-0.000748433 -0.000129883 0)
(-0.000782854 -0.000252493 0)
(-0.000818431 -0.000376033 0)
(-0.000856497 -0.000500749 0)
(-0.000898064 -0.000627208 0)
(-0.000943927 -0.000755894 0)
(-0.0010048 -0.000896162 0)
(-0.00107159 -0.0010417 0)
(-0.00114488 -0.00119296 0)
(-0.00122539 -0.0013503 0)
(-0.00131399 -0.00151411 0)
(-0.00141171 -0.00168485 0)
(-0.00151962 -0.00186313 0)
(-0.00163893 -0.0020493 0)
(-0.00177111 -0.0022446 0)
(-0.0019174 -0.00244849 0)
(-0.00208016 -0.00266454 0)
(-0.00225995 -0.00288786 0)
(-0.00246172 -0.00313175 0)
(-0.00268183 -0.00337177 0)
(-0.0029352 -0.00366127 0)
(-0.00319832 -0.00389717 0)
(-0.00352246 -0.00428481 0)
(-0.00380037 -0.00442959 0)
(-0.00419467 -0.0050714 0)
(-0.00421537 -0.00474695 0)
)
;
    }
    frontAndBack
    {
        type            empty;
    }
}


// ************************************************************************* //
