/*--------------------------------*- C++ -*----------------------------------*\
  =========                 |
  \\      /  F ield         | OpenFOAM: The Open Source CFD Toolbox
   \\    /   O peration     | Website:  https://openfoam.org
    \\  /    A nd           | Version:  7
     \\/     M anipulation  |
\*---------------------------------------------------------------------------*/
FoamFile
{
    version     2.0;
    format      ascii;
    class       volVectorField;
    location    "0.08";
    object      wallShearStress;
}
// * * * * * * * * * * * * * * * * * * * * * * * * * * * * * * * * * * * * * //

dimensions      [0 2 -2 0 0 0 0];

internalField   uniform (0 0 0);

boundaryField
{
    velocityInlet
    {
        type            calculated;
        value           uniform (0 0 0);
    }
    pressureOutlet
    {
        type            calculated;
        value           uniform (0 0 0);
    }
    fixedWalls
    {
        type            calculated;
        value           nonuniform List<vector> 
100
(
(-0.0117351 -0.00812249 0)
(0.010305 -0.000358166 0)
(-0.00228163 0.000551877 0)
(0.00379922 -0.000512356 0)
(0.00543395 -0.000548831 0)
(0.00871528 -0.000354127 0)
(0.00913672 -0.000108257 0)
(0.00884284 0.000115596 0)
(0.00697317 0.000284421 0)
(0.00422185 0.000442931 0)
(0.000846761 0.000464602 0)
(-0.00142543 0.000248756 0)
(-0.000293969 -0.00031998 0)
(0.00544905 -0.000984345 0)
(0.0119375 -0.00100411 0)
(0.0141238 -0.000289526 0)
(0.0117465 0.000396896 0)
(0.00727167 0.000614989 0)
(0.00272342 0.000520631 0)
(-0.000831417 0.000357181 0)
(-0.00311051 0.000196742 0)
(-0.00437375 9.12832e-05 0)
(-0.00493848 3.38034e-05 0)
(-0.0050852 6.95088e-06 0)
(-0.00500179 -9.07858e-06 0)
(-0.00480052 -1.66463e-05 0)
(-0.00454536 -2.00503e-05 0)
(-0.00427155 -2.1494e-05 0)
(-0.00399503 -2.2484e-05 0)
(-0.00372076 -2.36322e-05 0)
(-0.0034517 -2.45523e-05 0)
(-0.00319536 -2.41786e-05 0)
(-0.00296487 -2.15913e-05 0)
(-0.00277354 -1.69925e-05 0)
(-0.00262578 -1.19403e-05 0)
(-0.00251169 -8.63165e-06 0)
(-0.00241153 -8.39946e-06 0)
(-0.00231097 -9.98164e-06 0)
(-0.0022185 -9.69577e-06 0)
(-0.00217063 -4.96553e-06 0)
(-0.00221779 8.21954e-06 0)
(-0.00239638 2.62998e-05 0)
(-0.00268097 4.04419e-05 0)
(-0.00295201 3.85764e-05 0)
(-0.00303615 1.61961e-05 0)
(-0.00279906 -2.51246e-05 0)
(-0.00222921 -6.66605e-05 0)
(-0.00145568 -9.1964e-05 0)
(-0.000701513 -8.9587e-05 0)
(-0.000203357 -5.71868e-05 0)
(-0.000128943 -1.0816e-05 0)
(-0.000488443 3.47397e-05 0)
(-0.00113037 6.38206e-05 0)
(-0.00186001 7.08096e-05 0)
(-0.00253618 6.24063e-05 0)
(-0.00311 5.102e-05 0)
(-0.00362201 4.66719e-05 0)
(-0.00414732 5.18579e-05 0)
(-0.00472335 6.04986e-05 0)
(-0.0053337 6.80314e-05 0)
(-0.00595314 7.60205e-05 0)
(-0.00654303 8.2232e-05 0)
(-0.00693098 7.62607e-05 0)
(-0.0067421 1.6294e-05 0)
(-0.00548439 -0.00011886 0)
(-0.00248501 -0.000357283 0)
(0.00179273 -0.00044883 0)
(0.0056588 -0.000415984 0)
(0.0077848 -0.000210956 0)
(0.00760091 3.80674e-05 0)
(0.00549627 0.000217115 0)
(0.00251807 0.000271729 0)
(-0.000343286 0.000241492 0)
(-0.00257797 0.00017372 0)
(-0.00408418 0.000107805 0)
(-0.00505551 6.39589e-05 0)
(-0.00571169 4.12094e-05 0)
(-0.00615936 2.6597e-05 0)
(-0.00643087 1.43725e-05 0)
(-0.00658366 1.06484e-05 0)
(-0.00671881 1.91845e-05 0)
(-0.00694318 3.87359e-05 0)
(-0.00733395 6.5088e-05 0)
(-0.00784672 8.61264e-05 0)
(-0.00819384 8.6461e-05 0)
(-0.00788182 1.71028e-05 0)
(-0.00621934 -0.000134282 0)
(-0.002297 -0.000419771 0)
(0.00329967 -0.000519169 0)
(0.00823151 -0.0004666 0)
(0.0109144 -0.000227795 0)
(0.0105814 5.74261e-05 0)
(0.00785909 0.000254931 0)
(0.00412413 0.000305571 0)
(0.000646001 0.000261724 0)
(-0.00202255 0.000189724 0)
(-0.00377674 0.000118929 0)
(-0.0047652 6.53749e-05 0)
(-0.00536276 3.68644e-05 0)
(-0.00530204 -2.05363e-06 0)
)
;
    }
    bottomWall
    {
        type            calculated;
        value           nonuniform List<vector> 
800
(
(-0.0353512 0.00216562 0)
(-0.0160366 0.000524959 0)
(-0.0105908 0.00010055 0)
(-0.00845602 3.45863e-05 0)
(-0.00749202 1.96811e-05 0)
(-0.00685637 1.60108e-05 0)
(-0.00634757 1.32115e-05 0)
(-0.00593633 1.07628e-05 0)
(-0.00560169 8.96291e-06 0)
(-0.0053229 7.66395e-06 0)
(-0.00508541 6.67988e-06 0)
(-0.00487977 5.90246e-06 0)
(-0.00469954 5.27274e-06 0)
(-0.00453999 4.75378e-06 0)
(-0.00439753 4.31992e-06 0)
(-0.00426941 3.9526e-06 0)
(-0.00415343 3.63811e-06 0)
(-0.00404788 3.36617e-06 0)
(-0.00395133 3.12898e-06 0)
(-0.00386264 2.92048e-06 0)
(-0.00378085 2.73595e-06 0)
(-0.00370516 2.57164e-06 0)
(-0.0036349 2.42454e-06 0)
(-0.00356948 2.2922e-06 0)
(-0.0035084 2.17261e-06 0)
(-0.00345125 2.06412e-06 0)
(-0.00339765 1.96534e-06 0)
(-0.00334726 1.87509e-06 0)
(-0.00329981 1.7924e-06 0)
(-0.00325504 1.71642e-06 0)
(-0.00321272 1.64642e-06 0)
(-0.00317266 1.58179e-06 0)
(-0.00313468 1.52196e-06 0)
(-0.00309861 1.46646e-06 0)
(-0.00306432 1.41488e-06 0)
(-0.00303166 1.36683e-06 0)
(-0.00300054 1.32199e-06 0)
(-0.00297083 1.28007e-06 0)
(-0.00294245 1.24081e-06 0)
(-0.00291531 1.20398e-06 0)
(-0.00288933 1.16936e-06 0)
(-0.00286443 1.13677e-06 0)
(-0.00284055 1.10608e-06 0)
(-0.00281763 1.07704e-06 0)
(-0.0027956 1.04973e-06 0)
(-0.00277444 1.02359e-06 0)
(-0.00275406 9.99319e-07 0)
(-0.00273446 9.75426e-07 0)
(-0.00271556 9.53971e-07 0)
(-0.00269737 9.31053e-07 0)
(-0.00268215 9.12246e-07 0)
(-0.0026696 9.01639e-07 0)
(-0.0026572 8.8803e-07 0)
(-0.002645 8.73467e-07 0)
(-0.00263299 8.5981e-07 0)
(-0.00262116 8.4682e-07 0)
(-0.00260951 8.34139e-07 0)
(-0.00259804 8.21722e-07 0)
(-0.00258673 8.09593e-07 0)
(-0.00257559 7.9775e-07 0)
(-0.0025646 7.86175e-07 0)
(-0.00255378 7.74854e-07 0)
(-0.00254311 7.63781e-07 0)
(-0.00253259 7.52947e-07 0)
(-0.00252222 7.42344e-07 0)
(-0.00251199 7.31965e-07 0)
(-0.00250191 7.21802e-07 0)
(-0.00249196 7.11848e-07 0)
(-0.00248215 7.02097e-07 0)
(-0.00247247 6.92542e-07 0)
(-0.00246292 6.83179e-07 0)
(-0.0024535 6.74e-07 0)
(-0.00244421 6.65002e-07 0)
(-0.00243504 6.5618e-07 0)
(-0.00242599 6.47528e-07 0)
(-0.00241705 6.39042e-07 0)
(-0.00240824 6.30718e-07 0)
(-0.00239953 6.22552e-07 0)
(-0.00239094 6.1454e-07 0)
(-0.00238246 6.06679e-07 0)
(-0.00237408 5.98964e-07 0)
(-0.00236581 5.91393e-07 0)
(-0.00235764 5.83962e-07 0)
(-0.00234958 5.76667e-07 0)
(-0.00234161 5.69507e-07 0)
(-0.00233375 5.62477e-07 0)
(-0.00232598 5.55574e-07 0)
(-0.0023183 5.48796e-07 0)
(-0.00231072 5.4214e-07 0)
(-0.00230323 5.35601e-07 0)
(-0.00229582 5.29178e-07 0)
(-0.00228851 5.22868e-07 0)
(-0.00228128 5.16667e-07 0)
(-0.00227414 5.10573e-07 0)
(-0.00226708 5.04583e-07 0)
(-0.0022601 4.98694e-07 0)
(-0.00225321 4.92905e-07 0)
(-0.00224639 4.87211e-07 0)
(-0.00223965 4.81613e-07 0)
(-0.00223299 4.76106e-07 0)
(-0.00222641 4.7069e-07 0)
(-0.0022199 4.65362e-07 0)
(-0.00221346 4.60122e-07 0)
(-0.0022071 4.54966e-07 0)
(-0.0022008 4.49894e-07 0)
(-0.00219458 4.44904e-07 0)
(-0.00218843 4.39995e-07 0)
(-0.00218234 4.35165e-07 0)
(-0.00217632 4.30412e-07 0)
(-0.00217037 4.25736e-07 0)
(-0.00216448 4.21134e-07 0)
(-0.00215865 4.16605e-07 0)
(-0.00215289 4.12148e-07 0)
(-0.00214719 4.0776e-07 0)
(-0.00214155 4.03441e-07 0)
(-0.00213596 3.99188e-07 0)
(-0.00213044 3.95001e-07 0)
(-0.00212498 3.90877e-07 0)
(-0.00211957 3.86816e-07 0)
(-0.00211422 3.82815e-07 0)
(-0.00210893 3.78874e-07 0)
(-0.00210369 3.74991e-07 0)
(-0.0020985 3.71166e-07 0)
(-0.00209337 3.67396e-07 0)
(-0.00208829 3.63683e-07 0)
(-0.00208326 3.60023e-07 0)
(-0.00207829 3.56417e-07 0)
(-0.00207336 3.52863e-07 0)
(-0.00206848 3.49361e-07 0)
(-0.00206365 3.45911e-07 0)
(-0.00205887 3.4251e-07 0)
(-0.00205414 3.39158e-07 0)
(-0.00204946 3.35855e-07 0)
(-0.00204482 3.32598e-07 0)
(-0.00204022 3.29391e-07 0)
(-0.00203567 3.26227e-07 0)
(-0.00203117 3.2311e-07 0)
(-0.00202671 3.20032e-07 0)
(-0.00202229 3.17004e-07 0)
(-0.00201792 3.1401e-07 0)
(-0.00201358 3.1107e-07 0)
(-0.00200929 3.0815e-07 0)
(-0.00200504 3.05301e-07 0)
(-0.00200083 3.02444e-07 0)
(-0.00199666 2.99693e-07 0)
(-0.00199253 2.96877e-07 0)
(-0.00198843 2.94236e-07 0)
(-0.00198438 2.9142e-07 0)
(-0.00198036 2.88876e-07 0)
(-0.00197639 2.85966e-07 0)
(-0.00197305 2.83397e-07 0)
(-0.00197033 2.82116e-07 0)
(-0.00196761 2.80515e-07 0)
(-0.00196488 2.78643e-07 0)
(-0.00196215 2.76774e-07 0)
(-0.00195943 2.74984e-07 0)
(-0.0019567 2.73192e-07 0)
(-0.00195397 2.7142e-07 0)
(-0.00195124 2.6965e-07 0)
(-0.00194851 2.67877e-07 0)
(-0.00194577 2.66116e-07 0)
(-0.00194304 2.64355e-07 0)
(-0.00194031 2.6258e-07 0)
(-0.00193758 2.60828e-07 0)
(-0.00193485 2.59053e-07 0)
(-0.00193211 2.57298e-07 0)
(-0.00192938 2.55545e-07 0)
(-0.00192665 2.53793e-07 0)
(-0.00192392 2.52038e-07 0)
(-0.00192119 2.50279e-07 0)
(-0.00191846 2.48531e-07 0)
(-0.00191573 2.46773e-07 0)
(-0.001913 2.45009e-07 0)
(-0.00191028 2.43263e-07 0)
(-0.00190755 2.41497e-07 0)
(-0.00190483 2.39747e-07 0)
(-0.0019021 2.38002e-07 0)
(-0.00189938 2.36246e-07 0)
(-0.00189666 2.34507e-07 0)
(-0.00189395 2.32751e-07 0)
(-0.00189123 2.30991e-07 0)
(-0.00188852 2.29249e-07 0)
(-0.00188581 2.2749e-07 0)
(-0.0018831 2.25745e-07 0)
(-0.0018804 2.24001e-07 0)
(-0.0018777 2.22242e-07 0)
(-0.001875 2.2051e-07 0)
(-0.0018723 2.18761e-07 0)
(-0.00186961 2.17008e-07 0)
(-0.00186692 2.15273e-07 0)
(-0.00186424 2.13509e-07 0)
(-0.00186156 2.11767e-07 0)
(-0.00185888 2.10028e-07 0)
(-0.00185621 2.08282e-07 0)
(-0.00185355 2.06535e-07 0)
(-0.00185088 2.04775e-07 0)
(-0.00184823 2.03048e-07 0)
(-0.00184557 2.01294e-07 0)
(-0.00184293 1.99528e-07 0)
(-0.00184029 1.97789e-07 0)
(-0.00183765 1.9601e-07 0)
(-0.00183502 1.94258e-07 0)
(-0.0018324 1.92506e-07 0)
(-0.00182978 1.90731e-07 0)
(-0.00182718 1.88992e-07 0)
(-0.00182457 1.87227e-07 0)
(-0.00182198 1.85444e-07 0)
(-0.00181939 1.83696e-07 0)
(-0.00181681 1.81895e-07 0)
(-0.00181424 1.80129e-07 0)
(-0.00181168 1.78369e-07 0)
(-0.00180912 1.76579e-07 0)
(-0.00180657 1.74842e-07 0)
(-0.00180404 1.73063e-07 0)
(-0.00180151 1.71275e-07 0)
(-0.00179899 1.69523e-07 0)
(-0.00179648 1.67713e-07 0)
(-0.00179398 1.65962e-07 0)
(-0.00179149 1.64217e-07 0)
(-0.00178901 1.62463e-07 0)
(-0.00178654 1.60716e-07 0)
(-0.00178408 1.58957e-07 0)
(-0.00178164 1.5727e-07 0)
(-0.0017792 1.55541e-07 0)
(-0.00177677 1.53804e-07 0)
(-0.00177436 1.52156e-07 0)
(-0.00177195 1.50412e-07 0)
(-0.00176955 1.48811e-07 0)
(-0.00176717 1.47139e-07 0)
(-0.0017648 1.45604e-07 0)
(-0.00176244 1.43937e-07 0)
(-0.00176008 1.42635e-07 0)
(-0.00175774 1.40734e-07 0)
(-0.0017554 1.39915e-07 0)
(-0.00175309 1.37502e-07 0)
(-0.00175075 1.37647e-07 0)
(-0.00174847 1.34098e-07 0)
(-0.00174611 1.36337e-07 0)
(-0.0017439 1.29927e-07 0)
(-0.00174148 1.36952e-07 0)
(-0.00173938 1.23803e-07 0)
(-0.00173682 1.41226e-07 0)
(-0.00173492 1.13474e-07 0)
(-0.00173208 1.52611e-07 0)
(-0.00173056 9.46655e-08 0)
(-0.00172719 1.76802e-07 0)
(-0.00172632 6.04573e-08 0)
(-0.00172213 2.19542e-07 0)
(-0.00172218 8.54645e-09 0)
(-0.00171684 2.36316e-07 0)
(-0.0353511 -0.00216564 0)
(-0.016036 -0.000524979 0)
(-0.0105898 -0.000100567 0)
(-0.00845475 -3.45999e-05 0)
(-0.00749058 -1.9692e-05 0)
(-0.00685486 -1.60193e-05 0)
(-0.00634608 -1.32177e-05 0)
(-0.00593495 -1.07666e-05 0)
(-0.00560051 -8.96418e-06 0)
(-0.00532203 -7.66261e-06 0)
(-0.00508494 -6.67595e-06 0)
(-0.00487981 -5.89609e-06 0)
(-0.00470015 -5.26421e-06 0)
(-0.00454123 -4.74353e-06 0)
(-0.00439945 -4.30851e-06 0)
(-0.00427202 -3.94067e-06 0)
(-0.00415673 -3.62631e-06 0)
(-0.00405183 -3.35513e-06 0)
(-0.0039559 -3.11923e-06 0)
(-0.00386777 -2.91245e-06 0)
(-0.00378648 -2.72993e-06 0)
(-0.00371122 -2.56775e-06 0)
(-0.00364133 -2.42277e-06 0)
(-0.00357623 -2.29238e-06 0)
(-0.00351543 -2.17446e-06 0)
(-0.00345852 -2.06724e-06 0)
(-0.00340515 -1.96921e-06 0)
(-0.003355 -1.87918e-06 0)
(-0.00330782 -1.79598e-06 0)
(-0.00326336 -1.71893e-06 0)
(-0.00322142 -1.64691e-06 0)
(-0.00318183 -1.57988e-06 0)
(-0.00314444 -1.51634e-06 0)
(-0.00310908 -1.45737e-06 0)
(-0.00307567 -1.40027e-06 0)
(-0.00304406 -1.34827e-06 0)
(-0.00301417 -1.29623e-06 0)
(-0.00298596 -1.25073e-06 0)
(-0.00295916 -1.20387e-06 0)
(-0.00293416 -1.16371e-06 0)
(-0.00290989 -1.12727e-06 0)
(-0.00288829 -1.08533e-06 0)
(-0.00286539 -1.08257e-06 0)
(-0.00284839 -1.00632e-06 0)
(-0.00282386 -1.12144e-06 0)
(-0.0028156 -8.83233e-07 0)
(-0.00278102 -1.43974e-06 0)
(-0.00279297 -3.49441e-07 0)
(-0.00273285 -7.16931e-06 0)
(-0.00259718 0.000182838 0)
(1.26622e-06 1.58477e-07 0)
(4.18606e-06 -4.65553e-06 0)
(7.92367e-06 -1.57788e-05 0)
(1.21555e-05 -3.35284e-05 0)
(1.64902e-05 -5.8307e-05 0)
(2.05078e-05 -8.93608e-05 0)
(2.39529e-05 -0.000125767 0)
(2.669e-05 -0.00016632 0)
(2.86992e-05 -0.000209853 0)
(3.00178e-05 -0.000255284 0)
(3.07141e-05 -0.000301671 0)
(3.08681e-05 -0.000348227 0)
(3.05638e-05 -0.000394296 0)
(2.98833e-05 -0.000439334 0)
(2.89022e-05 -0.000482915 0)
(2.76864e-05 -0.000524718 0)
(2.62918e-05 -0.000564508 0)
(2.47657e-05 -0.000602125 0)
(2.31472e-05 -0.000637464 0)
(2.14684e-05 -0.00067047 0)
(1.97546e-05 -0.000701123 0)
(1.80256e-05 -0.000729431 0)
(1.62963e-05 -0.000755424 0)
(1.45778e-05 -0.000779147 0)
(1.28781e-05 -0.000800654 0)
(1.12025e-05 -0.000820007 0)
(9.55463e-06 -0.000837272 0)
(7.93685e-06 -0.000852517 0)
(6.35037e-06 -0.00086581 0)
(4.79579e-06 -0.00087722 0)
(3.27367e-06 -0.000886814 0)
(1.78478e-06 -0.000894659 0)
(3.30395e-07 -0.000900816 0)
(-1.08956e-06 -0.00090535 0)
(-2.47531e-06 -0.000908316 0)
(-3.83726e-06 -0.000909782 0)
(-5.19195e-06 -0.000909781 0)
(-6.5277e-06 -0.000908351 0)
(-7.82136e-06 -0.000905565 0)
(-9.06097e-06 -0.000901491 0)
(-1.02425e-05 -0.000896195 0)
(-1.13656e-05 -0.000889739 0)
(-1.24326e-05 -0.000882187 0)
(-1.34438e-05 -0.0008736 0)
(-1.4399e-05 -0.000864038 0)
(-1.52988e-05 -0.00085356 0)
(-1.61441e-05 -0.000842226 0)
(-1.69348e-05 -0.000830093 0)
(-1.76699e-05 -0.000817216 0)
(-1.83484e-05 -0.000803654 0)
(-1.89692e-05 -0.000789461 0)
(-1.95314e-05 -0.000774693 0)
(-2.0034e-05 -0.000759404 0)
(-2.04763e-05 -0.000743647 0)
(-2.08579e-05 -0.000727476 0)
(-2.11782e-05 -0.000710943 0)
(-2.14372e-05 -0.000694097 0)
(-2.16346e-05 -0.000676989 0)
(-2.17706e-05 -0.000659668 0)
(-2.18454e-05 -0.000642182 0)
(-2.18594e-05 -0.000624576 0)
(-2.18132e-05 -0.000606897 0)
(-2.17076e-05 -0.000589188 0)
(-2.15436e-05 -0.000571493 0)
(-2.13224e-05 -0.000553853 0)
(-2.10454e-05 -0.000536307 0)
(-2.07144e-05 -0.000518896 0)
(-2.03313e-05 -0.000501655 0)
(-1.98983e-05 -0.000484621 0)
(-1.94178e-05 -0.000467828 0)
(-1.88926e-05 -0.000451309 0)
(-1.83259e-05 -0.000435095 0)
(-1.77211e-05 -0.000419214 0)
(-1.70821e-05 -0.000403695 0)
(-1.64132e-05 -0.000388563 0)
(-1.57196e-05 -0.000373842 0)
(-1.50073e-05 -0.000359553 0)
(-1.42831e-05 -0.000345716 0)
(-1.35538e-05 -0.000332347 0)
(-1.28253e-05 -0.000319459 0)
(-1.21028e-05 -0.000307064 0)
(-1.13918e-05 -0.000295172 0)
(-1.06972e-05 -0.000283791 0)
(-1.0024e-05 -0.000272923 0)
(-9.37632e-06 -0.000262572 0)
(-8.75777e-06 -0.000252735 0)
(-8.171e-06 -0.000243409 0)
(-7.61768e-06 -0.000234588 0)
(-7.0985e-06 -0.000226262 0)
(-6.61318e-06 -0.00021842 0)
(-6.16056e-06 -0.000211049 0)
(-5.73891e-06 -0.000204132 0)
(-5.34632e-06 -0.000197653 0)
(-4.98125e-06 -0.000191591 0)
(-4.64316e-06 -0.000185927 0)
(-4.33313e-06 -0.000180641 0)
(-4.05457e-06 -0.000175712 0)
(-3.81423e-06 -0.000171117 0)
(-3.6235e-06 -0.000166832 0)
(-3.49984e-06 -0.000162828 0)
(-3.46789e-06 -0.000159061 0)
(-3.55937e-06 -0.000155472 0)
(-3.81057e-06 -0.000151975 0)
(-4.25694e-06 -0.000148457 0)
(-4.92467e-06 -0.000144779 0)
(-5.82088e-06 -0.000140794 0)
(-6.92458e-06 -0.000136359 0)
(-8.1806e-06 -0.000131367 0)
(-9.49818e-06 -0.000125769 0)
(-1.07548e-05 -0.000119591 0)
(-1.18004e-05 -0.000112944 0)
(-1.24648e-05 -0.000106026 0)
(-1.25725e-05 -9.91133e-05 0)
(-1.19645e-05 -9.25562e-05 0)
(-1.05176e-05 -8.67513e-05 0)
(-8.17005e-06 -8.2125e-05 0)
(-4.95396e-06 -7.91055e-05 0)
(-1.02892e-06 -7.80752e-05 0)
(3.31535e-06 -7.93045e-05 0)
(7.69172e-06 -8.28908e-05 0)
(1.16872e-05 -8.87376e-05 0)
(1.48979e-05 -9.65894e-05 0)
(1.69374e-05 -0.000106026 0)
(1.74952e-05 -0.000116433 0)
(1.64251e-05 -0.000127035 0)
(1.38011e-05 -0.000136978 0)
(9.94127e-06 -0.000145443 0)
(5.3761e-06 -0.000151771 0)
(7.60621e-07 -0.000155569 0)
(-3.25059e-06 -0.000156776 0)
(-6.12136e-06 -0.00015565 0)
(-7.5438e-06 -0.00015269 0)
(-7.45886e-06 -0.000148515 0)
(-6.02394e-06 -0.000143757 0)
(-3.55346e-06 -0.000138978 0)
(-4.61808e-07 -0.00013461 0)
(2.79749e-06 -0.000130919 0)
(5.78152e-06 -0.000127994 0)
(8.10288e-06 -0.000125748 0)
(9.46958e-06 -0.000123942 0)
(9.71218e-06 -0.000122239 0)
(8.79146e-06 -0.000120266 0)
(6.78359e-06 -0.000117685 0)
(3.8488e-06 -0.000114236 0)
(1.96084e-07 -0.000109762 0)
(-3.94565e-06 -0.000104202 0)
(-8.34487e-06 -9.75762e-05 0)
(-1.27737e-05 -8.997e-05 0)
(-1.70114e-05 -8.15207e-05 0)
(-2.08492e-05 -7.24112e-05 0)
(-2.40976e-05 -6.28704e-05 0)
(-2.66073e-05 -5.31576e-05 0)
(-2.8273e-05 -4.35389e-05 0)
(-2.90389e-05 -3.42752e-05 0)
(-2.88942e-05 -2.56041e-05 0)
(-2.78657e-05 -1.77327e-05 0)
(-2.60128e-05 -1.08321e-05 0)
(-2.34174e-05 -5.03593e-06 0)
(-2.01746e-05 -4.43323e-07 0)
(-1.6387e-05 2.879e-06 0)
(-1.21564e-05 4.89338e-06 0)
(-7.56776e-06 5.58613e-06 0)
(-2.70836e-06 4.94832e-06 0)
(2.30856e-06 2.9903e-06 0)
(7.37927e-06 -2.45231e-07 0)
(1.24229e-05 -4.70093e-06 0)
(1.73621e-05 -1.03057e-05 0)
(2.21242e-05 -1.69771e-05 0)
(2.66434e-05 -2.46237e-05 0)
(3.0862e-05 -3.3147e-05 0)
(3.4729e-05 -4.24427e-05 0)
(3.81998e-05 -5.24017e-05 0)
(4.12361e-05 -6.29092e-05 0)
(4.38077e-05 -7.38458e-05 0)
(4.58927e-05 -8.50889e-05 0)
(4.74778e-05 -9.65135e-05 0)
(4.856e-05 -0.000107993 0)
(4.91469e-05 -0.000119401 0)
(4.92579e-05 -0.000130612 0)
(4.8925e-05 -0.000141505 0)
(4.81931e-05 -0.000151963 0)
(4.71202e-05 -0.000161878 0)
(4.5777e-05 -0.000171152 0)
(4.42457e-05 -0.0001797 0)
(4.26177e-05 -0.000187456 0)
(4.09895e-05 -0.000194375 0)
(3.94555e-05 -0.000200446 0)
(3.80957e-05 -0.000205699 0)
(3.6953e-05 -0.000210237 0)
(3.59922e-05 -0.000214279 0)
(3.50218e-05 -0.000218256 0)
(3.35439e-05 -0.00022299 0)
(3.04882e-05 -0.000230045 0)
(2.38139e-05 -0.000242443 0)
(9.72191e-06 -0.000266018 0)
(-1.92462e-05 -0.000311397 0)
(-7.78315e-05 -0.000396496 0)
(-0.000193901 -0.000548913 0)
(-0.000403488 -0.00079606 0)
(-0.000711366 -0.00113156 0)
(1.21319e-07 -9.37565e-07 0)
(2.85604e-06 -1.9814e-06 0)
(6.68377e-06 -2.33997e-06 0)
(1.05609e-05 -2.22469e-06 0)
(1.423e-05 -1.97258e-06 0)
(1.76452e-05 -1.70679e-06 0)
(2.08437e-05 -1.46287e-06 0)
(2.3858e-05 -1.23456e-06 0)
(2.67068e-05 -1.00846e-06 0)
(2.93971e-05 -7.72079e-07 0)
(3.19274e-05 -5.13957e-07 0)
(3.42881e-05 -2.21731e-07 0)
(3.64602e-05 1.19549e-07 0)
(3.8412e-05 5.28316e-07 0)
(4.00957e-05 1.02614e-06 0)
(4.14438e-05 1.6358e-06 0)
(4.23677e-05 2.37676e-06 0)
(4.2762e-05 3.26207e-06 0)
(4.25033e-05 4.28237e-06 0)
(4.14696e-05 5.42257e-06 0)
(3.95682e-05 6.64295e-06 0)
(3.67554e-05 7.88467e-06 0)
(3.30555e-05 9.08207e-06 0)
(2.85677e-05 1.01888e-05 0)
(2.34445e-05 1.12174e-05 0)
(1.78239e-05 1.2277e-05 0)
(1.17249e-05 1.35782e-05 0)
(4.92806e-06 1.53616e-05 0)
(-3.24533e-06 1.76251e-05 0)
(-1.38729e-05 1.97902e-05 0)
(-2.7996e-05 2.0811e-05 0)
(-4.63841e-05 2.1816e-05 0)
(-7.06335e-05 2.66085e-05 0)
(-0.000102309 3.82451e-05 0)
(-0.000137599 5.05933e-05 0)
(-0.000162473 5.35487e-05 0)
(-0.000160406 3.82564e-05 0)
(-0.000118361 6.34099e-06 0)
(-2.76479e-05 -3.75636e-05 0)
(0.000149879 -7.24737e-05 0)
(0.000404826 -0.000143916 0)
(0.000781006 -0.000532897 0)
(0.00155622 -0.00114005 0)
(0.00259861 -0.00106272 0)
(0.00299693 -0.00047824 0)
(0.00305143 -0.000299485 0)
(0.00318544 -0.00014929 0)
(0.00311863 9.10151e-05 0)
(0.00293172 0.000159428 0)
(0.00275012 0.000227521 0)
(0.00247865 0.000333166 0)
(0.00215184 0.000370418 0)
(0.00183045 0.000373823 0)
(0.00151009 0.00037378 0)
(0.00119618 0.000359431 0)
(0.00090374 0.000332116 0)
(0.00063877 0.000299214 0)
(0.000402901 0.000264435 0)
(0.000196315 0.000230097 0)
(1.56598e-05 0.000196905 0)
(-0.000138659 0.000163989 0)
(-0.000261426 0.00013317 0)
(-0.000362939 0.000112364 0)
(-0.000456307 0.000101927 0)
(-0.000549007 9.99965e-05 0)
(-0.000646369 0.000104274 0)
(-0.000751819 0.00011132 0)
(-0.000865553 0.000119122 0)
(-0.000985703 0.000125984 0)
(-0.00110997 0.000131809 0)
(-0.00123709 0.000137989 0)
(-0.00136786 0.000146662 0)
(-0.00150535 0.000159593 0)
(-0.00165383 0.000177268 0)
(-0.00181735 0.000199107 0)
(-0.00199922 0.000223204 0)
(-0.00220088 0.000247713 0)
(-0.00242453 0.000271196 0)
(-0.00266843 0.000276484 0)
(-0.00291012 0.000263699 0)
(-0.00314524 0.000223341 0)
(-0.00332916 0.000140629 0)
(-0.00345598 5.06336e-05 0)
(-0.00350706 -0.00010516 0)
(-0.00342962 -0.000250786 0)
(-0.00328543 -0.000475511 0)
(-0.00288015 -0.000711049 0)
(-0.00252971 -0.000917064 0)
(-0.00162502 -0.00143333 0)
(-0.000279729 -0.000851412 0)
(0.000111878 0.000130175 0)
(0.000112703 0.000140767 0)
(0.000170177 -6.61193e-05 0)
(0.000319752 -0.000185064 0)
(0.000488795 -0.000189522 0)
(0.000608344 -0.000105643 0)
(0.000636083 2.15266e-05 0)
(0.000541575 0.000166518 0)
(0.000302684 0.000263244 0)
(5.91771e-07 0.000189211 0)
(0.000190402 6.04519e-05 0)
(0.0003047 0.000451494 0)
(0.00029441 0.000915062 0)
(8.3545e-05 0.00111704 0)
(-0.00011614 0.000987425 0)
(-0.000233915 0.00071208 0)
(-0.000310817 0.000321748 0)
(-0.000301535 -0.000128196 0)
(-0.000240313 -0.000511936 0)
(-0.000153791 -0.000804942 0)
(-5.43309e-05 -0.000988205 0)
(5.03923e-05 -0.00105706 0)
(0.00015805 -0.00100787 0)
(0.000256417 -0.000841673 0)
(0.000321704 -0.000572138 0)
(0.000358993 -0.00022959 0)
(0.000312562 0.000186776 0)
(0.000108131 0.000542562 0)
(-5.14915e-05 0.000667117 0)
(-4.59608e-05 0.000701852 0)
(1.291e-05 0.000733722 0)
(4.03557e-05 0.000786871 0)
(4.43826e-05 0.000850268 0)
(2.88354e-05 0.000897604 0)
(-4.86432e-06 0.000908879 0)
(-4.73499e-05 0.000873975 0)
(-8.97755e-05 0.000794656 0)
(-0.000129173 0.000676694 0)
(-0.000167057 0.000524901 0)
(-0.000206299 0.000341927 0)
(-0.000249645 0.000123595 0)
(-0.000287859 -0.000138991 0)
(-0.000317475 -0.000428993 0)
(-0.000342754 -0.000741466 0)
(-0.000359589 -0.00107476 0)
(-0.000364563 -0.00141783 0)
(-0.000354964 -0.00175828 0)
(-0.000328378 -0.00208052 0)
(-0.000287359 -0.00237001 0)
(-0.000234365 -0.00261635 0)
(-0.000172123 -0.00281363 0)
(-9.89953e-05 -0.00295438 0)
(-1.53259e-05 -0.00302552 0)
(7.57108e-05 -0.00301798 0)
(0.000175997 -0.00292682 0)
(0.000277505 -0.00275427 0)
(0.000382759 -0.00250912 0)
(0.000497923 -0.00219013 0)
(0.000607664 -0.00179384 0)
(0.000688001 -0.00134214 0)
(0.000731955 -0.000873585 0)
(0.000755254 -0.000416387 0)
(0.000775023 3.93966e-05 0)
(0.000746038 0.000524132 0)
(0.000561671 0.000993313 0)
(0.000216585 0.00130671 0)
(-0.000123052 0.00138334 0)
(-0.00031403 0.00131718 0)
(-0.000339708 0.00122715 0)
(-0.000260289 0.00118661 0)
(-0.000214879 0.00121981 0)
(-0.000333206 0.00131649 0)
(-0.000571178 0.0014822 0)
(-0.000725324 0.0016182 0)
(-0.00036957 0.00186558 0)
(0.00153545 0.00305686 0)
(0.00271866 0.0034759 0)
(0.00291184 0.0057814 0)
(0.00157196 0.00690387 0)
(0.00104008 0.00678208 0)
(0.00102369 0.00721432 0)
(0.000581969 0.00759775 0)
(0.000373121 0.00762886 0)
(0.000299939 0.00773859 0)
(0.000107343 0.00778523 0)
(3.84306e-05 0.00772786 0)
(-1.2029e-05 0.00769819 0)
(-8.5557e-05 0.00762819 0)
(-0.000106742 0.007535 0)
(-0.000135876 0.00744862 0)
(-0.000161156 0.00734181 0)
(-0.000169585 0.00723326 0)
(-0.00018393 0.00712404 0)
(-0.00019232 0.00700782 0)
(-0.000197457 0.00689293 0)
(-0.000204553 0.00677637 0)
(-0.000208732 0.00665811 0)
(-0.000213146 0.0065404 0)
(-0.000217923 0.00642148 0)
(-0.0002219 0.00630212 0)
(-0.000226455 0.00618248 0)
(-0.000231041 0.00606197 0)
(-0.000235583 0.005941 0)
(-0.000240428 0.00581939 0)
(-0.000245232 0.00569704 0)
(-0.000250045 0.00557413 0)
(-0.000254855 0.00545059 0)
(-0.000259489 0.00532649 0)
(-0.000263938 0.00520199 0)
(-0.000268111 0.00507716 0)
(-0.000271912 0.00495217 0)
(-0.000275293 0.00482722 0)
(-0.000278178 0.00470248 0)
(-0.000280511 0.00457818 0)
(-0.000282253 0.00445455 0)
(-0.000283371 0.00433183 0)
(-0.000283847 0.00421024 0)
(-0.000283683 0.00409003 0)
(-0.000282889 0.0039714 0)
(-0.000281496 0.00385455 0)
(-0.000279545 0.00373968 0)
(-0.000277091 0.00362693 0)
(-0.000274199 0.00351643 0)
(-0.000270945 0.00340828 0)
(-0.000267409 0.00330253 0)
(-0.000263679 0.00319923 0)
(-0.000259842 0.00309837 0)
(-0.000255988 0.00299991 0)
(-0.000252206 0.00290381 0)
(-0.000248579 0.00280997 0)
(-0.000245187 0.00271828 0)
(-0.000242104 0.00262861 0)
(-0.000239395 0.00254083 0)
(-0.000237118 0.00245475 0)
(-0.000235321 0.00237023 0)
(-0.000234044 0.00228706 0)
(-0.000233315 0.00220509 0)
(-0.000233155 0.00212411 0)
(-0.000233576 0.00204397 0)
(-0.000234582 0.00196447 0)
(-0.000236169 0.00188545 0)
(-0.000238325 0.00180676 0)
(-0.000241034 0.00172825 0)
(-0.000244275 0.00164977 0)
(-0.000248024 0.00157121 0)
(-0.000252254 0.00149246 0)
(-0.000256934 0.00141341 0)
(-0.000262038 0.00133399 0)
(-0.000267536 0.00125412 0)
(-0.000273404 0.00117376 0)
(-0.000279619 0.00109286 0)
(-0.000286167 0.00101139 0)
(-0.000293036 0.000929329 0)
(-0.000300225 0.000846655 0)
(-0.000307738 0.000763342 0)
(-0.000315581 0.000679338 0)
(-0.000323756 0.000594556 0)
(-0.000332241 0.000508863 0)
(-0.000340984 0.000422098 0)
(-0.000349893 0.000334124 0)
(-0.000358855 0.000244903 0)
(-0.000367775 0.000154525 0)
(-0.000376632 6.31784e-05 0)
(-0.000385465 -2.89097e-05 0)
(-0.000394423 -0.000121555 0)
(-0.000403623 -0.00021471 0)
(-0.000413124 -0.000308392 0)
(-0.000423043 -0.000402659 0)
(-0.000433527 -0.000497641 0)
(-0.00044463 -0.000593467 0)
(-0.000456389 -0.000690249 0)
(-0.000468852 -0.000788084 0)
(-0.00048208 -0.000887064 0)
(-0.000496137 -0.000987275 0)
(-0.000511094 -0.00108881 0)
(-0.000527036 -0.00119175 0)
(-0.000544056 -0.00129621 0)
(-0.000562261 -0.00140228 0)
(-0.000581772 -0.00151008 0)
(-0.000602724 -0.00161975 0)
(-0.000625271 -0.0017314 0)
(-0.000649579 -0.0018452 0)
(-0.000675837 -0.00196129 0)
(-0.000704258 -0.00207985 0)
(-0.000735081 -0.00220105 0)
(-0.000768578 -0.00232509 0)
(-0.000805051 -0.00245219 0)
(-0.000844844 -0.00258256 0)
(-0.00088834 -0.00271644 0)
(-0.000935973 -0.00285411 0)
(-0.00098823 -0.00299584 0)
(-0.00104566 -0.00314195 0)
(-0.00110887 -0.00329277 0)
(-0.00117855 -0.00344865 0)
(-0.00125547 -0.00361004 0)
(-0.00134046 -0.00377728 0)
(-0.00143454 -0.00395108 0)
(-0.00153864 -0.00413148 0)
(-0.00165419 -0.00432011 0)
(-0.00178196 -0.00451552 0)
(-0.00192447 -0.0047226 0)
(-0.00208113 -0.00493403 0)
(-0.002258 -0.00516638 0)
(-0.0024485 -0.00539078 0)
(-0.00267062 -0.0056645 0)
(-0.00289529 -0.00588384 0)
(-0.0031789 -0.00624244 0)
(-0.00341087 -0.00638828 0)
(-0.0037561 -0.00695271 0)
(-0.00382495 -0.00678677 0)
)
;
    }
    frontAndBack
    {
        type            empty;
    }
}


// ************************************************************************* //
