/*--------------------------------*- C++ -*----------------------------------*\
  =========                 |
  \\      /  F ield         | OpenFOAM: The Open Source CFD Toolbox
   \\    /   O peration     | Website:  https://openfoam.org
    \\  /    A nd           | Version:  7
     \\/     M anipulation  |
\*---------------------------------------------------------------------------*/
FoamFile
{
    version     2.0;
    format      ascii;
    class       volVectorField;
    location    "0.5";
    object      wallShearStress;
}
// * * * * * * * * * * * * * * * * * * * * * * * * * * * * * * * * * * * * * //

dimensions      [0 2 -2 0 0 0 0];

internalField   uniform (0 0 0);

boundaryField
{
    velocityInlet
    {
        type            calculated;
        value           uniform (0 0 0);
    }
    pressureOutlet
    {
        type            calculated;
        value           uniform (0 0 0);
    }
    fixedWalls
    {
        type            calculated;
        value           nonuniform List<vector> 
100
(
(-0.0172517 -0.00698523 0)
(0.00337263 -0.00121275 0)
(-0.0011645 0.000681076 0)
(-0.0022964 0.000260198 0)
(-0.0031492 0.00011881 0)
(-0.00307089 -1.43083e-05 0)
(-0.00252612 -7.5561e-05 0)
(-0.0018822 -8.89261e-05 0)
(-0.00132504 -7.56528e-05 0)
(-0.00094053 -5.03692e-05 0)
(-0.000750276 -2.42343e-05 0)
(-0.000719659 -4.93898e-06 0)
(-0.000717727 -1.15604e-05 0)
(-0.000752502 5.13498e-06 0)
(-0.0014958 0.000146838 0)
(-0.00371417 0.00036572 0)
(-0.00662428 0.000439075 0)
(-0.00809175 0.000210258 0)
(-0.00550385 -0.000625865 0)
(0.00183266 -0.00119985 0)
(0.00883165 -0.00106578 0)
(0.0114344 -0.000351872 0)
(0.00927848 0.000372014 0)
(0.00437258 0.000654706 0)
(-0.000716632 0.00057149 0)
(-0.00434823 0.000341259 0)
(-0.00620366 0.000142587 0)
(-0.00676599 3.16019e-05 0)
(-0.00664776 -2.12808e-05 0)
(-0.00626259 -3.85932e-05 0)
(-0.00582384 -3.8126e-05 0)
(-0.00541558 -3.28767e-05 0)
(-0.00503367 -3.27207e-05 0)
(-0.00463846 -3.95882e-05 0)
(-0.0042238 -4.59012e-05 0)
(-0.00385484 -4.04056e-05 0)
(-0.00365101 -1.73696e-05 0)
(-0.00371365 2.15416e-05 0)
(-0.00400301 5.25593e-05 0)
(-0.00428476 5.33324e-05 0)
(-0.00422822 4.4871e-06 0)
(-0.00358926 -7.833e-05 0)
(-0.0024079 -0.000149884 0)
(-0.00104706 -0.000167628 0)
(1.93833e-05 -0.000125137 0)
(0.000478065 -5.11324e-05 0)
(0.000322366 2.26746e-05 0)
(-0.000233475 5.77107e-05 0)
(-0.00092282 7.31857e-05 0)
(-0.00155094 6.40784e-05 0)
(-0.00203515 4.76171e-05 0)
(-0.00236306 3.17142e-05 0)
(-0.00256179 1.9439e-05 0)
(-0.00266538 1.08682e-05 0)
(-0.00269862 5.05682e-06 0)
(-0.00267509 -9.3013e-07 0)
(-0.00260448 -6.02081e-06 0)
(-0.00250172 -9.56898e-06 0)
(-0.00238928 -1.07426e-05 0)
(-0.00229253 -9.33454e-06 0)
(-0.00223509 -5.8991e-06 0)
(-0.00223781 -4.12819e-07 0)
(-0.0023202 8.08073e-06 0)
(-0.0024942 1.82998e-05 0)
(-0.00274716 2.73633e-05 0)
(-0.00303303 3.17437e-05 0)
(-0.00328312 2.97202e-05 0)
(-0.00342265 2.30133e-05 0)
(-0.00337085 6.5495e-06 0)
(-0.00302888 -2.36407e-05 0)
(-0.00229386 -6.91917e-05 0)
(-0.00114816 -0.000119451 0)
(0.000232264 -0.000142467 0)
(0.00142372 -0.000120266 0)
(0.00193604 -5.04944e-05 0)
(0.00158643 4.03338e-05 0)
(0.000595292 9.27946e-05 0)
(-0.000608002 0.0001032 0)
(-0.0016808 8.77196e-05 0)
(-0.00246755 6.18196e-05 0)
(-0.00297125 3.92818e-05 0)
(-0.00325755 2.32451e-05 0)
(-0.00338782 1.24874e-05 0)
(-0.00339333 3.44923e-06 0)
(-0.0032836 -6.05192e-06 0)
(-0.0030635 -1.5368e-05 0)
(-0.00275395 -2.28963e-05 0)
(-0.00238867 -2.72237e-05 0)
(-0.00201033 -2.81907e-05 0)
(-0.00164509 -2.69782e-05 0)
(-0.00130975 -2.53939e-05 0)
(-0.00100731 -2.31269e-05 0)
(-0.000744423 -2.12214e-05 0)
(-0.000542206 -1.68737e-05 0)
(-0.000402029 -1.18522e-05 0)
(-0.000398165 -2.91521e-06 0)
(-0.00048394 8.04075e-06 0)
(-0.000759441 1.89768e-05 0)
(-0.00104859 2.56539e-05 0)
(-0.00139514 1.66652e-05 0)
)
;
    }
    bottomWall
    {
        type            calculated;
        value           nonuniform List<vector> 
800
(
(-0.0353488 0.00214398 0)
(-0.0160264 0.00052484 0)
(-0.0106074 0.000100722 0)
(-0.00845545 3.52638e-05 0)
(-0.00748559 1.98632e-05 0)
(-0.00685188 1.61232e-05 0)
(-0.00634429 1.3357e-05 0)
(-0.0059331 1.09002e-05 0)
(-0.00559829 9.07846e-06 0)
(-0.00531941 7.76241e-06 0)
(-0.00508186 6.76629e-06 0)
(-0.0048762 5.97951e-06 0)
(-0.00469595 5.34224e-06 0)
(-0.00453639 4.81712e-06 0)
(-0.00439392 4.37827e-06 0)
(-0.00426577 4.00682e-06 0)
(-0.00414976 3.689e-06 0)
(-0.00404415 3.41451e-06 0)
(-0.00394752 3.1754e-06 0)
(-0.0038587 2.96554e-06 0)
(-0.00377676 2.78002e-06 0)
(-0.00370088 2.61523e-06 0)
(-0.00363037 2.46796e-06 0)
(-0.00356466 2.3356e-06 0)
(-0.00350326 2.21613e-06 0)
(-0.00344574 2.10786e-06 0)
(-0.00339174 2.0093e-06 0)
(-0.00334092 1.91939e-06 0)
(-0.00329301 1.83697e-06 0)
(-0.00324776 1.76127e-06 0)
(-0.00320493 1.69147e-06 0)
(-0.00316435 1.62696e-06 0)
(-0.00312583 1.5672e-06 0)
(-0.00308922 1.51165e-06 0)
(-0.00305437 1.46006e-06 0)
(-0.00302117 1.41198e-06 0)
(-0.00298948 1.36703e-06 0)
(-0.00295922 1.32486e-06 0)
(-0.00293029 1.28527e-06 0)
(-0.0029026 1.24822e-06 0)
(-0.00287606 1.21331e-06 0)
(-0.00285063 1.18034e-06 0)
(-0.00282621 1.14941e-06 0)
(-0.00280276 1.12006e-06 0)
(-0.00278022 1.09243e-06 0)
(-0.00275854 1.06594e-06 0)
(-0.00273766 1.04128e-06 0)
(-0.00271756 1.0171e-06 0)
(-0.00269817 9.95468e-07 0)
(-0.00267949 9.72306e-07 0)
(-0.00266386 9.53066e-07 0)
(-0.00265096 9.42331e-07 0)
(-0.00263822 9.28523e-07 0)
(-0.00262567 9.13688e-07 0)
(-0.00261332 9.00013e-07 0)
(-0.00260114 8.86912e-07 0)
(-0.00258915 8.74023e-07 0)
(-0.00257732 8.61368e-07 0)
(-0.00256567 8.49139e-07 0)
(-0.00255418 8.37164e-07 0)
(-0.00254285 8.25435e-07 0)
(-0.00253168 8.13948e-07 0)
(-0.00252067 8.027e-07 0)
(-0.0025098 7.91858e-07 0)
(-0.00249908 7.81083e-07 0)
(-0.00248851 7.70541e-07 0)
(-0.00247808 7.60396e-07 0)
(-0.00246778 7.50314e-07 0)
(-0.00245762 7.4046e-07 0)
(-0.00244759 7.3083e-07 0)
(-0.0024377 7.21424e-07 0)
(-0.00242792 7.1224e-07 0)
(-0.00241827 7.03111e-07 0)
(-0.00240875 6.94199e-07 0)
(-0.00239934 6.85338e-07 0)
(-0.00239006 6.7686e-07 0)
(-0.00238089 6.68596e-07 0)
(-0.00237183 6.60379e-07 0)
(-0.00236288 6.52374e-07 0)
(-0.00235403 6.44413e-07 0)
(-0.0023453 6.36661e-07 0)
(-0.00233667 6.2912e-07 0)
(-0.00232814 6.21619e-07 0)
(-0.00231971 6.14326e-07 0)
(-0.00231138 6.0724e-07 0)
(-0.00230314 6.00026e-07 0)
(-0.00229501 5.93183e-07 0)
(-0.00228696 5.86378e-07 0)
(-0.00227901 5.7961e-07 0)
(-0.00227115 5.73211e-07 0)
(-0.00226337 5.66847e-07 0)
(-0.00225568 5.60518e-07 0)
(-0.00224807 5.54221e-07 0)
(-0.00224055 5.48124e-07 0)
(-0.00223311 5.4206e-07 0)
(-0.00222576 5.36192e-07 0)
(-0.00221848 5.30521e-07 0)
(-0.00221128 5.24879e-07 0)
(-0.00220415 5.19267e-07 0)
(-0.00219711 5.13847e-07 0)
(-0.00219013 5.08455e-07 0)
(-0.00218323 5.03087e-07 0)
(-0.00217639 4.97746e-07 0)
(-0.00216964 4.92593e-07 0)
(-0.00216295 4.87633e-07 0)
(-0.00215633 4.82693e-07 0)
(-0.00214977 4.77777e-07 0)
(-0.00214329 4.72881e-07 0)
(-0.00213686 4.68172e-07 0)
(-0.0021305 4.63483e-07 0)
(-0.00212421 4.58814e-07 0)
(-0.00211798 4.54165e-07 0)
(-0.00211181 4.49701e-07 0)
(-0.0021057 4.45421e-07 0)
(-0.00209965 4.40995e-07 0)
(-0.00209366 4.36585e-07 0)
(-0.00208773 4.32527e-07 0)
(-0.00208185 4.2832e-07 0)
(-0.00207603 4.2413e-07 0)
(-0.00207027 4.20124e-07 0)
(-0.00206456 4.16135e-07 0)
(-0.0020589 4.1233e-07 0)
(-0.0020533 4.08373e-07 0)
(-0.00204775 4.04434e-07 0)
(-0.00204225 4.00845e-07 0)
(-0.0020368 3.97104e-07 0)
(-0.0020314 3.9338e-07 0)
(-0.00202605 3.89838e-07 0)
(-0.00202076 3.86145e-07 0)
(-0.00201551 3.82632e-07 0)
(-0.0020103 3.79303e-07 0)
(-0.00200515 3.75821e-07 0)
(-0.00200004 3.72521e-07 0)
(-0.00199497 3.69233e-07 0)
(-0.00198995 3.65961e-07 0)
(-0.00198497 3.62703e-07 0)
(-0.00198004 3.5946e-07 0)
(-0.00197515 3.56561e-07 0)
(-0.0019703 3.53347e-07 0)
(-0.0019655 3.50303e-07 0)
(-0.00196073 3.47454e-07 0)
(-0.001956 3.44261e-07 0)
(-0.00195133 3.41448e-07 0)
(-0.00194668 3.38597e-07 0)
(-0.00194207 3.35831e-07 0)
(-0.0019375 3.32969e-07 0)
(-0.00193298 3.30099e-07 0)
(-0.00192849 3.2737e-07 0)
(-0.00192403 3.24894e-07 0)
(-0.00191961 3.22043e-07 0)
(-0.0019159 3.19336e-07 0)
(-0.00191288 3.1781e-07 0)
(-0.00190985 3.1622e-07 0)
(-0.00190681 3.14293e-07 0)
(-0.00190377 3.12423e-07 0)
(-0.00190072 3.10816e-07 0)
(-0.00189767 3.08999e-07 0)
(-0.00189462 3.07182e-07 0)
(-0.00189156 3.05374e-07 0)
(-0.0018885 3.03577e-07 0)
(-0.00188544 3.01789e-07 0)
(-0.00188237 3.00008e-07 0)
(-0.0018793 2.98461e-07 0)
(-0.00187623 2.96476e-07 0)
(-0.00187315 2.94722e-07 0)
(-0.00187007 2.93195e-07 0)
(-0.00186699 2.91243e-07 0)
(-0.0018639 2.89515e-07 0)
(-0.00186081 2.87796e-07 0)
(-0.00185772 2.86087e-07 0)
(-0.00185463 2.84385e-07 0)
(-0.00185153 2.82691e-07 0)
(-0.00184843 2.81009e-07 0)
(-0.00184532 2.79332e-07 0)
(-0.00184222 2.77669e-07 0)
(-0.00183911 2.76012e-07 0)
(-0.00183599 2.74364e-07 0)
(-0.00183288 2.72528e-07 0)
(-0.00182976 2.70899e-07 0)
(-0.00182664 2.6928e-07 0)
(-0.00182352 2.67669e-07 0)
(-0.00182039 2.66069e-07 0)
(-0.00181726 2.64285e-07 0)
(-0.00181413 2.62704e-07 0)
(-0.001811 2.61131e-07 0)
(-0.00180786 2.59568e-07 0)
(-0.00180472 2.58014e-07 0)
(-0.00180158 2.56284e-07 0)
(-0.00179844 2.54749e-07 0)
(-0.00179529 2.53226e-07 0)
(-0.00179214 2.5171e-07 0)
(-0.00178899 2.50207e-07 0)
(-0.00178583 2.48533e-07 0)
(-0.00178268 2.47048e-07 0)
(-0.00177952 2.45573e-07 0)
(-0.00177636 2.44108e-07 0)
(-0.00177319 2.42654e-07 0)
(-0.00177003 2.41035e-07 0)
(-0.00176686 2.39598e-07 0)
(-0.00176369 2.38176e-07 0)
(-0.00176051 2.36758e-07 0)
(-0.00175733 2.35355e-07 0)
(-0.00175416 2.33791e-07 0)
(-0.00175098 2.32404e-07 0)
(-0.00174779 2.31193e-07 0)
(-0.0017446 2.29662e-07 0)
(-0.00174141 2.283e-07 0)
(-0.00173821 2.26955e-07 0)
(-0.00173502 2.25449e-07 0)
(-0.00173182 2.24282e-07 0)
(-0.00172862 2.22959e-07 0)
(-0.00172541 2.21647e-07 0)
(-0.0017222 2.20343e-07 0)
(-0.00171899 2.18891e-07 0)
(-0.00171578 2.17596e-07 0)
(-0.00171256 2.16478e-07 0)
(-0.00170934 2.15208e-07 0)
(-0.00170611 2.13954e-07 0)
(-0.00170288 2.12702e-07 0)
(-0.00169965 2.11466e-07 0)
(-0.00169641 2.10382e-07 0)
(-0.00169317 2.09168e-07 0)
(-0.00168993 2.07954e-07 0)
(-0.00168668 2.06908e-07 0)
(-0.00168342 2.05697e-07 0)
(-0.00168017 2.04556e-07 0)
(-0.0016769 2.03488e-07 0)
(-0.00167364 2.02553e-07 0)
(-0.00167036 2.01438e-07 0)
(-0.00166708 2.00491e-07 0)
(-0.0016638 1.99375e-07 0)
(-0.0016605 1.98859e-07 0)
(-0.0016572 1.97314e-07 0)
(-0.00165388 1.97244e-07 0)
(-0.00165059 1.95101e-07 0)
(-0.00164723 1.9626e-07 0)
(-0.00164395 1.92353e-07 0)
(-0.00164053 1.96603e-07 0)
(-0.0016373 1.88298e-07 0)
(-0.00163375 1.99416e-07 0)
(-0.00163065 1.81038e-07 0)
(-0.00162685 2.07114e-07 0)
(-0.00162405 1.67182e-07 0)
(-0.00161976 2.25229e-07 0)
(-0.00161756 1.39533e-07 0)
(-0.00161241 2.6249e-07 0)
(-0.00161123 8.72627e-08 0)
(-0.00160476 3.28146e-07 0)
(-0.00160506 4.50238e-09 0)
(-0.00159686 3.61551e-07 0)
(-0.0353489 -0.00214397 0)
(-0.016027 -0.000524811 0)
(-0.010609 -0.000100688 0)
(-0.00845787 -3.5233e-05 0)
(-0.00748891 -1.98332e-05 0)
(-0.00685603 -1.60935e-05 0)
(-0.00634931 -1.33277e-05 0)
(-0.0059389 -1.08718e-05 0)
(-0.00560484 -9.04986e-06 0)
(-0.00532671 -7.7329e-06 0)
(-0.00508994 -6.73526e-06 0)
(-0.00488509 -5.94651e-06 0)
(-0.0047057 -5.30656e-06 0)
(-0.00454706 -4.77835e-06 0)
(-0.00440558 -4.33596e-06 0)
(-0.0042785 -3.96056e-06 0)
(-0.00416364 -3.63831e-06 0)
(-0.00405927 -3.35867e-06 0)
(-0.003964 -3.11373e-06 0)
(-0.00387667 -2.89716e-06 0)
(-0.00379635 -2.70397e-06 0)
(-0.00372225 -2.53015e-06 0)
(-0.00365372 -2.37246e-06 0)
(-0.00359021 -2.22817e-06 0)
(-0.00353125 -2.09503e-06 0)
(-0.00347645 -1.97104e-06 0)
(-0.00342547 -1.8544e-06 0)
(-0.00337803 -1.74335e-06 0)
(-0.00333392 -1.63647e-06 0)
(-0.00329293 -1.5324e-06 0)
(-0.00325492 -1.42905e-06 0)
(-0.00321978 -1.32574e-06 0)
(-0.00318743 -1.21962e-06 0)
(-0.00315784 -1.11004e-06 0)
(-0.00313101 -9.93027e-07 0)
(-0.00310701 -8.68047e-07 0)
(-0.00308588 -7.29342e-07 0)
(-0.00306791 -5.75065e-07 0)
(-0.00305304 -3.99314e-07 0)
(-0.00304219 -1.90515e-07 0)
(-0.0030346 4.33883e-08 0)
(-0.00303311 3.53349e-07 0)
(-0.00303438 6.89028e-07 0)
(-0.0030467 1.2052e-06 0)
(-0.00305909 1.59982e-06 0)
(-0.003094 2.64456e-06 0)
(-0.00312188 2.98604e-06 0)
(-0.00319302 5.85388e-06 0)
(-0.00327151 -3.30688e-06 0)
(-0.00308875 0.00023746 0)
(-4.52148e-05 2.75344e-05 0)
(-4.54761e-05 0.00011846 0)
(-4.02746e-05 0.000166919 0)
(-4.82798e-05 0.000216317 0)
(-6.13881e-05 0.000286818 0)
(-7.19497e-05 0.000370783 0)
(-8.03946e-05 0.000465875 0)
(-8.45439e-05 0.000567889 0)
(-8.05908e-05 0.000669794 0)
(-6.30193e-05 0.000758115 0)
(-2.86801e-05 0.000813222 0)
(1.89114e-05 0.000812799 0)
(7.22079e-05 0.000743541 0)
(0.000123433 0.000604954 0)
(0.000165351 0.000408949 0)
(0.000194464 0.000173078 0)
(0.000209757 -8.58992e-05 0)
(0.00021338 -0.00035124 0)
(0.000207867 -0.000611148 0)
(0.00019625 -0.000859118 0)
(0.000180678 -0.00109013 0)
(0.000162946 -0.00130174 0)
(0.000144239 -0.00149313 0)
(0.000125284 -0.00166439 0)
(0.000106518 -0.00181613 0)
(8.81639e-05 -0.00194925 0)
(7.03051e-05 -0.0020647 0)
(5.29573e-05 -0.0021634 0)
(3.61621e-05 -0.0022462 0)
(1.99864e-05 -0.00231392 0)
(4.55762e-06 -0.0023673 0)
(-9.93567e-06 -0.0024072 0)
(-2.34179e-05 -0.00243447 0)
(-3.56966e-05 -0.00244994 0)
(-4.70615e-05 -0.00245482 0)
(-5.77693e-05 -0.00244902 0)
(-6.76738e-05 -0.0024336 0)
(-7.68836e-05 -0.00240932 0)
(-8.56287e-05 -0.00237661 0)
(-9.41461e-05 -0.00233573 0)
(-0.00010243 -0.00228681 0)
(-0.000110407 -0.00222998 0)
(-0.000117938 -0.0021653 0)
(-0.000124756 -0.00209289 0)
(-0.000130875 -0.00201332 0)
(-0.000137406 -0.0019274 0)
(-0.000146801 -0.00183537 0)
(-0.000161534 -0.00173577 0)
(-0.000182432 -0.00162566 0)
(-0.000207175 -0.00150194 0)
(-0.000230217 -0.00136292 0)
(-0.000243486 -0.00120988 0)
(-0.000237835 -0.00104681 0)
(-0.000206732 -0.000882798 0)
(-0.000150694 -0.000732439 0)
(-7.80461e-05 -0.000607738 0)
(-1.45167e-06 -0.000513603 0)
(6.74642e-05 -0.000450003 0)
(0.000120629 -0.000414175 0)
(0.000153975 -0.000400335 0)
(0.000166545 -0.00040117 0)
(0.000162972 -0.000410865 0)
(0.000152384 -0.0004286 0)
(0.000140774 -0.000458871 0)
(0.000130022 -0.000502057 0)
(0.000120859 -0.000554402 0)
(0.000112929 -0.000610149 0)
(0.000103892 -0.00065989 0)
(9.52508e-05 -0.000696769 0)
(9.41659e-05 -0.000719548 0)
(0.000104294 -0.000736349 0)
(0.000117672 -0.000757527 0)
(0.000118184 -0.000784238 0)
(9.09152e-05 -0.000806082 0)
(3.33531e-05 -0.000804701 0)
(-3.81433e-05 -0.000767784 0)
(-9.98596e-05 -0.000703495 0)
(-0.000143672 -0.000623901 0)
(-0.000174908 -0.000531549 0)
(-0.00019458 -0.000423071 0)
(-0.000199925 -0.000303907 0)
(-0.000194668 -0.000187101 0)
(-0.0001889 -7.96584e-05 0)
(-0.000188681 2.21449e-05 0)
(-0.000192439 0.000122796 0)
(-0.000194544 0.00022214 0)
(-0.000191173 0.000316967 0)
(-0.000181132 0.000403029 0)
(-0.000164989 0.000477683 0)
(-0.000143737 0.000539259 0)
(-0.000118869 0.000586863 0)
(-9.2087e-05 0.000620399 0)
(-6.51164e-05 0.000640367 0)
(-3.97561e-05 0.000647922 0)
(-1.77898e-05 0.000644845 0)
(-5.77268e-07 0.000633858 0)
(1.14613e-05 0.000617719 0)
(1.85219e-05 0.000599099 0)
(2.15384e-05 0.000580243 0)
(2.18762e-05 0.000562596 0)
(2.08657e-05 0.000546746 0)
(1.94647e-05 0.000532698 0)
(1.82279e-05 0.000520159 0)
(1.72779e-05 0.000508761 0)
(1.63559e-05 0.000498352 0)
(1.50813e-05 0.000489214 0)
(1.31896e-05 0.000481929 0)
(1.05741e-05 0.000477164 0)
(7.37342e-06 0.000475648 0)
(3.88079e-06 0.000477962 0)
(3.80918e-07 0.000484468 0)
(-2.97032e-06 0.000495244 0)
(-6.44389e-06 0.000510325 0)
(-1.09335e-05 0.000529482 0)
(-1.79438e-05 0.000552673 0)
(-2.92424e-05 0.000580462 0)
(-4.62399e-05 0.00061397 0)
(-6.93754e-05 0.000654505 0)
(-9.78857e-05 0.000703042 0)
(-0.000129957 0.000759898 0)
(-0.000163017 0.000824674 0)
(-0.000194037 0.000896273 0)
(-0.000219952 0.000972814 0)
(-0.000238291 0.00105163 0)
(-0.000247771 0.00112962 0)
(-0.000248484 0.0012039 0)
(-0.000241578 0.00127229 0)
(-0.00022868 0.00133354 0)
(-0.000211418 0.00138711 0)
(-0.000191122 0.00143293 0)
(-0.000168758 0.00147112 0)
(-0.000145022 0.00150186 0)
(-0.000120423 0.00152533 0)
(-9.53219e-05 0.00154168 0)
(-6.98783e-05 0.00155108 0)
(-4.40742e-05 0.00155365 0)
(-1.81246e-05 0.00154931 0)
(7.90252e-06 0.00153841 0)
(3.42124e-05 0.0015209 0)
(6.07691e-05 0.00149681 0)
(8.75677e-05 0.00146616 0)
(0.000114519 0.00142901 0)
(0.000141505 0.00138543 0)
(0.00016836 0.00133556 0)
(0.000194911 0.00127956 0)
(0.000220926 0.00121763 0)
(0.000246154 0.00115006 0)
(0.000270354 0.00107715 0)
(0.000293238 0.000999204 0)
(0.000314887 0.00091802 0)
(0.00033495 0.000833533 0)
(0.000353073 0.000745582 0)
(0.00036897 0.000654505 0)
(0.00038233 0.000560712 0)
(0.000392786 0.000464641 0)
(0.000399953 0.000366872 0)
(0.000403436 0.000268171 0)
(0.000402898 0.000169546 0)
(0.000398097 7.22402e-05 0)
(0.000388938 -2.23617e-05 0)
(0.00037579 -0.000112933 0)
(0.000359377 -0.000198839 0)
(0.000342692 -0.000281608 0)
(0.000323113 -0.000359459 0)
(0.000301044 -0.000432082 0)
(0.000276682 -0.000499115 0)
(0.000250404 -0.000560244 0)
(0.000222578 -0.000615338 0)
(0.000193491 -0.000664335 0)
(0.000163414 -0.000707191 0)
(0.000132604 -0.000743905 0)
(0.000101303 -0.000774532 0)
(6.9726e-05 -0.000799168 0)
(3.80817e-05 -0.000817937 0)
(6.55578e-06 -0.000831 0)
(-2.4509e-05 -0.000838495 0)
(-5.53556e-05 -0.000840634 0)
(-8.59587e-05 -0.000837092 0)
(-0.000115568 -0.00082811 0)
(-0.000143847 -0.000813937 0)
(-0.000170791 -0.000795982 0)
(-0.00019586 -0.000773366 0)
(-0.000218498 -0.00074578 0)
(-0.000238285 -0.000713616 0)
(-0.00025476 -0.000677263 0)
(-0.000267452 -0.000637159 0)
(-0.000275884 -0.000593804 0)
(-0.000279609 -0.000547783 0)
(-0.000278243 -0.000499825 0)
(-0.000271514 -0.000450864 0)
(-0.000259318 -0.000402121 0)
(-0.000241902 -0.000355443 0)
(-0.000220304 -0.000313943 0)
(-0.000197137 -0.000283075 0)
(-0.000178067 -0.000272773 0)
(-0.000174396 -0.000300899 0)
(-0.000207013 -0.00039461 0)
(-0.000316659 -0.000591883 0)
(-0.000560156 -0.000920861 0)
(-0.000931827 -0.00133841 0)
(9.69112e-06 5.72153e-05 0)
(-7.33232e-05 9.67715e-05 0)
(-0.000161988 0.000102083 0)
(-0.000240586 0.000102302 0)
(-0.000324179 0.000105323 0)
(-0.000415801 0.000106005 0)
(-0.000509806 9.84166e-05 0)
(-0.000596276 8.18092e-05 0)
(-0.000667259 5.86502e-05 0)
(-0.000718466 3.22519e-05 0)
(-0.000748466 5.27512e-06 0)
(-0.000757941 -2.08937e-05 0)
(-0.000747466 -4.49416e-05 0)
(-0.000718692 -6.60404e-05 0)
(-0.000674432 -8.41788e-05 0)
(-0.000615479 -9.91846e-05 0)
(-0.000543643 -0.000109915 0)
(-0.000461682 -0.000117714 0)
(-0.000369475 -0.000125287 0)
(-0.000265139 -0.000131939 0)
(-0.000148906 -0.000132995 0)
(-2.66841e-05 -0.000125976 0)
(9.81018e-05 -0.000111457 0)
(0.000220464 -8.56502e-05 0)
(0.000279843 -3.21046e-05 0)
(0.000248738 3.1815e-05 0)
(0.000196894 7.95009e-05 0)
(0.000126474 7.91585e-05 0)
(6.27754e-05 8.63714e-05 0)
(-1.11999e-05 0.000129794 0)
(-6.31224e-05 0.000181278 0)
(-7.89735e-05 0.000236325 0)
(-8.21984e-05 0.000216119 0)
(-5.2989e-05 5.4301e-05 0)
(9.1909e-05 -0.000229924 0)
(0.000400765 -0.000442578 0)
(0.000708997 -0.000364975 0)
(0.000827275 -0.000189421 0)
(0.000861282 -0.000117574 0)
(0.000898777 -7.72432e-05 0)
(0.000908618 -3.29846e-05 0)
(0.000892107 -2.7064e-06 0)
(0.000858588 2.36757e-05 0)
(0.000806231 5.02239e-05 0)
(0.000734677 7.55046e-05 0)
(0.000644571 0.000100577 0)
(0.000534981 0.00012576 0)
(0.000404803 0.000149772 0)
(0.000254028 0.000170339 0)
(8.9123e-05 0.000187593 0)
(-8.73618e-05 0.000202242 0)
(-0.000273825 0.000212019 0)
(-0.000465298 0.000216169 0)
(-0.000656223 0.000213132 0)
(-0.000841004 0.000203056 0)
(-0.00101459 0.000185235 0)
(-0.00117125 0.0001591 0)
(-0.00130473 0.000125127 0)
(-0.00140987 8.44874e-05 0)
(-0.00148282 3.76283e-05 0)
(-0.00151943 -1.48228e-05 0)
(-0.001516 -7.24291e-05 0)
(-0.00147827 -0.000136791 0)
(-0.00139979 -0.000205395 0)
(-0.00126641 -0.000275399 0)
(-0.00107505 -0.000342524 0)
(-0.00082617 -0.000399486 0)
(-0.000530478 -0.000438026 0)
(-0.000206586 -0.000458088 0)
(0.000168341 -0.000463205 0)
(0.000693966 -0.000383174 0)
(0.00113202 -9.0665e-05 0)
(0.00105256 0.000104944 0)
(0.00066584 9.52798e-05 0)
(0.000577865 0.000103311 0)
(0.000481425 0.000141856 0)
(0.0003326 0.000192587 0)
(0.000145219 0.000229323 0)
(-6.1022e-05 0.000244776 0)
(-0.000270218 0.000242904 0)
(-0.000469403 0.000225538 0)
(-0.000644521 0.000195474 0)
(-0.000792859 0.000156909 0)
(-0.000914298 0.000111817 0)
(-0.00100151 6.02595e-05 0)
(-0.00105179 6.75748e-06 0)
(-0.00106656 -5.33701e-05 0)
(-0.00102832 -0.000128167 0)
(-0.000920499 -0.000167822 0)
(-0.000783192 -0.000122524 0)
(-0.000688743 -3.99741e-05 0)
(-0.000659935 8.96879e-06 0)
(-0.000643949 -2.74763e-05 0)
(-0.000546901 -0.000119385 0)
(-0.000392269 -0.00015218 0)
(-0.000278333 -0.000112793 0)
(-0.000224473 -6.84031e-05 0)
(-0.00020884 -5.85924e-05 0)
(-0.000168028 -0.000102028 0)
(-1.84092e-05 -0.00013373 0)
(-0.000140075 -5.77957e-05 0)
(-0.000127151 -0.000254733 0)
(-8.86715e-05 -0.000376032 0)
(-5.70612e-05 -0.000440818 0)
(-2.88482e-05 -0.000473259 0)
(-5.51738e-06 -0.000478916 0)
(6.93232e-06 -0.000476983 0)
(5.13362e-06 -0.00048476 0)
(-5.17115e-06 -0.000514394 0)
(-1.31805e-05 -0.000562337 0)
(-1.17145e-05 -0.000615771 0)
(1.7732e-06 -0.000659183 0)
(2.69742e-05 -0.000677641 0)
(6.17817e-05 -0.000658923 0)
(9.93958e-05 -0.000596829 0)
(0.00013447 -0.000491879 0)
(0.00016307 -0.000348872 0)
(0.000182253 -0.000177201 0)
(0.000188078 1.53777e-05 0)
(0.00018248 0.000220898 0)
(0.000171868 0.000423305 0)
(0.000163608 0.000603886 0)
(0.000141977 0.000779589 0)
(8.24326e-05 0.000939022 0)
(1.89669e-05 0.00102687 0)
(-5.11443e-06 0.00104325 0)
(-2.21693e-06 0.00102994 0)
(3.21126e-06 0.00101703 0)
(-7.69931e-06 0.000994495 0)
(-5.36847e-05 0.000927358 0)
(-0.000126181 0.000793128 0)
(-0.000193285 0.000592113 0)
(-0.000229671 0.00034857 0)
(-0.000223552 0.000103571 0)
(-0.000194286 -0.000115899 0)
(-0.000141548 -0.000283739 0)
(-8.97039e-05 -0.000385343 0)
(-5.67131e-05 -0.000425575 0)
(-5.16483e-05 -0.000412637 0)
(-6.38662e-05 -0.000388095 0)
(-3.44391e-05 -0.000401461 0)
(7.27414e-05 -0.000417802 0)
(0.000170136 -0.000434176 0)
(0.00021326 -0.000498196 0)
(0.00027121 -0.000546416 0)
(0.000240994 -0.000474757 0)
(-3.15957e-05 -0.000376956 0)
(-0.000381336 -0.000392228 0)
(-0.000608076 -0.00052056 0)
(-0.000674128 -0.000697889 0)
(-0.000574111 -0.000855895 0)
(-0.000355612 -0.000925201 0)
(-8.66329e-05 -0.000877423 0)
(0.000149703 -0.00064299 0)
(0.00017597 -0.000252554 0)
(2.32881e-05 2.72165e-05 0)
(-8.23755e-05 0.000187175 0)
(-2.29671e-05 0.000345347 0)
(0.000244126 0.00054389 0)
(0.00071175 0.000898922 0)
(0.00113694 0.00152158 0)
(0.00107967 0.00224689 0)
(0.000599126 0.00266122 0)
(0.000323238 0.00273866 0)
(0.000403298 0.00285559 0)
(0.000436084 0.00311653 0)
(0.000338974 0.00331364 0)
(0.000314137 0.0034279 0)
(0.000324771 0.00356827 0)
(0.00026961 0.0037028 0)
(0.000207186 0.00378295 0)
(0.000170926 0.00384438 0)
(0.000125567 0.00389903 0)
(7.96116e-05 0.00392882 0)
(5.25318e-05 0.00394449 0)
(3.03944e-05 0.00395897 0)
(5.50143e-06 0.00396542 0)
(-1.65944e-05 0.00396248 0)
(-3.9303e-05 0.00395453 0)
(-6.76939e-05 0.00394 0)
(-9.99442e-05 0.00391738 0)
(-0.000134911 0.00388991 0)
(-0.000171898 0.00386098 0)
(-0.000206331 0.00383528 0)
(-0.000233392 0.00381964 0)
(-0.000246456 0.00381757 0)
(-0.000234199 0.00382981 0)
(-0.000178284 0.00385774 0)
(-5.49743e-05 0.00390437 0)
(0.000157044 0.0039798 0)
(0.00045209 0.00412179 0)
(0.00076331 0.00438051 0)
(0.000956361 0.00476413 0)
(0.000911792 0.00517615 0)
(0.000660873 0.00545757 0)
(0.000386622 0.00554415 0)
(0.000233195 0.00553113 0)
(0.000177966 0.00553741 0)
(0.000129897 0.00557426 0)
(6.77685e-05 0.0055903 0)
(2.85112e-05 0.00557506 0)
(2.35349e-05 0.00556137 0)
(2.7884e-05 0.00556496 0)
(2.57246e-05 0.00557253 0)
(2.244e-05 0.00557458 0)
(2.1508e-05 0.00557572 0)
(1.70697e-05 0.0055781 0)
(6.47892e-06 0.00557618 0)
(-6.2516e-06 0.00556664 0)
(-1.76357e-05 0.00555155 0)
(-2.71929e-05 0.00553319 0)
(-3.43185e-05 0.00551228 0)
(-3.78955e-05 0.00549028 0)
(-3.79629e-05 0.00546925 0)
(-3.5315e-05 0.00545033 0)
(-3.04062e-05 0.00543393 0)
(-2.35301e-05 0.00542062 0)
(-1.51785e-05 0.00541087 0)
(-5.8055e-06 0.00540487 0)
(4.19597e-06 0.00540267 0)
(1.44947e-05 0.00540537 0)
(2.49886e-05 0.00541173 0)
(3.56729e-05 0.00542142 0)
(4.64298e-05 0.0054344 0)
(5.70951e-05 0.00545056 0)
(6.74677e-05 0.00546971 0)
(7.73607e-05 0.0054916 0)
(8.65824e-05 0.00551593 0)
(9.49456e-05 0.00554234 0)
(0.000102289 0.00557045 0)
(0.000108442 0.00559985 0)
(0.000113232 0.00563006 0)
(0.000116505 0.00566061 0)
(0.000118117 0.00569098 0)
(0.000117934 0.00572065 0)
(0.000115844 0.00574908 0)
(0.000111748 0.00577575 0)
(0.00010557 0.00580009 0)
(9.72748e-05 0.00582159 0)
(8.68399e-05 0.00583971 0)
(7.42803e-05 0.00585462 0)
(5.96809e-05 0.00586769 0)
(4.305e-05 0.00587627 0)
(2.45087e-05 0.00587988 0)
(4.51267e-06 0.00587818 0)
(-1.70462e-05 0.00587132 0)
(-4.03445e-05 0.00585874 0)
(-6.51449e-05 0.00584028 0)
(-9.14642e-05 0.00581571 0)
(-0.000119261 0.00578485 0)
(-0.00014853 0.00574756 0)
(-0.000179307 0.00570372 0)
(-0.000211622 0.00565318 0)
(-0.00024551 0.00559585 0)
(-0.000281035 0.00553157 0)
(-0.000318199 0.00546022 0)
(-0.000356974 0.00538165 0)
(-0.0003973 0.00529575 0)
(-0.000439037 0.0052024 0)
(-0.000481982 0.00510158 0)
(-0.00052593 0.0049933 0)
(-0.000570632 0.00487762 0)
(-0.000615789 0.00475468 0)
(-0.000661173 0.00462473 0)
(-0.000706577 0.00448803 0)
(-0.000751817 0.00434492 0)
(-0.000796829 0.00419578 0)
(-0.000841612 0.00404097 0)
(-0.000886236 0.00388087 0)
(-0.000930866 0.00371585 0)
(-0.000975757 0.00354623 0)
(-0.00102125 0.00337228 0)
(-0.00106774 0.00319417 0)
(-0.00111564 0.00301196 0)
(-0.00116538 0.0028257 0)
(-0.00121749 0.00263545 0)
(-0.00127249 0.00244115 0)
(-0.00133083 0.00224268 0)
(-0.00139308 0.00203991 0)
(-0.00146036 0.00183242 0)
(-0.00153885 0.00162444 0)
(-0.00164974 0.00143208 0)
(-0.00177405 0.00122932 0)
(-0.00191126 0.0010118 0)
(-0.00205696 0.000775318 0)
(-0.00220359 0.000519289 0)
(-0.00234892 0.000247658 0)
(-0.00249223 -3.59645e-05 0)
(-0.00262963 -0.000326035 0)
(-0.00276551 -0.000616735 0)
(-0.00290932 -0.000907594 0)
(-0.00306483 -0.00119896 0)
(-0.003237 -0.00149589 0)
(-0.00343139 -0.00178905 0)
(-0.00370965 -0.00215334 0)
(-0.00400938 -0.00246494 0)
(-0.00436769 -0.00295333 0)
(-0.00467411 -0.00312699 0)
(-0.00512014 -0.00396788 0)
(-0.00505816 -0.00347972 0)
)
;
    }
    frontAndBack
    {
        type            empty;
    }
}


// ************************************************************************* //
