/*--------------------------------*- C++ -*----------------------------------*\
  =========                 |
  \\      /  F ield         | OpenFOAM: The Open Source CFD Toolbox
   \\    /   O peration     | Website:  https://openfoam.org
    \\  /    A nd           | Version:  7
     \\/     M anipulation  |
\*---------------------------------------------------------------------------*/
FoamFile
{
    version     2.0;
    format      ascii;
    class       volVectorField;
    location    "0.3";
    object      wallShearStress;
}
// * * * * * * * * * * * * * * * * * * * * * * * * * * * * * * * * * * * * * //

dimensions      [0 2 -2 0 0 0 0];

internalField   uniform (0 0 0);

boundaryField
{
    velocityInlet
    {
        type            calculated;
        value           uniform (0 0 0);
    }
    pressureOutlet
    {
        type            calculated;
        value           uniform (0 0 0);
    }
    fixedWalls
    {
        type            calculated;
        value           nonuniform List<vector> 
100
(
(-0.0133203 -0.00816431 0)
(0.0118705 -0.00105897 0)
(-0.000806802 0.000310712 0)
(0.00733159 -0.00078349 0)
(0.00854851 -0.000474332 0)
(0.00925121 0.000129825 0)
(0.00636227 0.000414098 0)
(0.0036959 0.000467574 0)
(0.00123429 0.000350815 0)
(-0.00024163 0.000221186 0)
(-0.000917139 0.00010389 0)
(-0.000967003 1.07224e-05 0)
(-0.000552102 -6.74822e-05 0)
(0.000220924 -0.000116216 0)
(0.00119072 -0.00015402 0)
(0.00221833 -0.000167357 0)
(0.00317266 -0.000156864 0)
(0.00392939 -0.00012542 0)
(0.0043952 -8.07713e-05 0)
(0.00452566 -2.99577e-05 0)
(0.0043295 2.01398e-05 0)
(0.00386208 5.97356e-05 0)
(0.00319644 8.80025e-05 0)
(0.00241872 0.000101366 0)
(0.00161245 0.000103412 0)
(0.000837173 9.71259e-05 0)
(0.000133836 8.65544e-05 0)
(-0.000476999 7.2489e-05 0)
(-0.000994708 5.83382e-05 0)
(-0.00142206 4.3725e-05 0)
(-0.00181208 3.73238e-05 0)
(-0.00240108 7.61035e-05 0)
(-0.00353482 0.000163432 0)
(-0.0051056 0.000222294 0)
(-0.00623583 0.000166958 0)
(-0.00568974 -9.36271e-05 0)
(-0.00297371 -0.0004097 0)
(0.00087986 -0.000525333 0)
(0.00387483 -0.000380446 0)
(0.00492377 -0.000128538 0)
(0.00389315 0.000144891 0)
(0.00146079 0.000284254 0)
(-0.00128463 0.000275894 0)
(-0.00348932 0.000197129 0)
(-0.00482731 0.000105139 0)
(-0.00540203 3.90308e-05 0)
(-0.0054738 1.05876e-06 0)
(-0.00527195 -1.945e-05 0)
(-0.00494818 -2.75641e-05 0)
(-0.00458886 -2.92839e-05 0)
(-0.0042401 -2.79609e-05 0)
(-0.00392676 -2.4835e-05 0)
(-0.0036666 -1.98325e-05 0)
(-0.00347519 -1.28068e-05 0)
(-0.00336151 -4.48875e-06 0)
(-0.00331869 3.33111e-06 0)
(-0.00331667 8.29855e-06 0)
(-0.00330406 6.93677e-06 0)
(-0.00322224 -1.08142e-06 0)
(-0.00302538 -1.40372e-05 0)
(-0.00269271 -2.9648e-05 0)
(-0.00222616 -4.62353e-05 0)
(-0.00165291 -6.05175e-05 0)
(-0.0010487 -6.53799e-05 0)
(-0.000546857 -5.27804e-05 0)
(-0.000292542 -2.59776e-05 0)
(-0.000362038 6.81041e-06 0)
(-0.000709605 3.32994e-05 0)
(-0.00120581 4.5735e-05 0)
(-0.0017217 4.46648e-05 0)
(-0.00217443 3.66804e-05 0)
(-0.00253316 2.705e-05 0)
(-0.00280346 1.85111e-05 0)
(-0.00300972 1.23791e-05 0)
(-0.00319081 1.03907e-05 0)
(-0.00339885 1.43742e-05 0)
(-0.00368287 2.33351e-05 0)
(-0.00406024 3.32768e-05 0)
(-0.0045104 4.09517e-05 0)
(-0.00499593 4.60026e-05 0)
(-0.00547774 4.86548e-05 0)
(-0.0059073 4.78359e-05 0)
(-0.00621637 4.25062e-05 0)
(-0.00630731 3.00854e-05 0)
(-0.00605209 8.91537e-08 0)
(-0.00530169 -4.72979e-05 0)
(-0.00395477 -0.000107887 0)
(-0.00191666 -0.000190256 0)
(0.000540422 -0.000212564 0)
(0.00278635 -0.000196993 0)
(0.00428936 -0.000123946 0)
(0.00482711 -3.9501e-05 0)
(0.00451169 3.51211e-05 0)
(0.00377699 6.34816e-05 0)
(0.00301905 7.075e-05 0)
(0.00235451 4.49839e-05 0)
(0.00242471 1.70335e-05 0)
(0.00185224 2.04996e-06 0)
(0.0031799 -6.29818e-05 0)
(0.00232519 0.000110321 0)
)
;
    }
    bottomWall
    {
        type            calculated;
        value           nonuniform List<vector> 
800
(
(-0.0353489 0.00214397 0)
(-0.016027 0.000524818 0)
(-0.0106086 0.000100698 0)
(-0.00845717 3.52433e-05 0)
(-0.00748783 1.98445e-05 0)
(-0.00685456 1.61057e-05 0)
(-0.00634742 1.33408e-05 0)
(-0.00593657 1.08855e-05 0)
(-0.00560207 9.06462e-06 0)
(-0.00532347 7.74896e-06 0)
(-0.00508621 6.75276e-06 0)
(-0.00488085 5.96575e-06 0)
(-0.0047009 5.32801e-06 0)
(-0.00454166 4.80227e-06 0)
(-0.00439952 4.3627e-06 0)
(-0.00427172 3.99047e-06 0)
(-0.00415609 3.67205e-06 0)
(-0.00405086 3.39711e-06 0)
(-0.00395461 3.15749e-06 0)
(-0.0038662 2.9472e-06 0)
(-0.00378465 2.76141e-06 0)
(-0.00370917 2.59614e-06 0)
(-0.00363908 2.44856e-06 0)
(-0.00357378 2.31596e-06 0)
(-0.00351279 2.19617e-06 0)
(-0.00345569 2.08768e-06 0)
(-0.0034021 1.98898e-06 0)
(-0.00335169 1.89874e-06 0)
(-0.0033042 1.81601e-06 0)
(-0.00325936 1.74008e-06 0)
(-0.00321696 1.67004e-06 0)
(-0.00317679 1.6053e-06 0)
(-0.00313869 1.54538e-06 0)
(-0.00310249 1.4897e-06 0)
(-0.00306806 1.4379e-06 0)
(-0.00303526 1.38959e-06 0)
(-0.00300399 1.34441e-06 0)
(-0.00297414 1.30235e-06 0)
(-0.0029456 1.26279e-06 0)
(-0.00291831 1.22556e-06 0)
(-0.00289217 1.19079e-06 0)
(-0.00286711 1.15787e-06 0)
(-0.00284308 1.12692e-06 0)
(-0.00282 1.09764e-06 0)
(-0.00279783 1.06997e-06 0)
(-0.00277651 1.04367e-06 0)
(-0.00275598 1.01923e-06 0)
(-0.00273623 9.9516e-07 0)
(-0.00271718 9.73501e-07 0)
(-0.00269883 9.50333e-07 0)
(-0.0026835 9.31459e-07 0)
(-0.00267082 9.20739e-07 0)
(-0.00265832 9.0699e-07 0)
(-0.00264601 8.92517e-07 0)
(-0.00263388 8.78712e-07 0)
(-0.00262194 8.65663e-07 0)
(-0.00261018 8.52993e-07 0)
(-0.00259858 8.40561e-07 0)
(-0.00258715 8.28556e-07 0)
(-0.00257589 8.16643e-07 0)
(-0.00256478 8.05145e-07 0)
(-0.00255383 7.93894e-07 0)
(-0.00254303 7.82885e-07 0)
(-0.00253238 7.72115e-07 0)
(-0.00252187 7.61582e-07 0)
(-0.00251151 7.51285e-07 0)
(-0.00250128 7.4122e-07 0)
(-0.00249119 7.31554e-07 0)
(-0.00248123 7.21781e-07 0)
(-0.00247141 7.12402e-07 0)
(-0.0024617 7.03247e-07 0)
(-0.00245212 6.9415e-07 0)
(-0.00244267 6.85274e-07 0)
(-0.00243334 6.76617e-07 0)
(-0.00242412 6.68345e-07 0)
(-0.00241501 6.59957e-07 0)
(-0.00240602 6.51784e-07 0)
(-0.00239713 6.43826e-07 0)
(-0.00238836 6.35913e-07 0)
(-0.00237969 6.28379e-07 0)
(-0.00237112 6.20889e-07 0)
(-0.00236265 6.1361e-07 0)
(-0.00235428 6.0637e-07 0)
(-0.00234602 5.99174e-07 0)
(-0.00233784 5.92349e-07 0)
(-0.00232976 5.85564e-07 0)
(-0.00232177 5.78647e-07 0)
(-0.00231388 5.72104e-07 0)
(-0.00230607 5.65928e-07 0)
(-0.00229835 5.59621e-07 0)
(-0.00229071 5.53347e-07 0)
(-0.00228316 5.47276e-07 0)
(-0.00227569 5.41235e-07 0)
(-0.0022683 5.35395e-07 0)
(-0.00226099 5.29584e-07 0)
(-0.00225377 5.23972e-07 0)
(-0.00224661 5.18557e-07 0)
(-0.00223953 5.13005e-07 0)
(-0.00223253 5.07647e-07 0)
(-0.00222559 5.02318e-07 0)
(-0.00221874 4.97182e-07 0)
(-0.00221194 4.9224e-07 0)
(-0.00220522 4.87157e-07 0)
(-0.00219857 4.82267e-07 0)
(-0.00219198 4.774e-07 0)
(-0.00218546 4.72559e-07 0)
(-0.00217901 4.68073e-07 0)
(-0.00217261 4.63611e-07 0)
(-0.00216628 4.59005e-07 0)
(-0.00216001 4.54422e-07 0)
(-0.0021538 4.50192e-07 0)
(-0.00214765 4.45986e-07 0)
(-0.00214156 4.41633e-07 0)
(-0.00213552 4.37468e-07 0)
(-0.00212955 4.33489e-07 0)
(-0.00212362 4.29532e-07 0)
(-0.00211775 4.25426e-07 0)
(-0.00211194 4.21507e-07 0)
(-0.00210619 4.17773e-07 0)
(-0.00210048 4.14057e-07 0)
(-0.00209482 4.10359e-07 0)
(-0.00208922 4.06846e-07 0)
(-0.00208365 4.03182e-07 0)
(-0.00207815 3.99535e-07 0)
(-0.00207269 3.96237e-07 0)
(-0.00206728 3.92789e-07 0)
(-0.00206192 3.89355e-07 0)
(-0.0020566 3.86102e-07 0)
(-0.00205132 3.82697e-07 0)
(-0.0020461 3.79473e-07 0)
(-0.00204092 3.76427e-07 0)
(-0.00203578 3.73226e-07 0)
(-0.00203068 3.70206e-07 0)
(-0.00202563 3.67199e-07 0)
(-0.00202062 3.64036e-07 0)
(-0.00201565 3.61051e-07 0)
(-0.00201072 3.58244e-07 0)
(-0.00200583 3.55446e-07 0)
(-0.00200098 3.52497e-07 0)
(-0.00199617 3.49718e-07 0)
(-0.00199139 3.46962e-07 0)
(-0.00198666 3.44195e-07 0)
(-0.00198196 3.41637e-07 0)
(-0.0019773 3.38874e-07 0)
(-0.00197268 3.36191e-07 0)
(-0.0019681 3.33583e-07 0)
(-0.00196354 3.31125e-07 0)
(-0.00195903 3.28483e-07 0)
(-0.00195455 3.26245e-07 0)
(-0.0019501 3.23606e-07 0)
(-0.00194636 3.20872e-07 0)
(-0.00194332 3.19788e-07 0)
(-0.00194025 3.18468e-07 0)
(-0.00193719 3.16347e-07 0)
(-0.00193413 3.14756e-07 0)
(-0.00193105 3.13189e-07 0)
(-0.00192797 3.1142e-07 0)
(-0.00192489 3.09871e-07 0)
(-0.0019218 3.08327e-07 0)
(-0.0019187 3.0657e-07 0)
(-0.0019156 3.05037e-07 0)
(-0.0019125 3.03518e-07 0)
(-0.00190939 3.01579e-07 0)
(-0.00190628 3.00062e-07 0)
(-0.00190315 2.98582e-07 0)
(-0.00190003 2.96868e-07 0)
(-0.0018969 2.95385e-07 0)
(-0.00189377 2.93903e-07 0)
(-0.00189063 2.92219e-07 0)
(-0.00188749 2.90547e-07 0)
(-0.00188434 2.89084e-07 0)
(-0.00188119 2.8743e-07 0)
(-0.00187803 2.85998e-07 0)
(-0.00187487 2.84552e-07 0)
(-0.0018717 2.82728e-07 0)
(-0.00186853 2.81297e-07 0)
(-0.00186535 2.79875e-07 0)
(-0.00186217 2.78266e-07 0)
(-0.00185899 2.76655e-07 0)
(-0.0018558 2.75262e-07 0)
(-0.0018526 2.73689e-07 0)
(-0.00184941 2.72101e-07 0)
(-0.00184621 2.70924e-07 0)
(-0.00184299 2.69356e-07 0)
(-0.00183978 2.67612e-07 0)
(-0.00183657 2.66264e-07 0)
(-0.00183335 2.64911e-07 0)
(-0.00183012 2.63384e-07 0)
(-0.00182689 2.6188e-07 0)
(-0.00182366 2.6035e-07 0)
(-0.00182043 2.59048e-07 0)
(-0.00181718 2.57719e-07 0)
(-0.00181393 2.56226e-07 0)
(-0.00181068 2.54743e-07 0)
(-0.00180743 2.53277e-07 0)
(-0.00180417 2.51993e-07 0)
(-0.0018009 2.50527e-07 0)
(-0.00179764 2.49085e-07 0)
(-0.00179436 2.47843e-07 0)
(-0.00179109 2.46391e-07 0)
(-0.00178781 2.4515e-07 0)
(-0.00178452 2.43722e-07 0)
(-0.00178123 2.42316e-07 0)
(-0.00177794 2.40923e-07 0)
(-0.00177464 2.39528e-07 0)
(-0.00177134 2.3831e-07 0)
(-0.00176804 2.36962e-07 0)
(-0.00176473 2.35562e-07 0)
(-0.00176141 2.34398e-07 0)
(-0.00175809 2.33016e-07 0)
(-0.00175477 2.31665e-07 0)
(-0.00175145 2.30475e-07 0)
(-0.00174812 2.29124e-07 0)
(-0.00174478 2.27813e-07 0)
(-0.00174144 2.26554e-07 0)
(-0.00173811 2.25183e-07 0)
(-0.00173476 2.24064e-07 0)
(-0.00173141 2.22731e-07 0)
(-0.00172806 2.21453e-07 0)
(-0.0017247 2.20292e-07 0)
(-0.00172133 2.19008e-07 0)
(-0.00171797 2.17588e-07 0)
(-0.0017146 2.16453e-07 0)
(-0.00171123 2.15378e-07 0)
(-0.00170785 2.14176e-07 0)
(-0.00170447 2.12906e-07 0)
(-0.00170108 2.11685e-07 0)
(-0.00169769 2.10624e-07 0)
(-0.0016943 2.09466e-07 0)
(-0.00169089 2.08443e-07 0)
(-0.00168749 2.07064e-07 0)
(-0.00168407 2.06232e-07 0)
(-0.00168067 2.0486e-07 0)
(-0.00167723 2.04619e-07 0)
(-0.00167383 2.02307e-07 0)
(-0.00167035 2.03314e-07 0)
(-0.00166697 1.99235e-07 0)
(-0.00166343 2.03406e-07 0)
(-0.0016601 1.94774e-07 0)
(-0.00165645 2.05693e-07 0)
(-0.00165325 1.8742e-07 0)
(-0.00164935 2.13277e-07 0)
(-0.00164645 1.73114e-07 0)
(-0.00164207 2.31065e-07 0)
(-0.00163977 1.44781e-07 0)
(-0.00163454 2.68062e-07 0)
(-0.00163328 9.21622e-08 0)
(-0.0016267 3.34139e-07 0)
(-0.00162695 8.54266e-09 0)
(-0.00161861 3.67745e-07 0)
(-0.0353487 -0.002144 0)
(-0.0160258 -0.000524865 0)
(-0.0106061 -0.000100748 0)
(-0.00845353 -3.52872e-05 0)
(-0.0074831 -1.98863e-05 0)
(-0.00684875 -1.61458e-05 0)
(-0.00634064 -1.33787e-05 0)
(-0.0059289 -1.09221e-05 0)
(-0.00559356 -9.10068e-06 0)
(-0.00531413 -7.7851e-06 0)
(-0.00507604 -6.7898e-06 0)
(-0.00486979 -6.00453e-06 0)
(-0.0046889 -5.36913e-06 0)
(-0.00452863 -4.84614e-06 0)
(-0.00438539 -4.40972e-06 0)
(-0.0042564 -4.04075e-06 0)
(-0.00413948 -3.72537e-06 0)
(-0.00403288 -3.4531e-06 0)
(-0.00393522 -3.21577e-06 0)
(-0.00384534 -3.00727e-06 0)
(-0.00376228 -2.82257e-06 0)
(-0.00368527 -2.65787e-06 0)
(-0.00361362 -2.50993e-06 0)
(-0.00354678 -2.37599e-06 0)
(-0.00348428 -2.2538e-06 0)
(-0.0034257 -2.14137e-06 0)
(-0.0033707 -2.03662e-06 0)
(-0.003319 -1.93821e-06 0)
(-0.00327035 -1.84398e-06 0)
(-0.00322456 -1.75247e-06 0)
(-0.00318149 -1.6613e-06 0)
(-0.00314101 -1.56901e-06 0)
(-0.00310311 -1.47164e-06 0)
(-0.00306773 -1.36799e-06 0)
(-0.00303498 -1.25168e-06 0)
(-0.00300495 -1.12043e-06 0)
(-0.00297787 -9.66452e-07 0)
(-0.00295415 -7.80271e-07 0)
(-0.00293396 -5.60808e-07 0)
(-0.00291867 -2.70676e-07 0)
(-0.00290766 5.55993e-08 0)
(-0.00290487 5.28644e-07 0)
(-0.00290702 1.05091e-06 0)
(-0.00292399 1.83749e-06 0)
(-0.00294563 2.55266e-06 0)
(-0.00299654 3.92451e-06 0)
(-0.00303785 4.59374e-06 0)
(-0.00317787 7.02894e-06 0)
(-0.00312825 -1.69182e-06 0)
(-0.00350494 0.000276569 0)
(3.78014e-05 -2.8161e-05 0)
(2.85252e-05 -6.48368e-05 0)
(7.63923e-05 -7.79286e-05 0)
(0.000133382 -0.000155698 0)
(-6.54343e-05 -0.00010505 0)
(-0.000523247 0.000475404 0)
(-0.000417374 0.00115391 0)
(-0.000127469 0.00125227 0)
(-5.96948e-05 0.001293 0)
(1.26196e-05 0.00124248 0)
(1.58334e-05 0.00118263 0)
(1.52714e-05 0.00113836 0)
(1.3197e-05 0.00108867 0)
(9.18291e-06 0.00105166 0)
(1.12977e-05 0.00100846 0)
(1.43266e-05 0.000968088 0)
(2.67642e-05 0.000915603 0)
(4.23619e-05 0.000848594 0)
(6.14951e-05 0.000762947 0)
(8.33726e-05 0.000655602 0)
(0.000105351 0.000525554 0)
(0.000126326 0.000374143 0)
(0.000145412 0.000203245 0)
(0.000159599 1.55533e-05 0)
(0.00016963 -0.000183077 0)
(0.000174953 -0.000386729 0)
(0.000175975 -0.000591687 0)
(0.000172978 -0.000793997 0)
(0.000166501 -0.000990002 0)
(0.000157198 -0.00117677 0)
(0.000145718 -0.00135211 0)
(0.000132647 -0.00151446 0)
(0.000118501 -0.00166281 0)
(0.000103718 -0.00179662 0)
(8.86491e-05 -0.00191571 0)
(7.3584e-05 -0.00202018 0)
(5.87435e-05 -0.00211038 0)
(4.42987e-05 -0.00218676 0)
(3.03911e-05 -0.00224991 0)
(1.71159e-05 -0.00230052 0)
(4.55046e-06 -0.00233928 0)
(-7.2945e-06 -0.00236697 0)
(-1.83354e-05 -0.00238426 0)
(-2.87145e-05 -0.00239217 0)
(-3.86498e-05 -0.00239092 0)
(-4.78554e-05 -0.00238118 0)
(-5.60542e-05 -0.00236395 0)
(-6.3288e-05 -0.00234002 0)
(-6.96967e-05 -0.0023101 0)
(-7.54112e-05 -0.00227486 0)
(-8.05902e-05 -0.00223488 0)
(-8.54148e-05 -0.00219067 0)
(-9.0089e-05 -0.0021426 0)
(-9.48152e-05 -0.00209092 0)
(-9.98004e-05 -0.00203579 0)
(-0.000105273 -0.00197725 0)
(-0.000111454 -0.00191523 0)
(-0.000118567 -0.00184956 0)
(-0.000126929 -0.00177992 0)
(-0.000136702 -0.00170582 0)
(-0.000148165 -0.00162696 0)
(-0.000162076 -0.00154233 0)
(-0.000177938 -0.0014511 0)
(-0.000196765 -0.00135371 0)
(-0.000221663 -0.0012468 0)
(-0.000248389 -0.00113078 0)
(-0.000285217 -0.00101881 0)
(-0.000370486 -0.000895117 0)
(-0.000485689 -0.000698139 0)
(-0.000503378 -0.000409675 0)
(-0.000336762 -0.000112965 0)
(-6.93648e-05 8.54867e-05 0)
(0.000189369 0.000178742 0)
(0.000405629 0.000192914 0)
(0.000545399 0.000147947 0)
(0.00060183 7.29505e-05 0)
(0.00057988 -1.49671e-05 0)
(0.000483411 -0.0001027 0)
(0.000324216 -0.000184389 0)
(0.000112128 -0.000242969 0)
(-0.000109496 -0.00023581 0)
(-0.000242126 -0.000164565 0)
(-0.000250325 -0.000108711 0)
(-0.000202221 -0.000111738 0)
(-0.000163016 -0.00014265 0)
(-0.000134592 -0.000159369 0)
(-0.000101016 -0.000153969 0)
(-6.38394e-05 -0.00013594 0)
(-2.71999e-05 -0.000113552 0)
(7.15503e-06 -9.36453e-05 0)
(2.87365e-05 -8.05738e-05 0)
(3.45105e-05 -6.88221e-05 0)
(3.12609e-05 -5.35604e-05 0)
(2.74677e-05 -3.72677e-05 0)
(2.80555e-05 -2.54283e-05 0)
(3.24681e-05 -2.20966e-05 0)
(4.00984e-05 -3.06732e-05 0)
(4.79712e-05 -4.82843e-05 0)
(5.65122e-05 -7.18278e-05 0)
(6.65227e-05 -0.000100876 0)
(7.70333e-05 -0.000135809 0)
(8.60591e-05 -0.00017603 0)
(9.1749e-05 -0.000219579 0)
(9.34998e-05 -0.000263801 0)
(9.17897e-05 -0.000306549 0)
(8.73802e-05 -0.000346577 0)
(8.07508e-05 -0.000383109 0)
(7.22389e-05 -0.000415412 0)
(6.23019e-05 -0.000442819 0)
(5.15633e-05 -0.000464934 0)
(4.06806e-05 -0.000481755 0)
(3.02031e-05 -0.000493631 0)
(2.05017e-05 -0.00050117 0)
(1.17466e-05 -0.000505141 0)
(3.84855e-06 -0.000506484 0)
(-3.45951e-06 -0.000505898 0)
(-1.055e-05 -0.000503855 0)
(-1.78401e-05 -0.000500745 0)
(-2.54663e-05 -0.000496433 0)
(-3.28131e-05 -0.000490576 0)
(-3.8736e-05 -0.000483357 0)
(-4.26942e-05 -0.000475574 0)
(-4.50423e-05 -0.00046546 0)
(-4.45513e-05 -0.000442657 0)
(-3.59698e-05 -0.000397073 0)
(-1.62126e-05 -0.000337461 0)
(5.40578e-06 -0.000287034 0)
(4.18444e-06 -0.000265818 0)
(-5.74105e-05 -0.000271396 0)
(-0.000202674 -0.00025241 0)
(-0.000388093 -0.000127119 0)
(-0.000508045 0.000100787 0)
(-0.000526914 0.000325954 0)
(-0.000499878 0.000485794 0)
(-0.0004763 0.00060494 0)
(-0.000465035 0.000717448 0)
(-0.000462123 0.000831204 0)
(-0.000465 0.000946149 0)
(-0.000471778 0.00106234 0)
(-0.000480836 0.00117969 0)
(-0.000491429 0.00129987 0)
(-0.00050167 0.0014218 0)
(-0.000509653 0.00154393 0)
(-0.000513952 0.0016652 0)
(-0.000513356 0.00178429 0)
(-0.000507069 0.00189979 0)
(-0.000494695 0.00201027 0)
(-0.000476262 0.0021143 0)
(-0.0004521 0.00221072 0)
(-0.000422695 0.0022986 0)
(-0.000388649 0.00237721 0)
(-0.000350605 0.00244598 0)
(-0.000309168 0.00250449 0)
(-0.000264863 0.00255249 0)
(-0.000218145 0.00258964 0)
(-0.000169884 0.00261931 0)
(-0.000120289 0.00263864 0)
(-6.9471e-05 0.00264746 0)
(-1.81912e-05 0.00264566 0)
(3.3217e-05 0.00263401 0)
(8.55461e-05 0.00261258 0)
(0.0001386 0.00258107 0)
(0.000192151 0.00253962 0)
(0.000246167 0.00248816 0)
(0.0003004 0.00242678 0)
(0.000354692 0.00235559 0)
(0.000408826 0.00227473 0)
(0.000462555 0.00218438 0)
(0.000515595 0.00208471 0)
(0.000567572 0.00197588 0)
(0.000618027 0.00185812 0)
(0.000666378 0.00173184 0)
(0.000712045 0.00159755 0)
(0.000754573 0.00145566 0)
(0.00079506 0.00130922 0)
(0.000836198 0.00116331 0)
(0.000873044 0.00101097 0)
(0.000904797 0.000852156 0)
(0.000929794 0.000686387 0)
(0.000945909 0.000513912 0)
(0.000950792 0.000336036 0)
(0.000942348 0.000155225 0)
(0.000918804 -2.50425e-05 0)
(0.000879096 -0.000200448 0)
(0.000823843 -0.000366651 0)
(0.000754149 -0.000520173 0)
(0.000671264 -0.00065844 0)
(0.000576945 -0.000780115 0)
(0.000472909 -0.000885347 0)
(0.000361513 -0.00097905 0)
(0.000241472 -0.00106207 0)
(0.000110322 -0.00112514 0)
(-3.04405e-05 -0.00116714 0)
(-0.000180208 -0.00118679 0)
(-0.000337357 -0.00118218 0)
(-0.000499085 -0.00115307 0)
(-0.000663984 -0.00110331 0)
(-0.000838028 -0.00105383 0)
(-0.00102829 -0.00106812 0)
(-0.00124771 -0.00129829 0)
(-5.77172e-06 -5.02327e-05 0)
(4.96693e-05 -6.06515e-05 0)
(8.55826e-05 -4.92156e-05 0)
(8.97249e-05 -1.04672e-05 0)
(4.31323e-05 3.33913e-05 0)
(-3.01786e-05 5.56464e-05 0)
(-0.000100478 4.99717e-05 0)
(-0.000145049 2.50822e-05 0)
(-0.000154108 -1.07919e-05 0)
(-0.00012693 -5.36139e-05 0)
(-6.20895e-05 -9.98751e-05 0)
(4.37999e-05 -0.000137287 0)
(0.000173845 -0.000136706 0)
(0.000295817 -9.67752e-05 0)
(0.000390257 -6.72843e-05 0)
(0.000455788 -6.1442e-05 0)
(0.000510948 -5.84326e-05 0)
(0.000567523 -5.70472e-05 0)
(0.000624221 -5.44981e-05 0)
(0.00067054 -4.17696e-05 0)
(0.000699498 -1.85391e-05 0)
(0.00070721 1.35543e-05 0)
(0.000690017 5.60031e-05 0)
(0.000628599 0.000109011 0)
(0.000505753 0.000165779 0)
(0.000319477 0.000207156 0)
(9.90277e-05 0.000200623 0)
(-9.72605e-05 0.00013108 0)
(-0.000213606 1.29367e-06 0)
(-0.000227927 -0.000114286 0)
(-0.000195181 -0.000120534 0)
(-0.000145573 -5.32814e-05 0)
(-5.70107e-05 8.59534e-05 0)
(1.04471e-05 0.0002474 0)
(-6.13757e-06 0.000226249 0)
(4.22659e-05 -9.72184e-05 0)
(0.00038162 -0.000500278 0)
(0.000862608 -0.000492416 0)
(0.00107155 -0.000293404 0)
(0.00119281 -0.000315646 0)
(0.00138535 -0.000263991 0)
(0.00145803 -0.000139332 0)
(0.00147493 -9.83849e-05 0)
(0.00148619 -3.01275e-05 0)
(0.00144177 1.48732e-05 0)
(0.00140423 5.6821e-06 0)
(0.00138102 1.38258e-05 0)
(0.00134622 2.48142e-05 0)
(0.00131356 2.05021e-05 0)
(0.00128885 1.66481e-05 0)
(0.00126605 1.62652e-05 0)
(0.00124356 1.64019e-05 0)
(0.00122091 1.78679e-05 0)
(0.0011964 2.1408e-05 0)
(0.00116822 2.70757e-05 0)
(0.00113466 3.47809e-05 0)
(0.00109399 4.42875e-05 0)
(0.0010444 5.53737e-05 0)
(0.000984001 6.78884e-05 0)
(0.000911042 8.1703e-05 0)
(0.000824169 9.66115e-05 0)
(0.000722615 0.000112355 0)
(0.000606152 0.000128717 0)
(0.000474948 0.000145518 0)
(0.000329404 0.000162502 0)
(0.000170732 0.000179613 0)
(-1.6264e-06 0.000195069 0)
(-0.000186088 0.00021 0)
(-0.000382021 0.000225036 0)
(-0.000588604 0.00023947 0)
(-0.000804841 0.000252615 0)
(-0.00102932 0.000264286 0)
(-0.00126094 0.000274036 0)
(-0.00149871 0.000281155 0)
(-0.00174056 0.000285143 0)
(-0.00198427 0.000285715 0)
(-0.00222701 0.000281661 0)
(-0.00246524 0.000273159 0)
(-0.00269589 0.000257425 0)
(-0.00291228 0.00023423 0)
(-0.00311063 0.000198289 0)
(-0.00327681 0.000148733 0)
(-0.0034074 7.8371e-05 0)
(-0.00347573 -1.42485e-05 0)
(-0.0034873 -0.000133953 0)
(-0.00338243 -0.000288084 0)
(-0.00320543 -0.000453402 0)
(-0.00284809 -0.000692703 0)
(-0.00238473 -0.000848157 0)
(-0.00167722 -0.00123588 0)
(-0.000410386 -0.000972558 0)
(7.98002e-05 0.000113562 0)
(2.00221e-06 0.000256165 0)
(-4.02339e-05 8.99424e-05 0)
(3.29936e-05 -6.95061e-05 0)
(0.000180717 -0.000109123 0)
(0.000256503 -1.7101e-05 0)
(0.00018886 9.7773e-05 0)
(1.19098e-05 0.00011234 0)
(-5.35019e-05 -4.29267e-05 0)
(-8.46149e-05 -2.84224e-05 0)
(4.49525e-05 -1.43225e-05 0)
(0.000164633 0.000184126 0)
(0.000212706 0.00043315 0)
(0.000230803 0.000697993 0)
(0.000200248 0.000929503 0)
(0.000135464 0.00106851 0)
(7.10363e-05 0.00112661 0)
(1.72399e-05 0.00111623 0)
(-1.84078e-05 0.00104947 0)
(-3.58764e-05 0.000944578 0)
(-4.67579e-05 0.000831532 0)
(-7.9916e-05 0.000730885 0)
(-0.000131872 0.000630466 0)
(-0.000163191 0.000522421 0)
(-0.000182611 0.000392272 0)
(-0.000207473 0.000208937 0)
(-0.000185152 -4.5991e-06 0)
(-0.000119395 -0.000146533 0)
(-2.85889e-05 -0.000181491 0)
(0.000117494 -5.8727e-05 0)
(0.000168657 0.000159559 0)
(4.27392e-05 0.00024815 0)
(-0.000129988 0.000118929 0)
(-0.000232805 -0.000149677 0)
(-0.00026809 -0.000467134 0)
(-0.000248534 -0.000768528 0)
(-0.000194148 -0.00102231 0)
(-0.000115114 -0.0012077 0)
(-1.73251e-05 -0.00131016 0)
(9.2928e-05 -0.00131939 0)
(0.000196253 -0.00122537 0)
(0.000266784 -0.00104257 0)
(0.000286155 -0.000804102 0)
(0.000255335 -0.000560841 0)
(0.000191618 -0.000352505 0)
(0.000116407 -0.00019621 0)
(4.14681e-05 -9.38678e-05 0)
(-2.40621e-05 -4.40199e-05 0)
(-6.76532e-05 -4.64142e-05 0)
(-7.72891e-05 -0.000107551 0)
(-4.79038e-05 -0.000222059 0)
(1.02057e-05 -0.000345392 0)
(3.15308e-05 -0.00043861 0)
(-5.66658e-05 -0.000522522 0)
(-0.000232981 -0.000641844 0)
(-0.000432281 -0.000816908 0)
(-0.000565832 -0.00103691 0)
(-0.000595751 -0.00127202 0)
(-0.000531851 -0.00149022 0)
(-0.000430084 -0.00167988 0)
(-0.000328581 -0.00186051 0)
(-0.000242035 -0.00204282 0)
(-0.000181603 -0.00221658 0)
(-0.000147762 -0.00236941 0)
(-0.00011196 -0.0024677 0)
(-8.09826e-05 -0.00281167 0)
(-3.40261e-05 -0.00287644 0)
(4.63736e-05 -0.00269137 0)
(0.000195629 -0.00220413 0)
(0.000394087 -0.00153752 0)
(0.000660055 -0.000899507 0)
(0.00100072 -0.000302718 0)
(0.00139358 0.000314352 0)
(0.00163998 0.00108185 0)
(0.00126376 0.00212141 0)
(-7.16502e-05 0.00296849 0)
(-0.00105362 0.00284991 0)
(0.000461223 0.00245052 0)
(0.00363967 0.00396982 0)
(0.00437527 0.0074022 0)
(0.00222869 0.0093035 0)
(0.00130165 0.00929049 0)
(0.00130346 0.00978249 0)
(0.000553318 0.0102369 0)
(0.000201256 0.0101007 0)
(8.55083e-05 0.0100923 0)
(-0.000221788 0.00997752 0)
(-0.000309517 0.00971814 0)
(-0.000389755 0.00951606 0)
(-0.000493526 0.00923908 0)
(-0.000505884 0.00894594 0)
(-0.000536312 0.00867345 0)
(-0.00055141 0.00837772 0)
(-0.000538093 0.00809784 0)
(-0.000533213 0.00783117 0)
(-0.000516473 0.00756884 0)
(-0.00049332 0.00732545 0)
(-0.000472821 0.00709573 0)
(-0.00044816 0.00687869 0)
(-0.000423394 0.00667766 0)
(-0.000400107 0.00648961 0)
(-0.000376732 0.00631411 0)
(-0.000354843 0.00615092 0)
(-0.000334441 0.00599836 0)
(-0.000315245 0.00585574 0)
(-0.000297666 0.0057222 0)
(-0.000281478 0.00559666 0)
(-0.000266564 0.00547849 0)
(-0.000252967 0.00536693 0)
(-0.00024053 0.00526128 0)
(-0.00022918 0.00516101 0)
(-0.0002189 0.00506556 0)
(-0.00020964 0.00497443 0)
(-0.000201379 0.00488711 0)
(-0.000194106 0.00480317 0)
(-0.000187815 0.00472216 0)
(-0.000182497 0.00464365 0)
(-0.000178122 0.00456723 0)
(-0.000174665 0.00449254 0)
(-0.000172098 0.00441922 0)
(-0.000170376 0.00434694 0)
(-0.000169451 0.00427543 0)
(-0.000169267 0.00420442 0)
(-0.000169777 0.00413369 0)
(-0.000170945 0.00406305 0)
(-0.000172709 0.00399231 0)
(-0.000175036 0.00392135 0)
(-0.0001779 0.00385001 0)
(-0.00018126 0.00377819 0)
(-0.000185096 0.0037058 0)
(-0.000189387 0.00363274 0)
(-0.000194106 0.00355894 0)
(-0.000199243 0.00348432 0)
(-0.000204777 0.00340882 0)
(-0.000210678 0.00333238 0)
(-0.000216929 0.00325496 0)
(-0.0002235 0.00317651 0)
(-0.000230361 0.003097 0)
(-0.000237478 0.00301639 0)
(-0.000244813 0.00293467 0)
(-0.000252327 0.00285184 0)
(-0.00025999 0.0027679 0)
(-0.000267746 0.00268283 0)
(-0.000275553 0.00259669 0)
(-0.000283398 0.00250949 0)
(-0.000291242 0.00242126 0)
(-0.000299045 0.00233205 0)
(-0.000306784 0.00224191 0)
(-0.00031447 0.00215091 0)
(-0.000322092 0.00205906 0)
(-0.000329641 0.00196645 0)
(-0.000337151 0.00187313 0)
(-0.000344645 0.00177914 0)
(-0.00035217 0.00168454 0)
(-0.000359773 0.00158934 0)
(-0.000367499 0.00149355 0)
(-0.000375389 0.00139715 0)
(-0.000383467 0.00130014 0)
(-0.000391783 0.00120254 0)
(-0.000400387 0.00110433 0)
(-0.000409324 0.00100551 0)
(-0.000418664 0.000906018 0)
(-0.000428533 0.000805706 0)
(-0.000438826 0.000704019 0)
(-0.000452332 0.000605544 0)
(-0.000468308 0.000507691 0)
(-0.000485722 0.000407466 0)
(-0.00050397 0.000303602 0)
(-0.000521822 0.000195462 0)
(-0.000538394 8.35939e-05 0)
(-0.000552929 -3.07458e-05 0)
(-0.000564863 -0.000145583 0)
(-0.000575178 -0.000259185 0)
(-0.000585477 -0.000371224 0)
(-0.000596746 -0.000482209 0)
(-0.000609684 -0.000593229 0)
(-0.000625891 -0.00070684 0)
(-0.000648077 -0.000827087 0)
(-0.000671848 -0.000949192 0)
(-0.000697448 -0.0010736 0)
(-0.000724968 -0.00120048 0)
(-0.000754635 -0.00133 0)
(-0.000786729 -0.00146234 0)
(-0.000821544 -0.0015977 0)
(-0.000859394 -0.0017363 0)
(-0.000900638 -0.00187835 0)
(-0.000945699 -0.00202412 0)
(-0.000995045 -0.00217388 0)
(-0.00104919 -0.00232792 0)
(-0.00110874 -0.00248656 0)
(-0.00117436 -0.00265015 0)
(-0.00124681 -0.00281911 0)
(-0.00132693 -0.00299379 0)
(-0.0014157 -0.00317475 0)
(-0.00151415 -0.00336236 0)
(-0.00162354 -0.00355754 0)
(-0.00174506 -0.00376029 0)
(-0.00188048 -0.00397268 0)
(-0.00203078 -0.00419278 0)
(-0.00219916 -0.0044269 0)
(-0.00238486 -0.00466554 0)
(-0.00259551 -0.00493003 0)
(-0.00282306 -0.00518319 0)
(-0.0030898 -0.0054983 0)
(-0.00336024 -0.00574356 0)
(-0.0037028 -0.00616306 0)
(-0.00398391 -0.00631641 0)
(-0.00439619 -0.00698307 0)
(-0.00441206 -0.00670028 0)
)
;
    }
    frontAndBack
    {
        type            empty;
    }
}


// ************************************************************************* //
