/*--------------------------------*- C++ -*----------------------------------*\
  =========                 |
  \\      /  F ield         | OpenFOAM: The Open Source CFD Toolbox
   \\    /   O peration     | Website:  https://openfoam.org
    \\  /    A nd           | Version:  7
     \\/     M anipulation  |
\*---------------------------------------------------------------------------*/
FoamFile
{
    version     2.0;
    format      ascii;
    class       volVectorField;
    location    "0.34";
    object      wallShearStress;
}
// * * * * * * * * * * * * * * * * * * * * * * * * * * * * * * * * * * * * * //

dimensions      [0 2 -2 0 0 0 0];

internalField   uniform (0 0 0);

boundaryField
{
    velocityInlet
    {
        type            calculated;
        value           uniform (0 0 0);
    }
    pressureOutlet
    {
        type            calculated;
        value           uniform (0 0 0);
    }
    fixedWalls
    {
        type            calculated;
        value           nonuniform List<vector> 
100
(
(-0.0228095 -0.00951274 0)
(0.00915621 -0.00190585 0)
(0.00228493 0.000329027 0)
(0.00456863 -2.23235e-05 0)
(0.00341576 0.000122809 0)
(0.00261535 0.000182778 0)
(0.00144699 0.000188725 0)
(0.000377955 0.00015987 0)
(-0.000506128 0.000126433 0)
(-0.0011975 9.25578e-05 0)
(-0.00173932 6.85731e-05 0)
(-0.00217936 5.35619e-05 0)
(-0.00256684 4.72471e-05 0)
(-0.00295233 5.04316e-05 0)
(-0.00336968 5.85052e-05 0)
(-0.00379009 5.64423e-05 0)
(-0.00414462 4.01431e-05 0)
(-0.00457459 5.17556e-05 0)
(-0.0056054 0.000137148 0)
(-0.00734728 0.000203351 0)
(-0.00884594 0.000137899 0)
(-0.00982007 0.0001418 0)
(-0.0114129 0.000344883 0)
(-0.0130389 0.000397919 0)
(-0.0111193 -0.000282807 0)
(-0.00415064 -0.00114632 0)
(0.00527511 -0.00140553 0)
(0.0128492 -0.00117299 0)
(0.017017 -0.000650166 0)
(0.0174572 -8.0822e-05 0)
(0.0145316 0.000410319 0)
(0.00938471 0.000667372 0)
(0.00370959 0.00064469 0)
(-0.00107026 0.000494985 0)
(-0.00429879 0.000290661 0)
(-0.00604152 0.000129582 0)
(-0.00671451 3.31113e-05 0)
(-0.00681494 -7.86302e-06 0)
(-0.00673102 -1.07393e-05 0)
(-0.00671003 9.44333e-06 0)
(-0.00688304 4.20049e-05 0)
(-0.00723296 6.60273e-05 0)
(-0.00757538 6.16718e-05 0)
(-0.00770055 3.71738e-05 0)
(-0.00754631 8.56656e-06 0)
(-0.00716361 -1.14793e-05 0)
(-0.00656186 -3.5705e-05 0)
(-0.00566143 -7.60166e-05 0)
(-0.00436821 -0.000132255 0)
(-0.00267686 -0.000190549 0)
(-0.000671032 -0.000243123 0)
(0.00139956 -0.000248533 0)
(0.00315634 -0.000215973 0)
(0.00432883 -0.000142394 0)
(0.00472487 -5.01829e-05 0)
(0.0043691 3.71596e-05 0)
(0.003475 9.40644e-05 0)
(0.00230562 0.000119313 0)
(0.00109331 0.000120224 0)
(-2.07343e-05 0.000106561 0)
(-0.000945601 8.61803e-05 0)
(-0.00166548 6.52954e-05 0)
(-0.00219645 4.69154e-05 0)
(-0.00257251 3.23063e-05 0)
(-0.0028333 2.17011e-05 0)
(-0.00301648 1.47055e-05 0)
(-0.00315439 1.07903e-05 0)
(-0.00327396 9.61774e-06 0)
(-0.0033965 1.08299e-05 0)
(-0.0035334 1.33067e-05 0)
(-0.00367908 1.50305e-05 0)
(-0.00381238 1.43962e-05 0)
(-0.00391165 1.18972e-05 0)
(-0.00397124 9.75639e-06 0)
(-0.00399962 9.26593e-06 0)
(-0.00400145 8.78455e-06 0)
(-0.00396914 7.01526e-06 0)
(-0.00389544 5.36694e-06 0)
(-0.00377581 4.27985e-06 0)
(-0.00357547 -1.1433e-06 0)
(-0.00318742 -2.12772e-05 0)
(-0.00244686 -6.30201e-05 0)
(-0.0012357 -0.000119149 0)
(0.00034399 -0.000150309 0)
(0.00188493 -0.000147419 0)
(0.00291003 -9.47309e-05 0)
(0.00315065 -2.00456e-05 0)
(0.00264616 4.50024e-05 0)
(0.00167779 8.19701e-05 0)
(0.00056355 8.96971e-05 0)
(-0.000462522 7.98824e-05 0)
(-0.00127202 6.08651e-05 0)
(-0.00183686 4.13122e-05 0)
(-0.00218104 2.46348e-05 0)
(-0.00235995 1.24502e-05 0)
(-0.00241712 4.30134e-06 0)
(-0.0024068 -6.59607e-07 0)
(-0.00234349 -4.07423e-06 0)
(-0.00228259 -4.54995e-06 0)
(-0.00216803 -5.06141e-06 0)
)
;
    }
    bottomWall
    {
        type            calculated;
        value           nonuniform List<vector> 
800
(
(-0.0353512 0.00216563 0)
(-0.0160363 0.000524968 0)
(-0.0105903 0.000100559 0)
(-0.00845539 3.45928e-05 0)
(-0.00749129 1.96861e-05 0)
(-0.0068556 1.60141e-05 0)
(-0.00634683 1.32131e-05 0)
(-0.00593568 1.07628e-05 0)
(-0.00560119 8.96123e-06 0)
(-0.00532261 7.66071e-06 0)
(-0.00508538 6.67523e-06 0)
(-0.00488005 5.89661e-06 0)
(-0.00470015 5.26595e-06 0)
(-0.00454096 4.74634e-06 0)
(-0.00439886 4.31214e-06 0)
(-0.0042711 3.94479e-06 0)
(-0.00415548 3.63057e-06 0)
(-0.00405026 3.35918e-06 0)
(-0.00395402 3.12277e-06 0)
(-0.0038656 2.9153e-06 0)
(-0.00378405 2.73199e-06 0)
(-0.00370855 2.56905e-06 0)
(-0.00363843 2.42344e-06 0)
(-0.0035731 2.29268e-06 0)
(-0.00351208 2.17471e-06 0)
(-0.00345494 2.06785e-06 0)
(-0.0034013 1.97067e-06 0)
(-0.00335084 1.88199e-06 0)
(-0.00330327 1.80078e-06 0)
(-0.00325836 1.72619e-06 0)
(-0.00321587 1.65748e-06 0)
(-0.00317561 1.59402e-06 0)
(-0.0031374 1.53526e-06 0)
(-0.00310109 1.48072e-06 0)
(-0.00306653 1.43e-06 0)
(-0.00303361 1.38273e-06 0)
(-0.0030022 1.33859e-06 0)
(-0.00297221 1.2973e-06 0)
(-0.00294352 1.25861e-06 0)
(-0.00291608 1.22229e-06 0)
(-0.00288978 1.18816e-06 0)
(-0.00286456 1.15602e-06 0)
(-0.00284036 1.12574e-06 0)
(-0.00281712 1.09709e-06 0)
(-0.00279477 1.07015e-06 0)
(-0.00277327 1.0444e-06 0)
(-0.00275257 1.02046e-06 0)
(-0.00273263 9.96935e-07 0)
(-0.0027134 9.75806e-07 0)
(-0.00269487 9.53269e-07 0)
(-0.00267936 9.3481e-07 0)
(-0.00266656 9.24363e-07 0)
(-0.00265391 9.10955e-07 0)
(-0.00264146 8.96664e-07 0)
(-0.00262919 8.83283e-07 0)
(-0.0026171 8.7056e-07 0)
(-0.00260519 8.58145e-07 0)
(-0.00259345 8.45995e-07 0)
(-0.00258187 8.34137e-07 0)
(-0.00257045 8.22567e-07 0)
(-0.00255919 8.11267e-07 0)
(-0.00254809 8.00225e-07 0)
(-0.00253713 7.89431e-07 0)
(-0.00252633 7.78877e-07 0)
(-0.00251566 7.68557e-07 0)
(-0.00250514 7.58462e-07 0)
(-0.00249476 7.48585e-07 0)
(-0.00248451 7.3892e-07 0)
(-0.00247439 7.29459e-07 0)
(-0.0024644 7.20196e-07 0)
(-0.00245454 7.11125e-07 0)
(-0.0024448 7.02242e-07 0)
(-0.00243519 6.9354e-07 0)
(-0.00242569 6.85014e-07 0)
(-0.00241631 6.76659e-07 0)
(-0.00240704 6.68471e-07 0)
(-0.00239789 6.60444e-07 0)
(-0.00238885 6.52575e-07 0)
(-0.00237991 6.44858e-07 0)
(-0.00237108 6.3729e-07 0)
(-0.00236235 6.29867e-07 0)
(-0.00235372 6.22585e-07 0)
(-0.0023452 6.15439e-07 0)
(-0.00233677 6.08426e-07 0)
(-0.00232843 6.01543e-07 0)
(-0.0023202 5.94786e-07 0)
(-0.00231205 5.88151e-07 0)
(-0.00230399 5.81635e-07 0)
(-0.00229603 5.75236e-07 0)
(-0.00228815 5.6895e-07 0)
(-0.00228035 5.62773e-07 0)
(-0.00227265 5.56704e-07 0)
(-0.00226502 5.50741e-07 0)
(-0.00225748 5.44879e-07 0)
(-0.00225001 5.39116e-07 0)
(-0.00224263 5.33452e-07 0)
(-0.00223532 5.27884e-07 0)
(-0.00222809 5.22409e-07 0)
(-0.00222093 5.17026e-07 0)
(-0.00221385 5.11733e-07 0)
(-0.00220684 5.06528e-07 0)
(-0.0021999 5.0141e-07 0)
(-0.00219303 4.96377e-07 0)
(-0.00218623 4.91428e-07 0)
(-0.0021795 4.8656e-07 0)
(-0.00217283 4.81772e-07 0)
(-0.00216623 4.77062e-07 0)
(-0.0021597 4.72429e-07 0)
(-0.00215322 4.67871e-07 0)
(-0.00214681 4.63385e-07 0)
(-0.00214046 4.58972e-07 0)
(-0.00213417 4.54628e-07 0)
(-0.00212794 4.50352e-07 0)
(-0.00212177 4.46143e-07 0)
(-0.00211566 4.41998e-07 0)
(-0.0021096 4.37917e-07 0)
(-0.0021036 4.33898e-07 0)
(-0.00209766 4.29939e-07 0)
(-0.00209177 4.26039e-07 0)
(-0.00208593 4.22197e-07 0)
(-0.00208014 4.18411e-07 0)
(-0.00207441 4.14681e-07 0)
(-0.00206872 4.11004e-07 0)
(-0.00206309 4.0738e-07 0)
(-0.00205751 4.03808e-07 0)
(-0.00205197 4.00287e-07 0)
(-0.00204649 3.96816e-07 0)
(-0.00204105 3.93394e-07 0)
(-0.00203566 3.9002e-07 0)
(-0.00203031 3.86694e-07 0)
(-0.00202501 3.83416e-07 0)
(-0.00201976 3.80183e-07 0)
(-0.00201455 3.76997e-07 0)
(-0.00200938 3.73855e-07 0)
(-0.00200425 3.70758e-07 0)
(-0.00199917 3.67705e-07 0)
(-0.00199413 3.64697e-07 0)
(-0.00198913 3.6173e-07 0)
(-0.00198417 3.5881e-07 0)
(-0.00197925 3.55926e-07 0)
(-0.00197437 3.53094e-07 0)
(-0.00196953 3.50287e-07 0)
(-0.00196473 3.47545e-07 0)
(-0.00195996 3.44804e-07 0)
(-0.00195523 3.4216e-07 0)
(-0.00195054 3.39466e-07 0)
(-0.00194589 3.36932e-07 0)
(-0.00194127 3.34252e-07 0)
(-0.00193668 3.31817e-07 0)
(-0.00193214 3.29066e-07 0)
(-0.00192832 3.26614e-07 0)
(-0.0019252 3.25338e-07 0)
(-0.00192207 3.23794e-07 0)
(-0.00191893 3.22015e-07 0)
(-0.00191579 3.20257e-07 0)
(-0.00191265 3.18547e-07 0)
(-0.0019095 3.16865e-07 0)
(-0.00190634 3.15181e-07 0)
(-0.00190318 3.13499e-07 0)
(-0.00190001 3.11821e-07 0)
(-0.00189684 3.10148e-07 0)
(-0.00189367 3.08476e-07 0)
(-0.00189049 3.06816e-07 0)
(-0.0018873 3.05154e-07 0)
(-0.00188411 3.03502e-07 0)
(-0.00188092 3.01849e-07 0)
(-0.00187771 3.00201e-07 0)
(-0.00187451 2.98557e-07 0)
(-0.0018713 2.96919e-07 0)
(-0.00186809 2.95285e-07 0)
(-0.00186487 2.93657e-07 0)
(-0.00186164 2.92029e-07 0)
(-0.00185841 2.90414e-07 0)
(-0.00185518 2.88796e-07 0)
(-0.00185194 2.87191e-07 0)
(-0.0018487 2.85586e-07 0)
(-0.00184545 2.83986e-07 0)
(-0.0018422 2.82391e-07 0)
(-0.00183895 2.80799e-07 0)
(-0.00183569 2.79209e-07 0)
(-0.00183243 2.77632e-07 0)
(-0.00182916 2.76049e-07 0)
(-0.00182589 2.74479e-07 0)
(-0.00182261 2.72908e-07 0)
(-0.00181933 2.71343e-07 0)
(-0.00181605 2.69782e-07 0)
(-0.00181276 2.68225e-07 0)
(-0.00180947 2.66669e-07 0)
(-0.00180617 2.65125e-07 0)
(-0.00180288 2.63576e-07 0)
(-0.00179957 2.62042e-07 0)
(-0.00179627 2.60507e-07 0)
(-0.00179296 2.58977e-07 0)
(-0.00178964 2.57452e-07 0)
(-0.00178633 2.55934e-07 0)
(-0.00178301 2.54422e-07 0)
(-0.00177968 2.52915e-07 0)
(-0.00177635 2.5141e-07 0)
(-0.00177302 2.49921e-07 0)
(-0.00176969 2.48428e-07 0)
(-0.00176635 2.46952e-07 0)
(-0.00176301 2.45476e-07 0)
(-0.00175967 2.44009e-07 0)
(-0.00175632 2.42549e-07 0)
(-0.00175297 2.41097e-07 0)
(-0.00174962 2.39649e-07 0)
(-0.00174626 2.38218e-07 0)
(-0.0017429 2.36785e-07 0)
(-0.00173954 2.35373e-07 0)
(-0.00173617 2.33962e-07 0)
(-0.0017328 2.32562e-07 0)
(-0.00172943 2.3117e-07 0)
(-0.00172605 2.29789e-07 0)
(-0.00172267 2.28413e-07 0)
(-0.00171929 2.27061e-07 0)
(-0.0017159 2.25708e-07 0)
(-0.00171251 2.24375e-07 0)
(-0.00170912 2.23047e-07 0)
(-0.00170572 2.21736e-07 0)
(-0.00170232 2.20437e-07 0)
(-0.00169892 2.19151e-07 0)
(-0.00169551 2.17881e-07 0)
(-0.0016921 2.16621e-07 0)
(-0.00168869 2.15381e-07 0)
(-0.00168527 2.14152e-07 0)
(-0.00168185 2.12957e-07 0)
(-0.00167842 2.11742e-07 0)
(-0.00167499 2.10618e-07 0)
(-0.00167155 2.09388e-07 0)
(-0.00166811 2.08388e-07 0)
(-0.00166467 2.0707e-07 0)
(-0.00166121 2.0632e-07 0)
(-0.00165776 2.04736e-07 0)
(-0.00165429 2.04549e-07 0)
(-0.00165084 2.02217e-07 0)
(-0.00164733 2.03338e-07 0)
(-0.0016439 1.99156e-07 0)
(-0.00164033 2.03287e-07 0)
(-0.00163696 1.94721e-07 0)
(-0.00163326 2.05697e-07 0)
(-0.00163002 1.87114e-07 0)
(-0.00162608 2.13259e-07 0)
(-0.00162315 1.72682e-07 0)
(-0.00161872 2.31185e-07 0)
(-0.00161639 1.44608e-07 0)
(-0.00161109 2.68172e-07 0)
(-0.00160983 9.19189e-08 0)
(-0.00160317 3.33958e-07 0)
(-0.00160344 9.00009e-09 0)
(-0.00159498 3.66518e-07 0)
(-0.0353512 -0.00216563 0)
(-0.0160361 -0.000524977 0)
(-0.0105898 -0.000100571 0)
(-0.00845455 -3.46072e-05 0)
(-0.00748993 -1.97042e-05 0)
(-0.00685355 -1.60369e-05 0)
(-0.0063439 -1.32407e-05 0)
(-0.00593171 -1.07952e-05 0)
(-0.00559602 -8.99838e-06 0)
(-0.0053161 -7.7023e-06 0)
(-0.0050774 -6.72086e-06 0)
(-0.0048705 -5.94591e-06 0)
(-0.00468895 -5.31856e-06 0)
(-0.00452803 -4.80196e-06 0)
(-0.00438414 -4.37056e-06 0)
(-0.00425452 -4.0059e-06 0)
(-0.00413699 -3.69434e-06 0)
(-0.0040298 -3.42562e-06 0)
(-0.00393154 -3.1919e-06 0)
(-0.00384105 -2.98709e-06 0)
(-0.00375736 -2.80639e-06 0)
(-0.00367969 -2.64595e-06 0)
(-0.00360735 -2.50267e-06 0)
(-0.00353977 -2.374e-06 0)
(-0.00347646 -2.25785e-06 0)
(-0.003417 -2.15246e-06 0)
(-0.00336102 -2.05631e-06 0)
(-0.00330822 -1.96815e-06 0)
(-0.00325831 -1.88676e-06 0)
(-0.00321107 -1.81123e-06 0)
(-0.00316628 -1.74041e-06 0)
(-0.00312377 -1.67375e-06 0)
(-0.0030834 -1.60976e-06 0)
(-0.00304503 -1.54845e-06 0)
(-0.00300858 -1.48752e-06 0)
(-0.00297395 -1.42796e-06 0)
(-0.00294109 -1.36596e-06 0)
(-0.00291001 -1.30375e-06 0)
(-0.00288058 -1.23634e-06 0)
(-0.00285315 -1.16474e-06 0)
(-0.00282706 -1.08953e-06 0)
(-0.00280382 -9.94555e-07 0)
(-0.00278081 -9.20603e-07 0)
(-0.00276337 -7.64503e-07 0)
(-0.00274204 -7.47633e-07 0)
(-0.00273471 -4.10173e-07 0)
(-0.00270932 -7.16449e-07 0)
(-0.00272359 4.00703e-07 0)
(-0.00267914 -6.06601e-06 0)
(-0.00256181 0.000193286 0)
(0.000321975 -0.000167791 0)
(0.000213986 -0.000671214 0)
(1.8077e-05 -0.000870574 0)
(-0.000113733 -0.00080651 0)
(-7.49623e-05 -0.000693412 0)
(7.48772e-05 -0.000700734 0)
(0.000110516 -0.00075505 0)
(6.69667e-05 -0.000778391 0)
(4.4394e-05 -0.000792959 0)
(3.32246e-05 -0.000797245 0)
(1.95082e-05 -0.000780156 0)
(-5.72258e-06 -0.000718011 0)
(-6.24984e-05 -0.000608375 0)
(-0.000171028 -0.000363863 0)
(-0.000320586 -4.33534e-06 0)
(-0.000430482 0.000458648 0)
(-0.000455719 0.000940483 0)
(-0.00041856 0.0013666 0)
(-0.000357255 0.00171719 0)
(-0.000289645 0.00199228 0)
(-0.00022237 0.00219597 0)
(-0.000159096 0.00233418 0)
(-0.000101306 0.00241373 0)
(-4.95287e-05 0.00244127 0)
(-5.09427e-06 0.00242224 0)
(3.24695e-05 0.00236637 0)
(6.48054e-05 0.00227851 0)
(9.15036e-05 0.0021645 0)
(0.000112949 0.00203009 0)
(0.000129571 0.00188025 0)
(0.000141882 0.00171951 0)
(0.000150677 0.00155157 0)
(0.000156801 0.00137927 0)
(0.000161135 0.00120455 0)
(0.000164434 0.00102861 0)
(0.000167334 0.000852049 0)
(0.000170345 0.000675063 0)
(0.000173871 0.00049762 0)
(0.000178579 0.0003196 0)
(0.000185477 0.000138988 0)
(0.000191929 -4.94646e-05 0)
(0.000193946 -0.000239205 0)
(0.000194249 -0.000425379 0)
(0.000194267 -0.000611693 0)
(0.000192836 -0.000798022 0)
(0.000189018 -0.000982462 0)
(0.000182173 -0.00116277 0)
(0.000171831 -0.00133656 0)
(0.000157699 -0.0015013 0)
(0.000139676 -0.00165444 0)
(0.000117716 -0.00179352 0)
(9.17073e-05 -0.00191607 0)
(6.18574e-05 -0.00201952 0)
(2.90785e-05 -0.00210173 0)
(-6.1194e-06 -0.00216161 0)
(-4.48383e-05 -0.00219782 0)
(-8.64202e-05 -0.00220701 0)
(-0.000126731 -0.00218847 0)
(-0.000162628 -0.00214438 0)
(-0.000193299 -0.0020771 0)
(-0.000217887 -0.00198952 0)
(-0.00023664 -0.00188515 0)
(-0.000250589 -0.0017672 0)
(-0.000261088 -0.0016385 0)
(-0.000269661 -0.00150132 0)
(-0.000277879 -0.00135743 0)
(-0.00028673 -0.00120759 0)
(-0.000296364 -0.00105214 0)
(-0.000307093 -0.000890943 0)
(-0.000317117 -0.000722288 0)
(-0.000323339 -0.000546269 0)
(-0.000320853 -0.000354714 0)
(-0.000278518 -0.000145029 0)
(-0.000162862 5.10872e-05 0)
(4.11829e-06 0.000196669 0)
(0.000179713 0.000279158 0)
(0.000319384 0.000294302 0)
(0.000397842 0.000260446 0)
(0.00042034 0.000207595 0)
(0.000388009 0.000149654 0)
(0.000299607 9.5238e-05 0)
(0.000161859 6.23823e-05 0)
(1.57796e-05 7.16407e-05 0)
(-8.79186e-05 0.000118208 0)
(-0.000115452 0.00015087 0)
(-0.000102817 0.000141441 0)
(-9.67945e-05 0.000103073 0)
(-0.000100599 7.45269e-05 0)
(-9.22621e-05 6.94094e-05 0)
(-6.16943e-05 7.52076e-05 0)
(-1.84653e-05 7.60067e-05 0)
(1.91937e-05 6.62603e-05 0)
(3.81992e-05 5.1973e-05 0)
(3.78879e-05 4.41764e-05 0)
(2.74396e-05 4.70458e-05 0)
(1.5549e-05 5.61611e-05 0)
(6.40135e-06 6.53741e-05 0)
(4.0215e-07 7.02024e-05 0)
(-3.94928e-06 7.04918e-05 0)
(-6.91671e-06 6.90112e-05 0)
(-6.4277e-06 6.70457e-05 0)
(-1.32925e-06 6.32437e-05 0)
(7.35343e-06 5.5542e-05 0)
(1.70366e-05 4.29475e-05 0)
(2.51758e-05 2.62842e-05 0)
(3.06143e-05 7.38677e-06 0)
(3.32412e-05 -1.22242e-05 0)
(3.32834e-05 -3.12497e-05 0)
(3.12756e-05 -4.83473e-05 0)
(2.82918e-05 -6.24606e-05 0)
(2.58578e-05 -7.30883e-05 0)
(2.57936e-05 -8.06667e-05 0)
(2.97333e-05 -8.6803e-05 0)
(3.83915e-05 -9.39264e-05 0)
(5.14323e-05 -0.000104299 0)
(6.79928e-05 -0.00011941 0)
(8.64313e-05 -0.000140063 0)
(0.000103631 -0.000165721 0)
(0.00011456 -0.000191778 0)
(0.000117394 -0.000207486 0)
(0.000118275 -0.000206197 0)
(0.000120414 -0.000196601 0)
(0.000110016 -0.000191226 0)
(6.30879e-05 -0.000193463 0)
(-3.81104e-05 -0.000179434 0)
(-0.000179131 -0.000109025 0)
(-0.000312716 2.62636e-05 0)
(-0.000409414 0.000191385 0)
(-0.000475166 0.000356953 0)
(-0.000520955 0.000520548 0)
(-0.000548266 0.000684727 0)
(-0.000556164 0.000845595 0)
(-0.000545517 0.000997464 0)
(-0.000518721 0.00113589 0)
(-0.000478911 0.00125793 0)
(-0.000429333 0.00136196 0)
(-0.00037299 0.00144727 0)
(-0.000312582 0.00151378 0)
(-0.000250583 0.00156189 0)
(-0.000189047 0.0015926 0)
(-0.000129186 0.00160741 0)
(-7.167e-05 0.00160751 0)
(-1.76181e-05 0.00159406 0)
(3.27548e-05 0.00156912 0)
(7.99819e-05 0.00153372 0)
(0.000124117 0.00148898 0)
(0.000165557 0.00143583 0)
(0.000204647 0.00137509 0)
(0.000241752 0.0013074 0)
(0.000277195 0.00123326 0)
(0.000311236 0.00115307 0)
(0.000344049 0.00106712 0)
(0.000375706 0.000975643 0)
(0.000406174 0.000878831 0)
(0.000435298 0.000776857 0)
(0.000462808 0.000669919 0)
(0.000488326 0.00055827 0)
(0.000511388 0.000442257 0)
(0.000531458 0.000322357 0)
(0.00054795 0.000199217 0)
(0.000560346 7.36938e-05 0)
(0.000568162 -5.32261e-05 0)
(0.000570923 -0.000180364 0)
(0.000568342 -0.000306408 0)
(0.000560319 -0.000430062 0)
(0.000546869 -0.00055013 0)
(0.000528127 -0.000665484 0)
(0.000504411 -0.000775194 0)
(0.000476047 -0.000878588 0)
(0.000443354 -0.000975098 0)
(0.000406665 -0.00106425 0)
(0.000366308 -0.00114565 0)
(0.000322604 -0.00121895 0)
(0.000275868 -0.00128382 0)
(0.000226434 -0.00133996 0)
(0.000174649 -0.00138711 0)
(0.0001209 -0.00142513 0)
(6.54728e-05 -0.00145406 0)
(8.83926e-06 -0.00147393 0)
(-4.91743e-05 -0.00148485 0)
(-0.000108942 -0.00148608 0)
(-0.000169492 -0.00147716 0)
(-0.000229741 -0.00145815 0)
(-0.000288968 -0.00142914 0)
(-0.000346505 -0.00139043 0)
(-0.000401671 -0.00134233 0)
(-0.000453716 -0.00128511 0)
(-0.000501763 -0.00121905 0)
(-0.000544826 -0.00114478 0)
(-0.000582074 -0.00106313 0)
(-0.000612697 -0.000974718 0)
(-0.000635749 -0.00088018 0)
(-0.000650234 -0.00078037 0)
(-0.000655207 -0.0006768 0)
(-0.000650166 -0.000573421 0)
(-0.000636791 -0.000481401 0)
(-0.000624304 -0.0004271 0)
(-0.000639851 -0.000457827 0)
(-0.000721301 -0.000627257 0)
(-0.000890367 -0.000953876 0)
(1.35732e-05 -0.000346065 0)
(0.000462999 -0.00033692 0)
(0.00068878 -0.000158916 0)
(0.000652284 7.86721e-05 0)
(0.00047393 0.000159413 0)
(0.000309841 0.000151092 0)
(0.000181628 0.00012796 0)
(7.05567e-05 0.000101185 0)
(-2.11807e-05 7.11816e-05 0)
(-9.52144e-05 3.0647e-05 0)
(-0.000141781 -2.75127e-05 0)
(-0.000149546 -0.000115611 0)
(-7.73301e-05 -0.000235804 0)
(0.000134876 -0.000334489 0)
(0.000445897 -0.000233657 0)
(0.000624404 8.64794e-06 0)
(0.000609108 0.000141674 0)
(0.000544748 0.000176327 0)
(0.000460684 0.000157789 0)
(0.000406386 8.91265e-05 0)
(0.000410348 -1.1848e-06 0)
(0.000450993 -6.58282e-05 0)
(0.000468976 -4.98359e-05 0)
(0.000395011 5.9056e-05 0)
(0.000195055 0.00018307 0)
(-6.73183e-05 0.00022597 0)
(-0.00028311 0.000179953 0)
(-0.000410908 0.000100248 0)
(-0.000464996 1.76995e-05 0)
(-0.000456466 -5.74195e-05 0)
(-0.000397205 -0.000117275 0)
(-0.000303554 -0.000159059 0)
(-0.000194606 -0.00017061 0)
(-9.76298e-05 -0.00013999 0)
(-2.82412e-05 -5.11364e-05 0)
(1.5931e-05 8.92942e-05 0)
(3.20745e-05 0.000232442 0)
(1.35587e-05 0.000275656 0)
(1.53126e-05 0.00014652 0)
(0.000148412 -0.000186766 0)
(0.000470469 -0.000450642 0)
(0.000871983 -0.000434799 0)
(0.00109596 -0.000288419 0)
(0.00124118 -0.000269979 0)
(0.00142546 -0.000255856 0)
(0.00157384 -0.000205839 0)
(0.00169209 -0.000189734 0)
(0.00181098 -0.000180014 0)
(0.00191789 -0.000169587 0)
(0.00201603 -0.000161743 0)
(0.00210364 -0.000146688 0)
(0.00217612 -0.000128751 0)
(0.00223721 -0.000113726 0)
(0.00229454 -0.000109159 0)
(0.00236117 -0.000120428 0)
(0.00244972 -0.000144292 0)
(0.00256665 -0.000170117 0)
(0.00270742 -0.000181112 0)
(0.00285073 -0.000157704 0)
(0.00295515 -8.41515e-05 0)
(0.00296299 3.59626e-05 0)
(0.00283245 0.000178389 0)
(0.00257192 0.000313548 0)
(0.00221427 0.000413122 0)
(0.00180904 0.000464274 0)
(0.0013983 0.000477502 0)
(0.00100351 0.000472019 0)
(0.000628625 0.000463814 0)
(0.000260502 0.00046061 0)
(-0.000117594 0.000449178 0)
(-0.000468418 0.0004141 0)
(-0.000774465 0.000378118 0)
(-0.00106348 0.000350937 0)
(-0.00134157 0.000327532 0)
(-0.00160529 0.000303981 0)
(-0.00185099 0.000278856 0)
(-0.00207611 0.000251531 0)
(-0.00227857 0.000223594 0)
(-0.00245916 0.000195734 0)
(-0.00261681 0.000167128 0)
(-0.00275259 0.000142403 0)
(-0.00287146 0.000113871 0)
(-0.00296478 8.63383e-05 0)
(-0.00304313 5.16461e-05 0)
(-0.00308694 1.15714e-05 0)
(-0.00312194 -4.31128e-05 0)
(-0.00309132 -0.000138802 0)
(-0.00301953 -0.000227129 0)
(-0.00286045 -0.000422657 0)
(-0.00258767 -0.000552116 0)
(-0.0023487 -0.000969972 0)
(-0.00122188 -0.00129579 0)
(-0.000208666 -0.000446868 0)
(-4.87652e-05 0.000128499 0)
(-3.70952e-05 7.82184e-05 0)
(-2.19011e-05 3.14424e-05 0)
(1.11033e-05 4.64033e-06 0)
(2.40227e-05 8.26343e-06 0)
(1.34014e-05 1.54327e-05 0)
(-3.95744e-06 6.35981e-06 0)
(1.52973e-06 3.39826e-06 0)
(1.3787e-06 1.77723e-05 0)
(-1.21183e-05 1.38893e-05 0)
(-4.65649e-05 -3.90812e-05 0)
(-8.33866e-05 -0.000156508 0)
(-0.000105965 -0.000317544 0)
(-0.000106477 -0.000493576 0)
(-8.27527e-05 -0.00065403 0)
(-3.83576e-05 -0.000771063 0)
(2.04528e-05 -0.000825582 0)
(8.70282e-05 -0.000806242 0)
(0.000147504 -0.000709411 0)
(0.000187581 -0.000543596 0)
(0.000193975 -0.000328208 0)
(0.000153429 -0.000100484 0)
(7.11014e-05 8.54517e-05 0)
(8.47235e-06 0.000201468 0)
(8.46782e-06 0.000259271 0)
(2.75741e-05 0.000329244 0)
(7.93523e-05 0.000445115 0)
(0.000176664 0.000605947 0)
(0.000218202 0.000825932 0)
(0.000159459 0.00101325 0)
(5.59584e-05 0.00107972 0)
(-4.66031e-05 0.00103355 0)
(-0.000129559 0.000903991 0)
(-0.000186719 0.000710238 0)
(-0.000205228 0.000491478 0)
(-0.000191379 0.000289462 0)
(-0.000164667 0.0001112 0)
(-0.00013376 -5.19068e-05 0)
(-0.000102154 -0.000201272 0)
(-6.00132e-05 -0.000322635 0)
(-1.22022e-05 -0.00039571 0)
(3.64527e-05 -0.000406297 0)
(7.48417e-05 -0.000348396 0)
(9.26894e-05 -0.000245769 0)
(9.37111e-05 -0.000130502 0)
(6.8831e-05 -2.20828e-05 0)
(1.6534e-05 4.54149e-05 0)
(-1.22086e-05 5.04038e-05 0)
(-2.32899e-06 2.54279e-06 0)
(-2.47183e-05 -0.000104822 0)
(-7.37282e-05 -0.000239425 0)
(-0.000136169 -0.000329717 0)
(-0.000278375 -0.000404484 0)
(-0.000392372 -0.000495279 0)
(-0.000444 -0.000645686 0)
(-0.00038154 -0.000778273 0)
(-0.00027968 -0.000907062 0)
(-0.000150065 -0.000905193 0)
(-6.06453e-05 -0.000800171 0)
(-9.84053e-05 -0.000646541 0)
(-0.000200227 -0.000513066 0)
(-0.000247592 -0.000391586 0)
(-0.000194582 -0.000249208 0)
(5.3328e-06 -5.39396e-05 0)
(0.000403557 0.000233414 0)
(0.0009322 0.000705663 0)
(0.00128558 0.00145549 0)
(0.00109857 0.00225641 0)
(0.000625055 0.00261477 0)
(0.000464911 0.00272461 0)
(0.000474204 0.00293939 0)
(0.000386364 0.00317197 0)
(0.000308886 0.00331781 0)
(0.00028754 0.00344918 0)
(0.000250582 0.0035808 0)
(0.000213619 0.00368341 0)
(0.000193878 0.00377241 0)
(0.000172659 0.0038555 0)
(0.000152517 0.00392564 0)
(0.000138297 0.00398723 0)
(0.000124873 0.00404325 0)
(0.000112631 0.0040923 0)
(0.00010283 0.00413602 0)
(9.39362e-05 0.00417567 0)
(8.59232e-05 0.00421116 0)
(7.90983e-05 0.00424325 0)
(7.29416e-05 0.00427258 0)
(6.73445e-05 0.00429932 0)
(6.23562e-05 0.00432386 0)
(5.77741e-05 0.00434654 0)
(5.35022e-05 0.00436755 0)
(4.95356e-05 0.00438711 0)
(4.58204e-05 0.00440546 0)
(4.23336e-05 0.00442279 0)
(3.9086e-05 0.00443929 0)
(3.60698e-05 0.00445517 0)
(3.32683e-05 0.00447064 0)
(3.0671e-05 0.00448588 0)
(2.82662e-05 0.00450109 0)
(2.60459e-05 0.00451644 0)
(2.40162e-05 0.00453211 0)
(2.2193e-05 0.0045483 0)
(2.06046e-05 0.00456519 0)
(1.92959e-05 0.00458299 0)
(1.83289e-05 0.00460191 0)
(1.77831e-05 0.00462216 0)
(1.77581e-05 0.00464401 0)
(1.83759e-05 0.00466772 0)
(1.97863e-05 0.00469359 0)
(2.21771e-05 0.00472198 0)
(2.5788e-05 0.00475331 0)
(3.09339e-05 0.00478808 0)
(3.80384e-05 0.00482695 0)
(4.76828e-05 0.00487069 0)
(6.06725e-05 0.00492034 0)
(7.81178e-05 0.00497718 0)
(0.000101519 0.00504289 0)
(0.000132821 0.00511956 0)
(0.000174408 0.0052098 0)
(0.000229004 0.00531672 0)
(0.000299466 0.00544383 0)
(0.000388452 0.00559492 0)
(0.000497863 0.00577409 0)
(0.000627905 0.00598574 0)
(0.000775778 0.00623435 0)
(0.00093448 0.00652368 0)
(0.00109265 0.00685523 0)
(0.00123622 0.00722624 0)
(0.00135182 0.00762827 0)
(0.00143037 0.00804805 0)
(0.00146905 0.00847118 0)
(0.00147045 0.00888534 0)
(0.00144005 0.00928152 0)
(0.0013839 0.0096538 0)
(0.00130739 0.00999832 0)
(0.00121508 0.0103125 0)
(0.00111074 0.0105945 0)
(0.000997501 0.0108432 0)
(0.000877971 0.011058 0)
(0.00075431 0.0112387 0)
(0.000628349 0.0113853 0)
(0.00050172 0.0114982 0)
(0.000375827 0.011578 0)
(0.000251956 0.0116254 0)
(0.000131324 0.0116416 0)
(1.59603e-05 0.0116275 0)
(-9.18393e-05 0.0115875 0)
(-0.000195409 0.0115254 0)
(-0.000295804 0.0114395 0)
(-0.00039113 0.0113319 0)
(-0.000482549 0.0112044 0)
(-0.00056991 0.0110574 0)
(-0.000652878 0.0108926 0)
(-0.000731823 0.0107116 0)
(-0.000806598 0.0105152 0)
(-0.000877186 0.0103051 0)
(-0.000943712 0.0100824 0)
(-0.00100615 0.00984835 0)
(-0.00106457 0.0096043 0)
(-0.00111908 0.00935134 0)
(-0.00116975 0.00909063 0)
(-0.00121673 0.00882327 0)
(-0.00126017 0.00855027 0)
(-0.00130024 0.00827261 0)
(-0.00133715 0.00799122 0)
(-0.0013711 0.00770694 0)
(-0.00140235 0.00742057 0)
(-0.00143115 0.00713282 0)
(-0.00145779 0.00684437 0)
(-0.00148258 0.0065558 0)
(-0.00150583 0.00626766 0)
(-0.00152789 0.00598042 0)
(-0.00154911 0.00569447 0)
(-0.00156989 0.00541019 0)
(-0.00159062 0.00512784 0)
(-0.00161174 0.00484768 0)
(-0.00163371 0.00456986 0)
(-0.00165703 0.0042945 0)
(-0.00168221 0.00402162 0)
(-0.00170984 0.00375117 0)
(-0.00174051 0.00348298 0)
(-0.00177488 0.00321674 0)
(-0.0018136 0.00295198 0)
(-0.00185732 0.00268805 0)
(-0.00190668 0.00242411 0)
(-0.00196223 0.00215914 0)
(-0.0020244 0.00189206 0)
(-0.00209355 0.00162183 0)
(-0.00216999 0.00134755 0)
(-0.00225408 0.00106865 0)
(-0.00234566 0.000784885 0)
(-0.00244377 0.000496623 0)
(-0.00255326 0.000204946 0)
(-0.00267824 -9.1775e-05 0)
(-0.00281506 -0.000393975 0)
(-0.00296564 -0.00070029 0)
(-0.00313684 -0.00101163 0)
(-0.00333223 -0.00133144 0)
(-0.00355297 -0.00165803 0)
(-0.00380583 -0.00200678 0)
(-0.00408354 -0.00234485 0)
(-0.00441881 -0.00275321 0)
(-0.00475395 -0.00306262 0)
(-0.00522041 -0.00362568 0)
(-0.00554341 -0.0037418 0)
(-0.00619812 -0.00474676 0)
(-0.00600627 -0.00404384 0)
)
;
    }
    frontAndBack
    {
        type            empty;
    }
}


// ************************************************************************* //
