/*--------------------------------*- C++ -*----------------------------------*\
  =========                 |
  \\      /  F ield         | OpenFOAM: The Open Source CFD Toolbox
   \\    /   O peration     | Website:  https://openfoam.org
    \\  /    A nd           | Version:  7
     \\/     M anipulation  |
\*---------------------------------------------------------------------------*/
FoamFile
{
    version     2.0;
    format      ascii;
    class       volVectorField;
    location    "0.37";
    object      wallShearStress;
}
// * * * * * * * * * * * * * * * * * * * * * * * * * * * * * * * * * * * * * //

dimensions      [0 2 -2 0 0 0 0];

internalField   uniform (0 0 0);

boundaryField
{
    velocityInlet
    {
        type            calculated;
        value           uniform (0 0 0);
    }
    pressureOutlet
    {
        type            calculated;
        value           uniform (0 0 0);
    }
    fixedWalls
    {
        type            calculated;
        value           nonuniform List<vector> 
100
(
(-0.0157676 -0.00571526 0)
(0.0033211 -0.00103016 0)
(-0.00116537 0.000394521 0)
(-0.000127751 1.92719e-05 0)
(-0.00104675 5.48916e-05 0)
(-0.000947984 2.41888e-05 0)
(-0.00131477 2.19772e-05 0)
(-0.00156065 4.91174e-05 0)
(-0.00222854 0.000106302 0)
(-0.00323525 0.000173489 0)
(-0.00452871 0.000212312 0)
(-0.00573452 0.000209255 0)
(-0.00633602 0.000130793 0)
(-0.00547269 -0.000156528 0)
(-0.00180612 -0.000639731 0)
(0.00424915 -0.0010252 0)
(0.0104207 -0.0010533 0)
(0.0141238 -0.000594577 0)
(0.0140167 6.42187e-05 0)
(0.0106777 0.000533986 0)
(0.00604079 0.000641236 0)
(0.00173789 0.000512807 0)
(-0.00139118 0.00036165 0)
(-0.00333926 0.000214758 0)
(-0.0050721 0.000190483 0)
(-0.00693295 0.00019291 0)
(-0.00796741 0.000136446 0)
(-0.00731298 -6.80208e-05 0)
(-0.00530712 -0.000246758 0)
(-0.00329259 -0.000229679 0)
(-0.00213309 -0.000122423 0)
(-0.00159873 -5.69158e-05 0)
(-0.00122647 -4.75741e-05 0)
(-0.000761101 -6.89856e-05 0)
(-0.000140977 -9.22653e-05 0)
(0.000563707 -0.000104674 0)
(0.00120199 -9.71188e-05 0)
(0.00165237 -7.08684e-05 0)
(0.00182187 -3.46225e-05 0)
(0.00168547 7.91192e-06 0)
(0.0012775 4.45908e-05 0)
(0.000687695 6.55451e-05 0)
(2.47553e-05 7.28658e-05 0)
(-0.000626207 7.17689e-05 0)
(-0.00120345 6.30171e-05 0)
(-0.0016809 5.1777e-05 0)
(-0.002056 4.07999e-05 0)
(-0.00233918 3.12737e-05 0)
(-0.00254375 2.32969e-05 0)
(-0.00267968 1.62765e-05 0)
(-0.00275231 9.91354e-06 0)
(-0.00276473 3.68577e-06 0)
(-0.00272183 -2.46444e-06 0)
(-0.00263361 -7.44059e-06 0)
(-0.00251549 -1.06179e-05 0)
(-0.00238589 -1.16684e-05 0)
(-0.00226212 -1.074e-05 0)
(-0.00215685 -8.3856e-06 0)
(-0.00207594 -5.34252e-06 0)
(-0.00201741 -2.45084e-06 0)
(-0.00197087 -7.09227e-07 0)
(-0.00191755 -1.26104e-06 0)
(-0.00183275 -4.96917e-06 0)
(-0.00169133 -1.19428e-05 0)
(-0.00147534 -2.14458e-05 0)
(-0.00118329 -3.14697e-05 0)
(-0.000842672 -3.82109e-05 0)
(-0.000518758 -3.69017e-05 0)
(-0.000304826 -2.44762e-05 0)
(-0.000286596 -3.75248e-06 0)
(-0.000491026 1.89009e-05 0)
(-0.000864784 3.55991e-05 0)
(-0.00130775 4.15457e-05 0)
(-0.00172299 3.76049e-05 0)
(-0.0020471 2.83512e-05 0)
(-0.00225713 1.7761e-05 0)
(-0.00236127 8.54249e-06 0)
(-0.0023841 1.95578e-06 0)
(-0.00235494 -2.17957e-06 0)
(-0.00230047 -3.84655e-06 0)
(-0.00223959 -3.84293e-06 0)
(-0.00218078 -3.1522e-06 0)
(-0.00211915 -3.06693e-06 0)
(-0.0020351 -5.22376e-06 0)
(-0.0018992 -1.04874e-05 0)
(-0.00169032 -1.76407e-05 0)
(-0.00141893 -2.31747e-05 0)
(-0.00113456 -2.37183e-05 0)
(-0.000907395 -1.7777e-05 0)
(-0.000790408 -8.37788e-06 0)
(-0.000811264 1.88799e-06 0)
(-0.000943046 9.71741e-06 0)
(-0.0011795 1.6277e-05 0)
(-0.0014331 1.77268e-05 0)
(-0.00176069 2.09775e-05 0)
(-0.00199086 1.77529e-05 0)
(-0.00233094 2.02927e-05 0)
(-0.00249679 1.51136e-05 0)
(-0.00275277 1.6518e-05 0)
(-0.00303465 1.16179e-05 0)
)
;
    }
    bottomWall
    {
        type            calculated;
        value           nonuniform List<vector> 
800
(
(-0.0353488 0.00214397 0)
(-0.0160267 0.000524824 0)
(-0.0106083 0.000100702 0)
(-0.00845685 3.52443e-05 0)
(-0.00748764 1.98431e-05 0)
(-0.00685456 1.6102e-05 0)
(-0.00634771 1.33352e-05 0)
(-0.0059372 1.08788e-05 0)
(-0.00560306 9.0572e-06 0)
(-0.00532483 7.74114e-06 0)
(-0.00508794 6.74501e-06 0)
(-0.00488291 5.95844e-06 0)
(-0.0047033 5.32123e-06 0)
(-0.00454435 4.79606e-06 0)
(-0.0044025 4.3572e-06 0)
(-0.00427495 3.98588e-06 0)
(-0.00415953 3.66824e-06 0)
(-0.0040545 3.39403e-06 0)
(-0.00395842 3.15517e-06 0)
(-0.00387017 2.94556e-06 0)
(-0.00378875 2.76044e-06 0)
(-0.00371338 2.59591e-06 0)
(-0.00364338 2.4489e-06 0)
(-0.00357816 2.31679e-06 0)
(-0.00351724 2.19757e-06 0)
(-0.00346019 2.08957e-06 0)
(-0.00340664 1.99137e-06 0)
(-0.00335626 1.90167e-06 0)
(-0.00330878 1.81958e-06 0)
(-0.00326393 1.74431e-06 0)
(-0.00322151 1.67477e-06 0)
(-0.00318132 1.61062e-06 0)
(-0.00314317 1.55122e-06 0)
(-0.00310693 1.49605e-06 0)
(-0.00307243 1.44475e-06 0)
(-0.00303957 1.39686e-06 0)
(-0.00300823 1.3522e-06 0)
(-0.00297829 1.31032e-06 0)
(-0.00294967 1.27116e-06 0)
(-0.00292229 1.23442e-06 0)
(-0.00289605 1.19984e-06 0)
(-0.0028709 1.1672e-06 0)
(-0.00284676 1.1365e-06 0)
(-0.00282358 1.1075e-06 0)
(-0.0028013 1.08021e-06 0)
(-0.00277987 1.05407e-06 0)
(-0.00275923 1.02967e-06 0)
(-0.00273937 1.00585e-06 0)
(-0.00272021 9.84454e-07 0)
(-0.00270174 9.61637e-07 0)
(-0.0026863 9.42879e-07 0)
(-0.00267354 9.32131e-07 0)
(-0.00266095 9.18569e-07 0)
(-0.00264855 9.0416e-07 0)
(-0.00263633 8.90411e-07 0)
(-0.00262431 8.77572e-07 0)
(-0.00261244 8.64947e-07 0)
(-0.00260076 8.52558e-07 0)
(-0.00258924 8.40761e-07 0)
(-0.00257787 8.28888e-07 0)
(-0.00256667 8.17429e-07 0)
(-0.00255562 8.0638e-07 0)
(-0.00254472 7.95239e-07 0)
(-0.00253398 7.84671e-07 0)
(-0.00252337 7.7434e-07 0)
(-0.0025129 7.64079e-07 0)
(-0.00250257 7.5405e-07 0)
(-0.00249238 7.44252e-07 0)
(-0.00248232 7.34851e-07 0)
(-0.00247239 7.25512e-07 0)
(-0.00246258 7.16399e-07 0)
(-0.0024529 7.07345e-07 0)
(-0.00244334 6.98681e-07 0)
(-0.00243389 6.9024e-07 0)
(-0.00242456 6.8185e-07 0)
(-0.00241534 6.73679e-07 0)
(-0.00240624 6.65559e-07 0)
(-0.00239724 6.57818e-07 0)
(-0.00238835 6.50124e-07 0)
(-0.00237957 6.42641e-07 0)
(-0.00237088 6.35201e-07 0)
(-0.0023623 6.27968e-07 0)
(-0.0023538 6.20942e-07 0)
(-0.00234542 6.13788e-07 0)
(-0.00233712 6.07004e-07 0)
(-0.00232892 6.00423e-07 0)
(-0.0023208 5.93878e-07 0)
(-0.00231278 5.87366e-07 0)
(-0.00230484 5.80888e-07 0)
(-0.002297 5.74777e-07 0)
(-0.00228923 5.68697e-07 0)
(-0.00228155 5.62649e-07 0)
(-0.00227394 5.56798e-07 0)
(-0.00226642 5.50978e-07 0)
(-0.00225898 5.45353e-07 0)
(-0.00225161 5.39758e-07 0)
(-0.00224432 5.34191e-07 0)
(-0.0022371 5.28819e-07 0)
(-0.00222996 5.23639e-07 0)
(-0.00222289 5.18487e-07 0)
(-0.00221588 5.13193e-07 0)
(-0.00220896 5.08258e-07 0)
(-0.00220209 5.03346e-07 0)
(-0.00219529 4.9846e-07 0)
(-0.00218856 4.93762e-07 0)
(-0.00218189 4.89087e-07 0)
(-0.00217528 4.84434e-07 0)
(-0.00216875 4.79803e-07 0)
(-0.00216227 4.75525e-07 0)
(-0.00215584 4.71102e-07 0)
(-0.00214948 4.66697e-07 0)
(-0.00214318 4.62313e-07 0)
(-0.00213695 4.58113e-07 0)
(-0.00213076 4.54266e-07 0)
(-0.00212462 4.50103e-07 0)
(-0.00211855 4.45957e-07 0)
(-0.00211253 4.42161e-07 0)
(-0.00210656 4.38215e-07 0)
(-0.00210065 4.34452e-07 0)
(-0.00209478 4.30704e-07 0)
(-0.00208897 4.26804e-07 0)
(-0.00208321 4.23253e-07 0)
(-0.0020775 4.19716e-07 0)
(-0.00207184 4.16027e-07 0)
(-0.00206623 4.12517e-07 0)
(-0.00206066 4.09022e-07 0)
(-0.00205514 4.05539e-07 0)
(-0.00204967 4.02236e-07 0)
(-0.00204424 3.98945e-07 0)
(-0.00203886 3.95667e-07 0)
(-0.00203352 3.92401e-07 0)
(-0.00202823 3.89311e-07 0)
(-0.00202298 3.86067e-07 0)
(-0.00201777 3.82836e-07 0)
(-0.00201261 3.7995e-07 0)
(-0.00200748 3.76908e-07 0)
(-0.0020024 3.7371e-07 0)
(-0.00199736 3.70687e-07 0)
(-0.00199236 3.68013e-07 0)
(-0.0019874 3.65175e-07 0)
(-0.00198247 3.62027e-07 0)
(-0.0019776 3.59202e-07 0)
(-0.00197275 3.56585e-07 0)
(-0.00196794 3.53931e-07 0)
(-0.00196317 3.51191e-07 0)
(-0.00195844 3.48359e-07 0)
(-0.00195374 3.45845e-07 0)
(-0.00194908 3.42978e-07 0)
(-0.00194446 3.40517e-07 0)
(-0.00193987 3.37888e-07 0)
(-0.00193601 3.35272e-07 0)
(-0.00193286 3.33976e-07 0)
(-0.0019297 3.32326e-07 0)
(-0.00192654 3.3035e-07 0)
(-0.00192337 3.28652e-07 0)
(-0.0019202 3.27004e-07 0)
(-0.00191702 3.25353e-07 0)
(-0.00191384 3.23486e-07 0)
(-0.00191065 3.21624e-07 0)
(-0.00190746 3.19996e-07 0)
(-0.00190426 3.18373e-07 0)
(-0.00190105 3.16537e-07 0)
(-0.00189785 3.14917e-07 0)
(-0.00189463 3.13099e-07 0)
(-0.00189142 3.11273e-07 0)
(-0.0018882 3.09683e-07 0)
(-0.00188497 3.07877e-07 0)
(-0.00188174 3.06292e-07 0)
(-0.0018785 3.04501e-07 0)
(-0.00187527 3.02715e-07 0)
(-0.00187202 3.00936e-07 0)
(-0.00186878 2.99166e-07 0)
(-0.00186553 2.97604e-07 0)
(-0.00186228 2.95851e-07 0)
(-0.00185902 2.94096e-07 0)
(-0.00185576 2.92353e-07 0)
(-0.00185249 2.90615e-07 0)
(-0.00184923 2.89083e-07 0)
(-0.00184595 2.87357e-07 0)
(-0.00184268 2.85445e-07 0)
(-0.0018394 2.83731e-07 0)
(-0.00183612 2.82032e-07 0)
(-0.00183284 2.80334e-07 0)
(-0.00182955 2.78645e-07 0)
(-0.00182626 2.76962e-07 0)
(-0.00182297 2.75287e-07 0)
(-0.00181967 2.73431e-07 0)
(-0.00181638 2.71774e-07 0)
(-0.00181308 2.70119e-07 0)
(-0.00180978 2.68478e-07 0)
(-0.00180647 2.6684e-07 0)
(-0.00180316 2.65032e-07 0)
(-0.00179986 2.63411e-07 0)
(-0.00179654 2.618e-07 0)
(-0.00179323 2.6002e-07 0)
(-0.00178991 2.58251e-07 0)
(-0.0017866 2.56664e-07 0)
(-0.00178328 2.55092e-07 0)
(-0.00177996 2.53521e-07 0)
(-0.00177663 2.51796e-07 0)
(-0.00177332 2.50076e-07 0)
(-0.00176999 2.48539e-07 0)
(-0.00176666 2.47008e-07 0)
(-0.00176333 2.45323e-07 0)
(-0.00176 2.43644e-07 0)
(-0.00175667 2.42147e-07 0)
(-0.00175334 2.40652e-07 0)
(-0.00175 2.3901e-07 0)
(-0.00174667 2.37374e-07 0)
(-0.00174333 2.3591e-07 0)
(-0.00173999 2.34296e-07 0)
(-0.00173665 2.32849e-07 0)
(-0.0017333 2.31254e-07 0)
(-0.00172996 2.29672e-07 0)
(-0.00172662 2.28249e-07 0)
(-0.00172327 2.26688e-07 0)
(-0.00171993 2.25283e-07 0)
(-0.00171658 2.2374e-07 0)
(-0.00171323 2.22202e-07 0)
(-0.00170988 2.20826e-07 0)
(-0.00170653 2.19309e-07 0)
(-0.00170318 2.17954e-07 0)
(-0.00169982 2.16452e-07 0)
(-0.00169647 2.14981e-07 0)
(-0.00169311 2.13635e-07 0)
(-0.00168975 2.12344e-07 0)
(-0.00168638 2.10853e-07 0)
(-0.00168303 2.09484e-07 0)
(-0.00167966 2.08229e-07 0)
(-0.00167629 2.07e-07 0)
(-0.00167293 2.05452e-07 0)
(-0.00166955 2.04666e-07 0)
(-0.00166618 2.02854e-07 0)
(-0.00166279 2.02364e-07 0)
(-0.00165943 2.00082e-07 0)
(-0.001656 2.01094e-07 0)
(-0.00165266 1.96662e-07 0)
(-0.00164918 2.00513e-07 0)
(-0.00164591 1.9196e-07 0)
(-0.00164231 2.02801e-07 0)
(-0.00163917 1.84354e-07 0)
(-0.00163532 2.09965e-07 0)
(-0.00163249 1.69822e-07 0)
(-0.00162817 2.27635e-07 0)
(-0.00162593 1.41831e-07 0)
(-0.00162076 2.64043e-07 0)
(-0.00161955 8.93399e-08 0)
(-0.00161308 3.29236e-07 0)
(-0.00161335 6.39634e-09 0)
(-0.00160515 3.61926e-07 0)
(-0.0353486 -0.002144 0)
(-0.0160256 -0.000524872 0)
(-0.0106058 -0.00010076 0)
(-0.0084527 -3.53024e-05 0)
(-0.0074817 -1.99048e-05 0)
(-0.00684664 -1.61692e-05 0)
(-0.0063376 -1.34072e-05 0)
(-0.0059248 -1.09552e-05 0)
(-0.00558825 -9.13796e-06 0)
(-0.00530752 -7.82616e-06 0)
(-0.00506804 -6.83426e-06 0)
(-0.00486035 -6.05173e-06 0)
(-0.00467799 -5.41863e-06 0)
(-0.00451623 -4.89795e-06 0)
(-0.00437148 -4.46377e-06 0)
(-0.00424096 -4.09742e-06 0)
(-0.00412248 -3.78512e-06 0)
(-0.0040143 -3.51664e-06 0)
(-0.00391498 -3.28417e-06 0)
(-0.00382335 -3.08164e-06 0)
(-0.00373845 -2.90424e-06 0)
(-0.00365947 -2.74837e-06 0)
(-0.00358569 -2.61092e-06 0)
(-0.00351654 -2.48947e-06 0)
(-0.0034515 -2.38228e-06 0)
(-0.00339012 -2.28785e-06 0)
(-0.00333201 -2.20464e-06 0)
(-0.00327682 -2.13208e-06 0)
(-0.00322424 -2.06939e-06 0)
(-0.00317397 -2.01621e-06 0)
(-0.00312576 -1.972e-06 0)
(-0.00307935 -1.93757e-06 0)
(-0.00303451 -1.91187e-06 0)
(-0.00299098 -1.89775e-06 0)
(-0.00294856 -1.89168e-06 0)
(-0.00290698 -1.90149e-06 0)
(-0.00286603 -1.91728e-06 0)
(-0.00282536 -1.95886e-06 0)
(-0.00278477 -1.99801e-06 0)
(-0.00274393 -2.08128e-06 0)
(-0.00270222 -2.14338e-06 0)
(-0.00266033 -2.26955e-06 0)
(-0.00261502 -2.35378e-06 0)
(-0.00257297 -2.46812e-06 0)
(-0.00251861 -2.57699e-06 0)
(-0.00248441 -2.42504e-06 0)
(-0.00240822 -2.5161e-06 0)
(-0.00241013 -1.01947e-06 0)
(-0.00230155 -3.92937e-06 0)
(-0.00223032 0.000164553 0)
(2.91011e-05 -1.00078e-05 0)
(3.6227e-05 -8.38492e-05 0)
(1.97494e-05 -0.000143913 0)
(1.15955e-05 -0.000168955 0)
(1.8565e-05 -0.000190201 0)
(2.96039e-05 -0.000223179 0)
(3.81385e-05 -0.000270086 0)
(4.26526e-05 -0.000326301 0)
(4.41306e-05 -0.000386482 0)
(4.4136e-05 -0.000447021 0)
(4.3753e-05 -0.000506345 0)
(4.34994e-05 -0.000564094 0)
(4.35674e-05 -0.000620442 0)
(4.39944e-05 -0.000675712 0)
(4.47675e-05 -0.0007302 0)
(4.58325e-05 -0.000784143 0)
(4.69738e-05 -0.000837688 0)
(4.75529e-05 -0.000890694 0)
(4.62782e-05 -0.000942024 0)
(4.15385e-05 -0.000988478 0)
(3.21397e-05 -0.00102523 0)
(1.76148e-05 -0.00104429 0)
(-3.0712e-06 -0.00103821 0)
(-3.47081e-05 -0.000999594 0)
(-7.7586e-05 -0.000920529 0)
(-0.000126548 -0.000799413 0)
(-0.000176264 -0.000638069 0)
(-0.000223096 -0.000435052 0)
(-0.0002561 -0.000193442 0)
(-0.000267379 5.71749e-05 0)
(-0.000266866 0.000296031 0)
(-0.000253335 0.000519563 0)
(-0.000224475 0.000715486 0)
(-0.000182332 0.000870278 0)
(-0.000131715 0.000976307 0)
(-7.81409e-05 0.00103599 0)
(-2.62866e-05 0.00104883 0)
(2.18338e-05 0.001018 0)
(6.48499e-05 0.000948545 0)
(0.000101858 0.000846083 0)
(0.000132303 0.000716706 0)
(0.000155896 0.0005667 0)
(0.000172751 0.000402096 0)
(0.000183272 0.000228158 0)
(0.000187166 5.02504e-05 0)
(0.000187301 -0.000127751 0)
(0.000182177 -0.000302957 0)
(0.000171665 -0.000468208 0)
(0.000158324 -0.000622496 0)
(0.000143537 -0.000767067 0)
(0.000127385 -0.000900436 0)
(0.000109912 -0.00102131 0)
(9.11476e-05 -0.00112924 0)
(7.08419e-05 -0.00122372 0)
(4.85777e-05 -0.00130398 0)
(2.42978e-05 -0.00136895 0)
(-1.83501e-06 -0.00141795 0)
(-3.08315e-05 -0.00145032 0)
(-6.36431e-05 -0.00146354 0)
(-9.79867e-05 -0.00145506 0)
(-0.00012937 -0.00142631 0)
(-0.000159059 -0.00138171 0)
(-0.000198052 -0.00132311 0)
(-0.000256564 -0.00123928 0)
(-0.000319679 -0.00111381 0)
(-0.000346793 -0.000945728 0)
(-0.000310917 -0.000761593 0)
(-0.000223272 -0.000594843 0)
(-0.000117705 -0.000467204 0)
(-1.93029e-05 -0.000375229 0)
(5.92595e-05 -0.000312011 0)
(0.000115246 -0.000272114 0)
(0.000150111 -0.000251651 0)
(0.000164975 -0.00024586 0)
(0.000162241 -0.000247318 0)
(0.000148896 -0.000250858 0)
(0.000135408 -0.000258013 0)
(0.000128572 -0.000276708 0)
(0.000127376 -0.000310024 0)
(0.000130096 -0.000352718 0)
(0.000139506 -0.000399896 0)
(0.000155619 -0.000452477 0)
(0.000171066 -0.000512016 0)
(0.000176119 -0.000576308 0)
(0.000165398 -0.000638609 0)
(0.000140059 -0.000691863 0)
(0.000105978 -0.000732606 0)
(6.90307e-05 -0.000760297 0)
(3.30961e-05 -0.000774713 0)
(8.58654e-07 -0.000774823 0)
(-2.58921e-05 -0.000760461 0)
(-4.6536e-05 -0.000732805 0)
(-6.23995e-05 -0.00069483 0)
(-7.74587e-05 -0.000649082 0)
(-9.62285e-05 -0.000595171 0)
(-0.000120617 -0.000530143 0)
(-0.000148993 -0.000451557 0)
(-0.000177821 -0.000360434 0)
(-0.000203892 -0.00026084 0)
(-0.000224307 -0.00015711 0)
(-0.000235764 -5.31253e-05 0)
(-0.000235188 4.6471e-05 0)
(-0.000221438 0.000136272 0)
(-0.00019587 0.000211475 0)
(-0.000161704 0.000268941 0)
(-0.000123088 0.00030748 0)
(-8.42499e-05 0.00032784 0)
(-4.87767e-05 0.000332206 0)
(-1.93727e-05 0.000323578 0)
(1.95372e-06 0.000305725 0)
(1.46395e-05 0.000282764 0)
(1.90759e-05 0.000258398 0)
(1.65159e-05 0.000235751 0)
(8.71391e-06 0.000217013 0)
(-2.47827e-06 0.000203454 0)
(-1.52608e-05 0.000195626 0)
(-2.8009e-05 0.000193514 0)
(-3.91889e-05 0.00019674 0)
(-4.73234e-05 0.000204619 0)
(-5.0987e-05 0.000216046 0)
(-4.92186e-05 0.000229576 0)
(-4.17031e-05 0.000243806 0)
(-2.88853e-05 0.00025776 0)
(-1.18394e-05 0.000271693 0)
(8.22767e-06 0.000286242 0)
(3.00728e-05 0.000302407 0)
(5.18458e-05 0.000320494 0)
(6.98888e-05 0.000339786 0)
(7.79354e-05 0.000359214 0)
(6.73358e-05 0.000378732 0)
(2.85751e-05 0.000401198 0)
(-4.56323e-05 0.000434074 0)
(-0.000156141 0.000489018 0)
(-0.000294459 0.000578569 0)
(-0.000442834 0.000712009 0)
(-0.000577526 0.000889877 0)
(-0.00067674 0.00109936 0)
(-0.00073056 0.00131703 0)
(-0.000744619 0.00152218 0)
(-0.000731608 0.00170712 0)
(-0.000701362 0.00187305 0)
(-0.00065935 0.0020217 0)
(-0.000609209 0.0021533 0)
(-0.00055381 0.00226799 0)
(-0.000495334 0.00236623 0)
(-0.000435408 0.00244862 0)
(-0.000375268 0.0025158 0)
(-0.000315899 0.00256847 0)
(-0.000258088 0.00260738 0)
(-0.000202468 0.00263344 0)
(-0.000149347 0.00264781 0)
(-9.87905e-05 0.00265137 0)
(-5.16788e-05 0.00264483 0)
(-7.72953e-06 0.00263009 0)
(3.41052e-05 0.00260763 0)
(7.36958e-05 0.002578 0)
(0.000111287 0.00254185 0)
(0.000147124 0.00249961 0)
(0.000181416 0.00245177 0)
(0.0002144 0.00239869 0)
(0.000246302 0.00234072 0)
(0.000277325 0.00227811 0)
(0.00030764 0.0022111 0)
(0.000337412 0.00213985 0)
(0.000366746 0.0020645 0)
(0.000395727 0.00198514 0)
(0.000424395 0.00190186 0)
(0.000452732 0.00181469 0)
(0.000480665 0.00172366 0)
(0.000508041 0.00162879 0)
(0.00053461 0.00153012 0)
(0.0005601 0.00142768 0)
(0.000584134 0.00132146 0)
(0.000606077 0.00121131 0)
(0.000628072 0.00110306 0)
(0.000648404 0.000993815 0)
(0.000664983 0.000880752 0)
(0.000676427 0.00076367 0)
(0.000681261 0.000642914 0)
(0.0006779 0.00051933 0)
(0.000664836 0.000394381 0)
(0.000640877 0.000270185 0)
(0.000605255 0.000149397 0)
(0.000557676 3.5066e-05 0)
(0.000498607 -6.95539e-05 0)
(0.000429639 -0.000161212 0)
(0.000355576 -0.000238487 0)
(0.000280473 -0.000303011 0)
(0.000201741 -0.000351505 0)
(0.000122117 -0.000383568 0)
(4.43665e-05 -0.000399175 0)
(-2.90392e-05 -0.000399055 0)
(-9.60497e-05 -0.000384376 0)
(-0.00015419 -0.000356981 0)
(-0.000206465 -0.000331396 0)
(-0.000245443 -0.000302567 0)
(-0.000282237 -0.000298192 0)
(-0.000347142 -0.000360842 0)
(-0.00047612 -0.000529768 0)
(-0.000680477 -0.000819216 0)
(1.69042e-07 -2.86838e-05 0)
(4.92279e-05 -3.90842e-05 0)
(8.79863e-05 -2.98934e-05 0)
(9.86633e-05 -8.39487e-06 0)
(8.96652e-05 4.38182e-06 0)
(8.0861e-05 6.33445e-06 0)
(7.92063e-05 1.10574e-05 0)
(7.39353e-05 2.63317e-05 0)
(5.32839e-05 4.46643e-05 0)
(2.3067e-05 5.2626e-05 0)
(-1.19185e-06 4.8436e-05 0)
(-1.68533e-05 3.6031e-05 0)
(-3.0633e-05 2.27858e-05 0)
(-4.89245e-05 2.14466e-05 0)
(-7.90184e-05 3.23505e-05 0)
(-0.000122478 4.31518e-05 0)
(-0.00017276 4.90108e-05 0)
(-0.000225857 5.0627e-05 0)
(-0.000277662 4.64492e-05 0)
(-0.000322627 3.59131e-05 0)
(-0.000355486 1.98225e-05 0)
(-0.000372381 -7.49438e-07 0)
(-0.000372501 -2.49806e-05 0)
(-0.000355728 -5.13937e-05 0)
(-0.000318226 -7.55848e-05 0)
(-0.00026298 -9.38372e-05 0)
(-0.000191895 -0.000104642 0)
(-0.000116433 -0.000109803 0)
(-4.69937e-05 -0.000102343 0)
(7.463e-06 -6.43959e-05 0)
(3.59696e-05 1.58156e-05 0)
(3.64214e-05 0.000121923 0)
(1.96897e-05 0.000202972 0)
(4.0859e-06 0.000202894 0)
(2.74423e-05 9.36428e-05 0)
(0.000135344 -9.56406e-05 0)
(0.000354965 -0.000282966 0)
(0.000635289 -0.000349488 0)
(0.000868863 -0.000305809 0)
(0.0010385 -0.000260065 0)
(0.00118406 -0.000227037 0)
(0.00130642 -0.000189835 0)
(0.00140241 -0.000157639 0)
(0.00148023 -0.000131209 0)
(0.00154316 -0.000108944 0)
(0.00159538 -9.32064e-05 0)
(0.00164229 -8.38703e-05 0)
(0.00168832 -7.96593e-05 0)
(0.00173654 -7.94109e-05 0)
(0.0017885 -8.15096e-05 0)
(0.00184421 -8.41683e-05 0)
(0.00190259 -8.53551e-05 0)
(0.00196065 -8.30484e-05 0)
(0.00201434 -7.5356e-05 0)
(0.00205806 -6.05615e-05 0)
(0.00208642 -3.7198e-05 0)
(0.0020908 -3.85664e-06 0)
(0.00206285 3.85492e-05 0)
(0.00199934 8.75909e-05 0)
(0.0018952 0.000142025 0)
(0.00174663 0.000198215 0)
(0.00155243 0.000253577 0)
(0.00131317 0.000306418 0)
(0.00103151 0.000355213 0)
(0.000711493 0.000398714 0)
(0.000358242 0.000435677 0)
(-2.16276e-05 0.000465197 0)
(-0.000423912 0.000486389 0)
(-0.00084001 0.000495032 0)
(-0.00125792 0.000490937 0)
(-0.00166735 0.000472196 0)
(-0.00205554 0.000436891 0)
(-0.00240864 0.000385682 0)
(-0.00271433 0.000321805 0)
(-0.00296382 0.000250605 0)
(-0.00315361 0.000178591 0)
(-0.00328598 0.00011193 0)
(-0.00336819 5.53309e-05 0)
(-0.00341068 1.08782e-05 0)
(-0.00342458 -2.28896e-05 0)
(-0.0034185 -5.029e-05 0)
(-0.00339696 -7.85255e-05 0)
(-0.00335781 -0.000116924 0)
(-0.00329248 -0.00017381 0)
(-0.00318667 -0.000258185 0)
(-0.00301681 -0.000376312 0)
(-0.00275564 -0.000526653 0)
(-0.00237173 -0.000702033 0)
(-0.00185274 -0.000863505 0)
(-0.0011645 -0.00100591 0)
(-0.000226471 -0.000813246 0)
(0.000325075 -2.30599e-05 0)
(0.000312052 0.000374567 0)
(0.000240644 0.00020771 0)
(0.000202641 6.89026e-05 0)
(0.000186985 3.59221e-05 0)
(0.000204171 8.81027e-06 0)
(0.000200197 4.51793e-05 0)
(0.000120934 8.92589e-05 0)
(2.33476e-06 7.20721e-05 0)
(7.27517e-05 1.92333e-05 0)
(0.000153539 0.000168479 0)
(0.000266235 0.000445583 0)
(0.000235171 0.000801747 0)
(2.90183e-05 0.000926213 0)
(-0.000183079 0.000715757 0)
(-0.000252354 0.000373975 0)
(-0.000256073 -1.10101e-05 0)
(-0.000200036 -0.000346192 0)
(-0.000107449 -0.000589022 0)
(6.55826e-06 -0.000702718 0)
(0.000131259 -0.000681356 0)
(0.000246215 -0.000514835 0)
(0.000281126 -0.000213177 0)
(0.000186019 0.000119461 0)
(6.21721e-05 0.00035498 0)
(-1.60298e-06 0.000476591 0)
(-2.88876e-05 0.000527409 0)
(-3.41719e-05 0.000521642 0)
(-2.05338e-05 0.000518832 0)
(9.11155e-06 0.000549275 0)
(5.05138e-05 0.000623519 0)
(9.06116e-05 0.000733452 0)
(0.000107972 0.000856679 0)
(9.13021e-05 0.000961324 0)
(4.86262e-05 0.00101973 0)
(-3.09657e-06 0.00102336 0)
(-5.03204e-05 0.000979473 0)
(-8.88668e-05 0.000900544 0)
(-0.000124352 0.000790285 0)
(-0.000160983 0.000644957 0)
(-0.000197219 0.000460628 0)
(-0.00022648 0.000239871 0)
(-0.000240389 -5.84563e-06 0)
(-0.00023087 -0.000251467 0)
(-0.00019695 -0.000462137 0)
(-0.000142248 -0.000615223 0)
(-6.59539e-05 -0.00070867 0)
(3.19306e-05 -0.000743815 0)
(0.00013886 -0.000738851 0)
(0.000240815 -0.000692928 0)
(0.000329535 -0.000623317 0)
(0.000398134 -0.000530628 0)
(0.000406185 -0.000397836 0)
(0.000279298 -0.000236301 0)
(-3.19378e-05 -0.000115258 0)
(-0.00044034 -0.000139632 0)
(-0.000750294 -0.000291578 0)
(-0.000872657 -0.000475263 0)
(-0.00079498 -0.000630402 0)
(-0.00051758 -0.000678949 0)
(-0.000104393 -0.00059122 0)
(0.000414149 -0.000304553 0)
(0.000861512 0.0002871 0)
(0.000810837 0.000863434 0)
(0.000666738 0.00123151 0)
(0.000625794 0.00153277 0)
(0.00056201 0.00184503 0)
(0.000476406 0.00209583 0)
(0.000396803 0.00230233 0)
(0.000328321 0.00247007 0)
(0.000274374 0.00260946 0)
(0.000230472 0.00272678 0)
(0.000195004 0.00282612 0)
(0.000165874 0.00291093 0)
(0.000142089 0.00298372 0)
(0.000122734 0.003047 0)
(0.000107091 0.00310266 0)
(9.45298e-05 0.0031525 0)
(8.46218e-05 0.00319784 0)
(7.69969e-05 0.00323979 0)
(7.14206e-05 0.00327935 0)
(6.76955e-05 0.00331744 0)
(6.57254e-05 0.0033548 0)
(6.54753e-05 0.00339213 0)
(6.69571e-05 0.00343002 0)
(7.01972e-05 0.00346899 0)
(7.52022e-05 0.00350948 0)
(8.19242e-05 0.00355189 0)
(9.02174e-05 0.00359646 0)
(9.98206e-05 0.00364337 0)
(0.000110341 0.00369262 0)
(0.000121235 0.00374407 0)
(0.000131855 0.00379766 0)
(0.000141478 0.00385267 0)
(0.000149364 0.00390836 0)
(0.000154863 0.00396388 0)
(0.000157498 0.0040183 0)
(0.000157068 0.00407065 0)
(0.000153694 0.00412008 0)
(0.000147771 0.00416591 0)
(0.000139937 0.0042077 0)
(0.000130966 0.00424535 0)
(0.00012166 0.00427896 0)
(0.00011276 0.00430893 0)
(0.000104851 0.00433582 0)
(9.83772e-05 0.00436023 0)
(9.36036e-05 0.00438285 0)
(9.06025e-05 0.00440432 0)
(8.93227e-05 0.00442519 0)
(8.95788e-05 0.00444593 0)
(9.1069e-05 0.00446689 0)
(9.34257e-05 0.00448825 0)
(9.62347e-05 0.00451007 0)
(9.90307e-05 0.0045323 0)
(0.000101351 0.0045547 0)
(0.000102773 0.00457695 0)
(0.000102936 0.00459863 0)
(0.000101576 0.00461923 0)
(9.8542e-05 0.00463823 0)
(9.38388e-05 0.00465511 0)
(8.76063e-05 0.00466944 0)
(8.00653e-05 0.00468085 0)
(7.15573e-05 0.00468911 0)
(6.24494e-05 0.00469411 0)
(5.30873e-05 0.00469587 0)
(4.39817e-05 0.00469445 0)
(3.54176e-05 0.00469043 0)
(2.72991e-05 0.00468408 0)
(1.98043e-05 0.00467551 0)
(1.30172e-05 0.00466514 0)
(6.9268e-06 0.00465316 0)
(1.5461e-06 0.00463989 0)
(-3.17402e-06 0.00462554 0)
(-7.27818e-06 0.00461033 0)
(-1.08429e-05 0.00459444 0)
(-1.39459e-05 0.00457801 0)
(-1.667e-05 0.00456115 0)
(-1.90899e-05 0.00454395 0)
(-2.12927e-05 0.00452646 0)
(-2.33548e-05 0.00450871 0)
(-2.5358e-05 0.00449071 0)
(-2.73721e-05 0.00447244 0)
(-2.94659e-05 0.00445389 0)
(-3.17067e-05 0.00443499 0)
(-3.41545e-05 0.00441571 0)
(-3.68732e-05 0.00439596 0)
(-3.99056e-05 0.00437567 0)
(-4.33113e-05 0.00435476 0)
(-4.7135e-05 0.00433312 0)
(-5.14129e-05 0.00431068 0)
(-5.61856e-05 0.00428731 0)
(-6.14928e-05 0.00426293 0)
(-6.73726e-05 0.00423742 0)
(-7.38418e-05 0.00421067 0)
(-8.09364e-05 0.0041826 0)
(-8.86986e-05 0.00415307 0)
(-9.71424e-05 0.00412199 0)
(-0.000106295 0.00408925 0)
(-0.000116182 0.00405475 0)
(-0.000126832 0.00401838 0)
(-0.000138279 0.00398004 0)
(-0.000150526 0.00393962 0)
(-0.000163617 0.00389704 0)
(-0.000177579 0.00385217 0)
(-0.000192429 0.00380494 0)
(-0.000208204 0.00375525 0)
(-0.000224931 0.00370301 0)
(-0.00024266 0.00364812 0)
(-0.000261423 0.00359049 0)
(-0.000281253 0.00353004 0)
(-0.000302206 0.00346667 0)
(-0.00032434 0.00340029 0)
(-0.000347713 0.00333082 0)
(-0.000372374 0.00325817 0)
(-0.000398414 0.00318225 0)
(-0.000425923 0.00310296 0)
(-0.000454989 0.00302022 0)
(-0.000485716 0.00293393 0)
(-0.000518233 0.00284399 0)
(-0.000552667 0.00275031 0)
(-0.000589185 0.00265277 0)
(-0.000627968 0.00255126 0)
(-0.000669209 0.00244565 0)
(-0.000713127 0.0023358 0)
(-0.000759962 0.00222158 0)
(-0.000810005 0.00210287 0)
(-0.000863658 0.00197948 0)
(-0.000921281 0.00185105 0)
(-0.000983535 0.00171807 0)
(-0.00106069 0.00159526 0)
(-0.0011468 0.00146708 0)
(-0.00124265 0.00133137 0)
(-0.00134803 0.00118557 0)
(-0.00146199 0.00102752 0)
(-0.00158223 0.000855434 0)
(-0.00170616 0.00066911 0)
(-0.00183438 0.000470419 0)
(-0.00196644 0.00026081 0)
(-0.0021008 4.36826e-05 0)
(-0.00224398 -0.000177972 0)
(-0.00240413 -0.000404662 0)
(-0.0025849 -0.000640434 0)
(-0.00281086 -0.000886333 0)
(-0.00307467 -0.00116334 0)
(-0.00336464 -0.00141149 0)
(-0.00370769 -0.00178447 0)
(-0.00403244 -0.00191759 0)
(-0.00446627 -0.00262465 0)
(-0.00448745 -0.0020816 0)
)
;
    }
    frontAndBack
    {
        type            empty;
    }
}


// ************************************************************************* //
