/*--------------------------------*- C++ -*----------------------------------*\
  =========                 |
  \\      /  F ield         | OpenFOAM: The Open Source CFD Toolbox
   \\    /   O peration     | Website:  https://openfoam.org
    \\  /    A nd           | Version:  7
     \\/     M anipulation  |
\*---------------------------------------------------------------------------*/
FoamFile
{
    version     2.0;
    format      ascii;
    class       volScalarField;
    location    "0.03";
    object      yPlus;
}
// * * * * * * * * * * * * * * * * * * * * * * * * * * * * * * * * * * * * * //

dimensions      [0 0 0 0 0 0 0];

internalField   uniform 0;

boundaryField
{
    velocityInlet
    {
        type            calculated;
        value           uniform 0;
    }
    pressureOutlet
    {
        type            calculated;
        value           uniform 0;
    }
    fixedWalls
    {
        type            calculated;
        value           nonuniform List<scalar> 
100
(
2.08113
0.902212
0.948028
1.0242
1.07218
1.08144
1.05794
1.01486
0.960335
0.898994
0.83533
0.774902
0.724268
0.690003
0.676568
0.684081
0.708387
0.74311
0.781789
0.819323
0.852279
0.878692
0.897722
0.909314
0.913977
0.912686
0.906699
0.897318
0.885754
0.872809
0.858645
0.843101
0.827357
0.815874
0.815138
0.830773
0.86825
0.932748
1.01979
1.10783
1.16407
1.15163
1.03921
0.820017
0.520605
0.222293
0.303811
0.593017
0.834243
1.02026
1.1652
1.26768
1.30113
1.21583
0.916139
0.434526
1.10169
1.39179
1.46565
1.35582
1.09282
0.689416
0.355107
0.726074
0.86432
0.914437
0.920973
0.906611
0.884627
0.864679
0.855316
0.862782
0.886252
0.91662
0.944843
0.97042
0.998856
1.03295
1.06769
1.0911
1.08951
1.04976
0.957059
0.795409
0.553658
0.170384
0.340594
0.253701
0.405851
0.695643
0.879446
0.973544
1.00856
1.02354
1.06253
1.12153
1.16364
1.22791
1.18262
1.27877
)
;
    }
    bottomWall
    {
        type            calculated;
        value           nonuniform List<scalar> 
800
(
2.94479
1.98392
1.61349
1.44043
1.35538
1.29684
1.24801
1.20703
1.17263
1.14321
1.11758
1.09494
1.07473
1.05656
1.0401
1.0251
1.01136
0.998726
0.987056
0.976242
0.966189
0.956819
0.948064
0.939867
0.932176
0.924949
0.918147
0.911735
0.905684
0.899967
0.894561
0.889444
0.884597
0.880003
0.875646
0.871513
0.867589
0.863863
0.860325
0.856965
0.853772
0.850741
0.84786
0.845125
0.842526
0.840061
0.837719
0.8355
0.833391
0.831395
0.829758
0.828425
0.827124
0.825861
0.82464
0.823457
0.822312
0.821205
0.820135
0.819101
0.818103
0.817141
0.816216
0.815324
0.814468
0.813645
0.812856
0.8121
0.811376
0.810684
0.810024
0.809394
0.808795
0.808225
0.807684
0.80717
0.806683
0.806224
0.80579
0.805381
0.804996
0.804634
0.804295
0.803976
0.803679
0.8034
0.80314
0.802897
0.802671
0.802459
0.802261
0.802075
0.801902
0.801739
0.801586
0.801441
0.801305
0.801176
0.801055
0.800942
0.800835
0.800735
0.800644
0.800558
0.800482
0.800414
0.800354
0.800302
0.80026
0.800226
0.800201
0.800185
0.800177
0.800178
0.800186
0.800202
0.800226
0.800256
0.800293
0.800336
0.800386
0.800441
0.800503
0.800569
0.800641
0.800718
0.800801
0.800888
0.800981
0.801079
0.801181
0.801289
0.801401
0.801519
0.80164
0.801766
0.801897
0.802031
0.802171
0.802314
0.802462
0.802613
0.802768
0.802927
0.80309
0.803257
0.803426
0.803601
0.803777
0.803958
0.804112
0.804242
0.804373
0.804507
0.804643
0.804781
0.804922
0.805066
0.805212
0.80536
0.805511
0.805664
0.80582
0.805977
0.806138
0.806301
0.806467
0.806634
0.806805
0.806978
0.807152
0.80733
0.80751
0.807692
0.807878
0.808065
0.808254
0.808446
0.80864
0.808837
0.809035
0.809237
0.80944
0.809645
0.809852
0.810062
0.810272
0.810486
0.810701
0.810919
0.811138
0.811359
0.811583
0.811808
0.812033
0.812262
0.812491
0.812723
0.812955
0.813188
0.813422
0.813658
0.813894
0.81413
0.814368
0.814606
0.814845
0.815085
0.815325
0.815565
0.815806
0.816048
0.816288
0.816529
0.816768
0.817005
0.817241
0.817474
0.817706
0.817935
0.818162
0.818387
0.818611
0.818834
0.819055
0.819274
0.81949
0.819703
0.81991
0.820112
0.820306
0.820491
0.820667
0.820833
0.820992
0.821142
0.821288
0.821425
0.821567
0.821694
0.821835
0.821948
0.822087
0.822172
0.8223
0.822337
0.822434
0.822416
0.822461
0.822375
2.94479
1.98388
1.61335
1.44015
1.35491
1.29612
1.24699
1.20565
1.17083
1.14093
1.11475
1.09149
1.07059
1.05164
1.03433
1.01841
1.00366
0.989941
0.977103
0.965036
0.953648
0.942855
0.93259
0.922792
0.913408
0.904394
0.895708
0.887316
0.879186
0.871289
0.863603
0.856104
0.848776
0.841598
0.834565
0.827657
0.820876
0.814214
0.80766
0.801263
0.794918
0.788895
0.782696
0.777368
0.771053
0.767325
0.759962
0.760145
0.750905
0.731849
0.175525
0.0973376
0.250408
0.374444
0.468895
0.545294
0.610766
0.668719
0.721045
0.768905
0.813078
0.854118
0.892438
0.928354
0.962113
0.993911
1.02391
1.05222
1.07898
1.10424
1.1281
1.15061
1.17182
1.19176
1.21047
1.22798
1.2443
1.25946
1.27346
1.28631
1.29802
1.30858
1.318
1.32627
1.33338
1.33931
1.34407
1.34764
1.34999
1.35111
1.35097
1.34956
1.34685
1.34281
1.3374
1.33058
1.32231
1.31254
1.30122
1.28828
1.27367
1.25729
1.23907
1.21889
1.19665
1.1722
1.14539
1.11603
1.0839
1.04872
1.01018
0.967846
0.92121
0.869584
0.812052
0.747343
0.673624
0.588192
0.487414
0.373377
0.331939
0.442061
0.564274
0.673458
0.772064
0.863012
0.948285
1.02926
1.10693
1.18204
1.2551
1.32648
1.3963
1.46446
1.53072
1.59486
1.65678
1.7165
1.77409
1.82963
1.88315
1.93466
1.98412
2.03143
2.07653
2.11928
2.15957
2.19727
2.23224
2.26436
2.29349
2.31952
2.34235
2.36193
2.37833
2.39181
2.40284
2.41204
2.41938
2.42535
2.42888
2.42658
2.41464
2.38953
2.34863
2.29122
2.21746
2.12698
2.0193
1.89552
1.76012
1.62584
1.50769
1.41018
1.33982
1.29926
1.28834
1.30746
1.35958
1.4546
1.6104
1.835
2.10525
2.37806
2.62567
2.8423
3.03242
3.20015
3.34775
3.47674
3.58829
3.68345
3.76323
3.82856
3.88037
3.9196
3.94711
3.96377
3.97036
3.9676
3.95678
3.93864
3.91359
3.88226
3.8451
3.80262
3.75528
3.70343
3.64747
3.58771
3.52442
3.45786
3.38821
3.31566
3.24032
3.16229
3.0816
2.99827
2.91227
2.82353
2.73193
2.63732
2.5395
2.43825
2.33331
2.22442
2.11124
1.99663
1.87825
1.75527
1.6282
1.49894
1.37254
1.25978
1.17907
1.14993
1.17406
1.23246
1.30264
1.37141
1.43512
1.4861
1.52277
1.54443
1.55107
1.54514
1.53747
1.56095
1.69442
2.03208
0.15535
0.182888
0.173928
0.251464
0.323126
0.384006
0.438014
0.487419
0.533564
0.577334
0.619341
0.660027
0.699724
0.738684
0.777104
0.815139
0.852909
0.890513
0.928025
0.965506
1.003
1.04054
1.07815
1.11584
1.15362
1.19149
1.22944
1.26746
1.30552
1.34362
1.38172
1.41979
1.4578
1.4957
1.53346
1.57104
1.60838
1.64543
1.68215
1.71847
1.75435
1.78972
1.82453
1.8587
1.89219
1.92492
1.95682
1.98783
2.01789
2.04692
2.07485
2.10162
2.12715
2.15138
2.17422
2.19562
2.2155
2.23379
2.25042
2.26532
2.27842
2.28965
2.29893
2.3062
2.31139
2.31441
2.3152
2.31371
2.30988
2.30365
2.29495
2.28373
2.2699
2.25341
2.2342
2.21218
2.18729
2.15945
2.12859
2.0946
2.0574
2.01687
1.97291
1.92536
1.87407
1.81884
1.75945
1.6956
1.62697
1.55308
1.47337
1.38705
1.29301
1.18959
1.07421
0.94278
0.789154
0.605372
0.369449
0.0958977
0.108352
0.321624
0.461826
0.56816
0.656997
0.734597
0.804123
0.867484
0.925906
0.980227
1.03104
1.07878
1.12376
1.1662
1.20627
1.24409
1.27971
1.31317
1.34447
1.37358
1.40043
1.42494
1.44699
1.46646
1.48315
1.49688
1.50739
1.51444
1.51774
1.51687
1.51132
1.50054
1.48388
1.46056
1.42956
1.38962
1.3391
1.27579
1.19662
1.09727
0.971367
0.810311
0.622572
0.619711
0.862225
1.11367
1.34887
1.57316
1.79095
2.00503
2.21662
2.4268
2.6351
2.84096
3.0429
3.23903
3.42683
3.60334
3.76547
3.91005
4.0342
4.13558
4.21316
4.26768
4.31703
4.35174
4.36689
4.36128
4.33564
4.28463
4.19227
4.03778
3.78037
3.39672
2.77291
1.47978
2.35206
3.8603
4.84028
5.49081
6.01062
6.45657
6.84205
7.17096
7.45474
7.70273
7.92287
8.11783
8.2913
8.4472
8.58844
8.71722
8.83572
8.94555
9.04762
9.14252
9.23072
9.31266
9.38867
9.45895
9.52361
9.58279
9.63665
9.68537
9.72904
9.76776
9.80166
9.83082
9.85535
9.87538
9.89132
9.90333
9.91125
9.91518
9.91519
9.91164
9.9048
9.89462
9.88134
9.865
9.84579
9.82377
9.79908
9.77179
9.74202
9.70984
9.67534
9.6386
9.59969
9.55868
9.51564
9.47063
9.4237
9.37492
9.32431
9.27192
9.2178
9.16198
9.10449
9.04535
8.98459
8.92222
8.85827
8.79274
8.72565
8.657
8.58678
8.515
8.44166
8.36674
8.29025
8.21215
8.13243
8.05108
7.96806
7.88335
7.79691
7.7087
7.61868
7.52678
7.43297
7.33717
7.23931
7.13929
7.03704
6.93245
6.8254
6.71575
6.60336
6.48807
6.36969
6.24801
6.1228
5.99381
5.86077
5.72336
5.58125
5.4341
5.28157
5.12337
4.95922
4.79049
4.63356
4.47428
4.31319
4.15179
3.99366
3.84656
3.72444
3.64966
3.64611
3.72636
3.88763
4.11563
4.39157
4.70658
5.07977
5.4373
5.88272
6.09329
)
;
    }
    frontAndBack
    {
        type            empty;
    }
}


// ************************************************************************* //
