/*--------------------------------*- C++ -*----------------------------------*\
  =========                 |
  \\      /  F ield         | OpenFOAM: The Open Source CFD Toolbox
   \\    /   O peration     | Website:  https://openfoam.org
    \\  /    A nd           | Version:  7
     \\/     M anipulation  |
\*---------------------------------------------------------------------------*/
FoamFile
{
    version     2.0;
    format      ascii;
    class       volScalarField;
    location    "0.13";
    object      yPlus;
}
// * * * * * * * * * * * * * * * * * * * * * * * * * * * * * * * * * * * * * //

dimensions      [0 0 0 0 0 0 0];

internalField   uniform 0;

boundaryField
{
    velocityInlet
    {
        type            calculated;
        value           uniform 0;
    }
    pressureOutlet
    {
        type            calculated;
        value           uniform 0;
    }
    fixedWalls
    {
        type            calculated;
        value           nonuniform List<scalar> 
100
(
2.41729
0.382829
0.584712
0.680566
0.826934
0.931347
0.979307
0.970177
0.919364
0.849177
0.782796
0.739616
0.727554
0.742279
0.774311
0.808069
0.845136
0.944733
1.15197
1.38927
1.52707
1.43029
0.887494
0.961447
1.42567
1.48312
1.25081
0.772167
0.526089
0.921649
1.0692
1.11989
1.12982
1.12491
1.11163
1.08546
1.04218
0.98669
0.932364
0.892421
0.873449
0.880864
0.924602
1.00621
1.11291
1.22259
1.29089
1.24997
1.01575
0.368761
0.880633
1.13548
1.15034
1.00793
0.768505
0.442566
0.333712
0.571231
0.686763
0.752654
0.791722
0.814699
0.827527
0.833731
0.835448
0.834005
0.830116
0.824005
0.815607
0.804847
0.79206
0.778361
0.765709
0.756556
0.75324
0.757389
0.769587
0.789365
0.815217
0.844535
0.873441
0.897104
0.910456
0.90866
0.886378
0.835433
0.742567
0.584946
0.279744
0.458603
0.67998
0.796533
0.823729
0.778211
0.643692
0.427507
0.28569
0.570501
0.705897
0.859576
)
;
    }
    bottomWall
    {
        type            calculated;
        value           nonuniform List<scalar> 
800
(
2.94479
1.98389
1.61341
1.44027
1.3551
1.29644
1.24745
1.2063
1.17172
1.14212
1.11627
1.0934
1.07295
1.05452
1.03778
1.02249
1.00844
0.995485
0.98348
0.972316
0.961899
0.952152
0.943006
0.934402
0.92629
0.918626
0.911372
0.904493
0.897959
0.891744
0.885823
0.880175
0.87478
0.869623
0.864686
0.859955
0.855419
0.851063
0.846878
0.842855
0.838983
0.835254
0.83166
0.828196
0.824851
0.821624
0.818504
0.815491
0.812574
0.809755
0.807392
0.805434
0.803498
0.801586
0.7997
0.797838
0.796
0.794184
0.792391
0.79062
0.78887
0.787142
0.785433
0.783746
0.782078
0.780429
0.7788
0.777189
0.775596
0.774022
0.772466
0.770926
0.769405
0.767899
0.766411
0.764938
0.763482
0.76204
0.760615
0.759204
0.757809
0.756428
0.755061
0.753709
0.75237
0.751045
0.749734
0.748435
0.74715
0.745877
0.744617
0.74337
0.742134
0.740911
0.7397
0.738499
0.737312
0.736134
0.734968
0.733813
0.732668
0.731535
0.730412
0.729299
0.728196
0.727103
0.726019
0.724946
0.723883
0.722828
0.721783
0.720747
0.719719
0.718701
0.717693
0.716691
0.715699
0.714715
0.71374
0.712773
0.711813
0.710862
0.709918
0.708983
0.708055
0.707135
0.706222
0.705316
0.704417
0.703526
0.702642
0.701765
0.700894
0.700031
0.699175
0.698324
0.69748
0.696643
0.695813
0.694989
0.69417
0.693357
0.692552
0.691752
0.690957
0.690168
0.689386
0.688608
0.687837
0.687071
0.686428
0.685902
0.685374
0.684845
0.684315
0.683785
0.683252
0.68272
0.682186
0.68165
0.681115
0.680578
0.680039
0.6795
0.678959
0.678418
0.677875
0.677332
0.676787
0.676242
0.675695
0.675148
0.674599
0.674048
0.673497
0.672946
0.672393
0.671839
0.671284
0.670729
0.670172
0.669614
0.669055
0.668495
0.667933
0.667372
0.666808
0.666244
0.66568
0.665113
0.664547
0.663979
0.66341
0.662839
0.662268
0.661697
0.661124
0.66055
0.659976
0.659401
0.658823
0.658245
0.657667
0.657088
0.656507
0.655925
0.655343
0.654758
0.654174
0.653589
0.653001
0.652414
0.651825
0.651236
0.650644
0.650053
0.64946
0.648865
0.648269
0.647672
0.647075
0.646477
0.645875
0.645274
0.644671
0.644067
0.643462
0.642854
0.642246
0.641636
0.641024
0.64041
0.639796
0.639177
0.638562
0.637935
0.637322
0.636682
0.636078
0.635412
0.634833
0.634119
0.633593
0.632789
0.632372
0.631406
0.631182
0.629965
0.630017
0.628471
2.9448
1.98395
1.61357
1.4406
1.35563
1.29719
1.24847
1.20759
1.17331
1.144
1.11848
1.09594
1.07583
1.05775
1.04137
1.02646
1.01281
1.00026
0.988676
0.977955
0.968003
0.958747
0.95012
0.942068
0.934544
0.927507
0.920923
0.91476
0.908993
0.903599
0.898559
0.893853
0.889468
0.885389
0.881605
0.878104
0.874875
0.871917
0.869194
0.86676
0.864467
0.862592
0.86056
0.859442
0.85721
0.857541
0.853857
0.857515
0.850892
0.829029
0.57457
0.682638
0.533845
1.1564
1.92382
2.50985
2.93301
3.27141
3.53864
3.73565
3.85178
3.88317
3.8412
3.7549
3.64203
3.51879
3.39171
3.26302
3.13095
2.9918
2.8406
2.67162
2.47807
2.25126
1.97892
1.64012
1.18904
0.728537
1.28377
1.767
2.15909
2.49707
2.79773
3.06988
3.31869
3.54744
3.75831
3.95283
4.13208
4.29682
4.44763
4.58493
4.70904
4.82018
4.91845
5.00383
5.07636
5.13585
5.18173
5.21367
5.23095
5.23102
5.21288
5.1748
5.1143
5.02899
4.91647
4.77401
4.59849
4.3871
4.13908
3.8554
3.542
3.21127
2.88007
2.56405
2.2787
2.04184
1.87549
1.79256
1.77984
1.81061
1.8641
1.93489
2.01959
2.11581
2.2246
2.35088
2.49763
2.66037
2.8264
2.98777
3.1382
3.27488
3.39494
3.49606
3.57829
3.64412
3.69735
3.74179
3.78026
3.81409
3.84318
3.86678
3.88432
3.89601
3.90192
3.90238
3.89784
3.88856
3.87481
3.85678
3.83479
3.80915
3.78025
3.74846
3.71408
3.67744
3.63871
3.59788
3.55482
3.50913
3.46024
3.40746
3.34985
3.28626
3.21533
3.13541
3.04434
2.93969
2.81914
2.68051
2.52247
2.34482
2.14853
1.9359
1.71214
1.49325
1.32872
1.3096
1.44314
1.63647
1.83345
2.01681
2.18262
2.33113
2.46354
2.5811
2.68496
2.77613
2.85544
2.9236
2.98121
3.02876
3.06666
3.09525
3.11486
3.12574
3.1281
3.12203
3.10771
3.08518
3.05448
3.0156
2.9685
2.91308
2.8492
2.77671
2.69538
2.60496
2.50512
2.39705
2.28048
2.15375
2.01617
1.86726
1.70746
1.54018
1.3775
1.25112
1.21295
1.27965
1.4047
1.54274
1.674
1.79772
1.90673
2.00083
2.08038
2.14588
2.19791
2.23704
2.26384
2.27892
2.28281
2.2759
2.25897
2.23438
2.20046
2.15772
2.1068
2.04836
1.9831
1.91187
1.83609
1.76084
1.69477
1.67079
1.79367
2.2007
0.508529
0.636022
1.45727
2.18453
2.77603
3.25381
3.63369
3.92973
4.15381
4.31302
4.41037
4.44985
4.42338
4.33117
4.173
3.95028
3.67136
3.35234
3.01798
2.70124
2.43544
2.23223
2.04798
1.81644
1.57462
1.53364
1.7464
2.00184
2.20081
2.32956
2.39542
2.41971
2.42199
2.41844
2.41205
2.39843
2.37285
2.34997
2.34094
2.26664
2.02959
1.71397
1.42756
1.18946
0.983804
0.777716
0.677787
0.907502
1.25679
1.63998
1.98868
2.28422
2.53147
2.74092
2.92332
3.08451
3.22757
3.35355
3.46316
3.55718
3.63602
3.69998
3.74921
3.78353
3.80254
3.80567
3.79202
3.76027
3.70842
3.6336
3.53213
3.3991
3.22817
3.01089
2.73548
2.38407
1.92683
1.32748
1.24629
1.88321
2.38588
2.76422
3.03583
3.20758
3.28374
3.27127
3.18052
3.02843
2.83286
2.61326
2.38434
2.15553
1.93136
1.728
1.55207
1.3181
0.962565
0.562792
0.321206
0.305586
0.345272
0.341998
0.790039
1.01335
1.10572
1.13641
1.19663
1.3071
1.41919
1.46966
1.40922
1.19233
0.832127
1.19855
1.7342
2.07914
2.15128
2.04092
2.08821
2.49958
2.8219
2.58513
1.84509
1.93719
2.76769
3.32523
3.6778
3.85714
3.88636
3.76169
3.47882
3.03367
2.44634
1.76965
1.08367
0.403823
0.657001
0.685924
0.540347
0.233293
0.662965
0.686975
0.573819
0.887559
0.857396
1.37297
1.66508
1.97964
2.13487
1.90655
0.99831
1.83276
2.69256
3.00154
3.16831
3.3476
3.53872
3.67054
3.78826
3.89378
3.97957
4.0583
4.12709
4.18815
4.2438
4.29353
4.33895
4.38024
4.41781
4.45223
4.48362
4.51239
4.53893
4.56372
4.58747
4.61105
4.63552
4.66236
4.69252
4.72688
4.76588
4.80939
4.85677
4.90709
4.9593
5.01221
5.06444
5.11455
5.16112
5.20294
5.23925
5.26998
5.29629
5.31962
5.34228
5.36699
5.39677
5.43472
5.48378
5.54624
5.6229
5.71286
5.81569
5.92289
6.02474
6.11277
6.18338
6.23774
6.27918
6.31067
6.33415
6.35385
6.36966
6.38384
6.3986
6.41587
6.43736
6.46458
6.4989
6.54146
6.59313
6.65449
6.72577
6.80644
6.8959
6.99374
7.09894
7.21
7.32529
7.44322
7.56256
7.68224
7.80043
7.91591
8.02773
8.1351
8.23731
8.33373
8.42426
8.50842
8.58592
8.65672
8.72079
8.77799
8.82805
8.87067
8.90559
8.93261
8.95157
8.96226
8.96456
8.95887
8.9521
8.93838
8.91694
8.88807
8.85174
8.80795
8.75681
8.69836
8.63269
8.55987
8.47998
8.39309
8.29924
8.19851
8.09092
7.97652
7.8553
7.72723
7.59229
7.45041
7.30149
7.14541
6.982
6.8111
6.63247
6.44592
6.25122
6.04833
5.83733
5.61854
5.39254
5.20767
5.03289
4.86445
4.70855
4.57716
4.49061
4.47232
4.53913
4.68816
4.90628
5.17199
5.47302
5.79313
6.18871
6.57877
7.10754
7.35394
)
;
    }
    frontAndBack
    {
        type            empty;
    }
}


// ************************************************************************* //
