/*--------------------------------*- C++ -*----------------------------------*\
  =========                 |
  \\      /  F ield         | OpenFOAM: The Open Source CFD Toolbox
   \\    /   O peration     | Website:  https://openfoam.org
    \\  /    A nd           | Version:  7
     \\/     M anipulation  |
\*---------------------------------------------------------------------------*/
FoamFile
{
    version     2.0;
    format      ascii;
    class       volVectorField;
    location    "0.05";
    object      wallShearStress;
}
// * * * * * * * * * * * * * * * * * * * * * * * * * * * * * * * * * * * * * //

dimensions      [0 2 -2 0 0 0 0];

internalField   uniform (0 0 0);

boundaryField
{
    velocityInlet
    {
        type            calculated;
        value           uniform (0 0 0);
    }
    pressureOutlet
    {
        type            calculated;
        value           uniform (0 0 0);
    }
    fixedWalls
    {
        type            calculated;
        value           nonuniform List<vector> 
100
(
(-0.0233042 -0.00402552 0)
(-0.0125106 -0.00135794 0)
(-0.00845387 -0.000181216 0)
(-0.0078853 8.43067e-05 0)
(-0.00761334 -5.09323e-07 0)
(-0.00733882 -3.04254e-05 0)
(-0.00707751 -2.82081e-05 0)
(-0.00683068 -2.41987e-05 0)
(-0.00658476 -2.32034e-05 0)
(-0.00632462 -2.41253e-05 0)
(-0.00604627 -2.52784e-05 0)
(-0.00575644 -2.54878e-05 0)
(-0.0054625 -2.59304e-05 0)
(-0.00516611 -2.80887e-05 0)
(-0.00488269 -2.6932e-05 0)
(-0.00467732 -1.13091e-05 0)
(-0.00465696 2.35214e-05 0)
(-0.004837 5.92299e-05 0)
(-0.00494554 4.23493e-05 0)
(-0.0044403 -8.88253e-05 0)
(-0.00300905 -0.000239246 0)
(-0.00119829 -0.000262525 0)
(-8.60127e-05 -0.000129167 0)
(-0.000240144 3.54743e-05 0)
(-0.0012647 0.000143336 0)
(-0.00241948 0.000143769 0)
(-0.0032729 9.57498e-05 0)
(-0.00373058 4.9199e-05 0)
(-0.00388804 1.94744e-05 0)
(-0.00386204 -2.09178e-07 0)
(-0.00373031 -1.21003e-05 0)
(-0.00353541 -2.01713e-05 0)
(-0.00330236 -2.59999e-05 0)
(-0.00305689 -2.86574e-05 0)
(-0.00283688 -2.56591e-05 0)
(-0.00268559 -1.72113e-05 0)
(-0.00263363 -6.59156e-06 0)
(-0.00270448 1.05678e-05 0)
(-0.00292318 3.29891e-05 0)
(-0.00324922 4.76278e-05 0)
(-0.0035011 3.06642e-05 0)
(-0.00343343 -2.29109e-05 0)
(-0.00301572 -7.01431e-05 0)
(-0.00261416 -6.26726e-05 0)
(-0.00275994 1.79295e-05 0)
(-0.00364626 0.000107452 0)
(-0.00495119 0.00014696 0)
(-0.00628922 0.000151284 0)
(-0.00755158 0.000161247 0)
(-0.00861127 0.000158465 0)
(-0.00898049 9.50449e-05 0)
(-0.00800061 -8.36915e-05 0)
(-0.00512212 -0.0003584 0)
(-0.000576331 -0.000561437 0)
(0.00406497 -0.000563673 0)
(0.00723466 -0.000373118 0)
(0.00814987 -9.23943e-05 0)
(0.00694631 0.000146703 0)
(0.00455406 0.000256207 0)
(0.00197642 0.000252322 0)
(-0.000175261 0.000202279 0)
(-0.00168844 0.000134846 0)
(-0.00262524 8.0093e-05 0)
(-0.00314283 4.31185e-05 0)
(-0.00339983 2.14347e-05 0)
(-0.00351489 1.05861e-05 0)
(-0.00356173 5.95429e-06 0)
(-0.00357573 4.15409e-06 0)
(-0.00356577 1.96985e-06 0)
(-0.00352752 -1.01448e-06 0)
(-0.00345849 -4.20625e-06 0)
(-0.00336871 -5.96008e-06 0)
(-0.00328193 -4.7588e-06 0)
(-0.00322819 -7.32868e-08 0)
(-0.00323357 7.73793e-06 0)
(-0.00330983 1.72958e-05 0)
(-0.00343454 2.49329e-05 0)
(-0.00351857 2.41232e-05 0)
(-0.00339244 -3.92385e-07 0)
(-0.00286599 -4.4616e-05 0)
(-0.00188388 -9.18013e-05 0)
(-0.000614763 -0.000119987 0)
(0.000633173 -0.000116006 0)
(0.00157552 -8.79496e-05 0)
(0.00205818 -4.53682e-05 0)
(0.00205531 -1.41405e-06 0)
(0.00165247 3.39837e-05 0)
(0.00100945 5.37352e-05 0)
(0.000289544 5.79027e-05 0)
(-0.000374826 5.22891e-05 0)
(-0.000923266 4.16364e-05 0)
(-0.00132338 2.97377e-05 0)
(-0.00159656 1.94694e-05 0)
(-0.00176029 1.11914e-05 0)
(-0.00184798 5.78948e-06 0)
(-0.00189542 2.21973e-06 0)
(-0.00190225 7.4588e-07 0)
(-0.00193038 2.75578e-07 0)
(-0.00191486 1.08171e-07 0)
(-0.00196851 1.59979e-06 0)
)
;
    }
    bottomWall
    {
        type            calculated;
        value           nonuniform List<vector> 
800
(
(-0.0353488 0.00214397 0)
(-0.0160267 0.000524828 0)
(-0.0106081 0.000100707 0)
(-0.00845647 3.52496e-05 0)
(-0.00748713 1.98484e-05 0)
(-0.00685386 1.61078e-05 0)
(-0.00634682 1.33406e-05 0)
(-0.00593617 1.08835e-05 0)
(-0.0056019 9.06114e-06 0)
(-0.00532358 7.74434e-06 0)
(-0.00508662 6.74744e-06 0)
(-0.00488156 5.95997e-06 0)
(-0.00470194 5.32206e-06 0)
(-0.004543 4.79626e-06 0)
(-0.00440117 4.3566e-06 0)
(-0.00427368 3.98461e-06 0)
(-0.00415834 3.66627e-06 0)
(-0.0040534 3.39119e-06 0)
(-0.00395745 3.15158e-06 0)
(-0.00386932 2.94139e-06 0)
(-0.00378806 2.75561e-06 0)
(-0.00371285 2.59033e-06 0)
(-0.00364303 2.44275e-06 0)
(-0.00357801 2.31015e-06 0)
(-0.00351729 2.19035e-06 0)
(-0.00346046 2.08184e-06 0)
(-0.00340713 1.98314e-06 0)
(-0.00335699 1.89291e-06 0)
(-0.00330975 1.81018e-06 0)
(-0.00326517 1.73415e-06 0)
(-0.00322302 1.66412e-06 0)
(-0.0031831 1.59936e-06 0)
(-0.00314525 1.53925e-06 0)
(-0.0031093 1.48335e-06 0)
(-0.00307513 1.43129e-06 0)
(-0.00304259 1.38273e-06 0)
(-0.00301158 1.33729e-06 0)
(-0.002982 1.29471e-06 0)
(-0.00295374 1.25471e-06 0)
(-0.00292673 1.21702e-06 0)
(-0.00290088 1.18156e-06 0)
(-0.00287613 1.14802e-06 0)
(-0.00285241 1.11641e-06 0)
(-0.00282966 1.08645e-06 0)
(-0.00280782 1.05799e-06 0)
(-0.00278685 1.03073e-06 0)
(-0.00276669 1.00544e-06 0)
(-0.00274731 9.80422e-07 0)
(-0.00272865 9.57886e-07 0)
(-0.00271071 9.3376e-07 0)
(-0.00269573 9.13822e-07 0)
(-0.00268337 9.0253e-07 0)
(-0.00267119 8.88032e-07 0)
(-0.00265922 8.72482e-07 0)
(-0.00264744 8.57944e-07 0)
(-0.00263586 8.43988e-07 0)
(-0.00262447 8.30405e-07 0)
(-0.00261326 8.17051e-07 0)
(-0.00260223 8.0395e-07 0)
(-0.00259138 7.91099e-07 0)
(-0.00258071 7.78488e-07 0)
(-0.0025702 7.6628e-07 0)
(-0.00255986 7.5414e-07 0)
(-0.00254968 7.42232e-07 0)
(-0.00253966 7.30553e-07 0)
(-0.0025298 7.19102e-07 0)
(-0.0025201 7.07875e-07 0)
(-0.00251055 6.96872e-07 0)
(-0.00250114 6.86089e-07 0)
(-0.00249189 6.75357e-07 0)
(-0.00248278 6.64676e-07 0)
(-0.00247381 6.54378e-07 0)
(-0.00246498 6.44293e-07 0)
(-0.00245629 6.34253e-07 0)
(-0.00244774 6.24259e-07 0)
(-0.00243932 6.14473e-07 0)
(-0.00243104 6.05064e-07 0)
(-0.00242288 5.95694e-07 0)
(-0.00241485 5.86364e-07 0)
(-0.00240694 5.77072e-07 0)
(-0.00239917 5.68151e-07 0)
(-0.0023915 5.59267e-07 0)
(-0.00238397 5.5025e-07 0)
(-0.00237656 5.41602e-07 0)
(-0.00236926 5.33154e-07 0)
(-0.00236208 5.24737e-07 0)
(-0.00235501 5.16352e-07 0)
(-0.00234806 5.08164e-07 0)
(-0.00234121 5.00006e-07 0)
(-0.00233449 4.91876e-07 0)
(-0.00232786 4.8394e-07 0)
(-0.00232135 4.76031e-07 0)
(-0.00231495 4.68314e-07 0)
(-0.00230865 4.60623e-07 0)
(-0.00230245 4.52956e-07 0)
(-0.00229636 4.45478e-07 0)
(-0.00229038 4.38024e-07 0)
(-0.00228449 4.30759e-07 0)
(-0.0022787 4.23515e-07 0)
(-0.00227301 4.16126e-07 0)
(-0.00226742 4.08923e-07 0)
(-0.00226193 4.01907e-07 0)
(-0.00225654 3.94909e-07 0)
(-0.00225124 3.87932e-07 0)
(-0.00224604 3.80972e-07 0)
(-0.00224093 3.74197e-07 0)
(-0.00223591 3.67606e-07 0)
(-0.00223098 3.60866e-07 0)
(-0.00222615 3.54142e-07 0)
(-0.0022214 3.47435e-07 0)
(-0.00221676 3.40911e-07 0)
(-0.00221219 3.34569e-07 0)
(-0.00220772 3.28243e-07 0)
(-0.00220332 3.21933e-07 0)
(-0.00219902 3.15471e-07 0)
(-0.00219481 3.09192e-07 0)
(-0.00219068 3.03093e-07 0)
(-0.00218663 2.96843e-07 0)
(-0.00218267 2.90774e-07 0)
(-0.00217879 2.84886e-07 0)
(-0.00217499 2.78846e-07 0)
(-0.00217127 2.7282e-07 0)
(-0.00216764 2.66975e-07 0)
(-0.00216409 2.61312e-07 0)
(-0.00216061 2.55495e-07 0)
(-0.00215721 2.49692e-07 0)
(-0.00215389 2.4407e-07 0)
(-0.00215065 2.38628e-07 0)
(-0.00214747 2.33033e-07 0)
(-0.00214438 2.27452e-07 0)
(-0.00214136 2.22052e-07 0)
(-0.00213842 2.16497e-07 0)
(-0.00213555 2.1129e-07 0)
(-0.00213275 2.06096e-07 0)
(-0.00213002 2.00751e-07 0)
(-0.00212737 1.95584e-07 0)
(-0.00212478 1.90601e-07 0)
(-0.00212226 1.85624e-07 0)
(-0.00211981 1.80506e-07 0)
(-0.00211743 1.75553e-07 0)
(-0.00211511 1.70805e-07 0)
(-0.00211286 1.65868e-07 0)
(-0.00211067 1.61169e-07 0)
(-0.00210855 1.56571e-07 0)
(-0.00210649 1.51939e-07 0)
(-0.00210449 1.47323e-07 0)
(-0.00210255 1.43117e-07 0)
(-0.00210066 1.38451e-07 0)
(-0.00209884 1.34163e-07 0)
(-0.00209708 1.29607e-07 0)
(-0.00209564 1.25588e-07 0)
(-0.00209448 1.23668e-07 0)
(-0.00209333 1.21085e-07 0)
(-0.00209221 1.1787e-07 0)
(-0.00209111 1.15202e-07 0)
(-0.00209001 1.12387e-07 0)
(-0.00208895 1.09372e-07 0)
(-0.0020879 1.06624e-07 0)
(-0.00208687 1.04127e-07 0)
(-0.00208586 1.01432e-07 0)
(-0.00208487 9.85422e-08 0)
(-0.0020839 9.59098e-08 0)
(-0.00208295 9.35209e-08 0)
(-0.00208201 9.09491e-08 0)
(-0.00208109 8.81784e-08 0)
(-0.0020802 8.5665e-08 0)
(-0.00207933 8.31801e-08 0)
(-0.00207847 8.07258e-08 0)
(-0.00207763 7.83009e-08 0)
(-0.00207682 7.61175e-08 0)
(-0.00207601 7.37552e-08 0)
(-0.00207523 7.12151e-08 0)
(-0.00207447 6.89132e-08 0)
(-0.00207373 6.68526e-08 0)
(-0.00207301 6.48169e-08 0)
(-0.0020723 6.26124e-08 0)
(-0.00207161 6.04401e-08 0)
(-0.00207094 5.83014e-08 0)
(-0.00207029 5.61966e-08 0)
(-0.00206965 5.43217e-08 0)
(-0.00206903 5.24776e-08 0)
(-0.00206843 5.06678e-08 0)
(-0.00206785 4.88893e-08 0)
(-0.00206728 4.69554e-08 0)
(-0.00206673 4.52461e-08 0)
(-0.00206619 4.37605e-08 0)
(-0.00206567 4.21224e-08 0)
(-0.00206517 4.03343e-08 0)
(-0.00206468 3.87655e-08 0)
(-0.00206421 3.74203e-08 0)
(-0.00206375 3.61031e-08 0)
(-0.0020633 3.46406e-08 0)
(-0.00206287 3.32089e-08 0)
(-0.00206246 3.1987e-08 0)
(-0.00206206 3.07897e-08 0)
(-0.00206167 2.94405e-08 0)
(-0.0020613 2.81114e-08 0)
(-0.00206094 2.68014e-08 0)
(-0.0020606 2.55003e-08 0)
(-0.00206028 2.421e-08 0)
(-0.00205997 2.29196e-08 0)
(-0.00205968 2.16326e-08 0)
(-0.0020594 2.01722e-08 0)
(-0.00205915 1.87083e-08 0)
(-0.00205891 1.74006e-08 0)
(-0.00205869 1.59221e-08 0)
(-0.00205849 1.42687e-08 0)
(-0.00205831 1.27753e-08 0)
(-0.00205815 1.11156e-08 0)
(-0.00205802 9.45726e-09 0)
(-0.0020579 7.9617e-09 0)
(-0.0020578 6.47542e-09 0)
(-0.00205773 4.84041e-09 0)
(-0.00205768 3.21399e-09 0)
(-0.00205764 1.75971e-09 0)
(-0.00205763 5.04603e-10 0)
(-0.00205764 -8.55249e-10 0)
(-0.00205766 -2.14479e-09 0)
(-0.00205771 -3.40032e-09 0)
(-0.00205777 -4.48478e-09 0)
(-0.00205785 -5.34876e-09 0)
(-0.00205794 -6.49788e-09 0)
(-0.00205805 -7.44387e-09 0)
(-0.00205817 -8.22491e-09 0)
(-0.00205832 -9.11623e-09 0)
(-0.00205847 -9.84323e-09 0)
(-0.00205863 -1.07035e-08 0)
(-0.00205882 -1.15215e-08 0)
(-0.00205902 -1.21988e-08 0)
(-0.00205923 -1.28652e-08 0)
(-0.00205945 -1.35101e-08 0)
(-0.00205969 -1.41523e-08 0)
(-0.00205994 -1.47719e-08 0)
(-0.0020602 -1.53892e-08 0)
(-0.00206047 -1.61068e-08 0)
(-0.00206077 -1.65597e-08 0)
(-0.00206106 -1.69606e-08 0)
(-0.00206137 -1.75115e-08 0)
(-0.00206169 -1.79647e-08 0)
(-0.00206203 -1.81368e-08 0)
(-0.00206236 -1.8389e-08 0)
(-0.00206272 -1.83803e-08 0)
(-0.00206303 -1.84516e-08 0)
(-0.00206344 -1.87536e-08 0)
(-0.00206372 -1.76738e-08 0)
(-0.0020642 -1.95059e-08 0)
(-0.00206437 -1.50374e-08 0)
(-0.00206499 -2.21927e-08 0)
(-0.00206497 -7.56093e-09 0)
(-0.00206577 -2.85159e-08 0)
(-0.0353487 -0.002144 0)
(-0.016026 -0.00052486 0)
(-0.0106064 -0.000100747 0)
(-0.00845366 -3.52904e-05 0)
(-0.00748298 -1.98936e-05 0)
(-0.00684818 -1.61582e-05 0)
(-0.00633943 -1.33965e-05 0)
(-0.00592686 -1.09454e-05 0)
(-0.00559051 -9.12881e-06 0)
(-0.00530997 -7.81765e-06 0)
(-0.00507063 -6.82632e-06 0)
(-0.00486306 -6.04436e-06 0)
(-0.00468079 -5.41193e-06 0)
(-0.00451909 -4.89188e-06 0)
(-0.00437436 -4.45841e-06 0)
(-0.00424382 -4.09288e-06 0)
(-0.00412529 -3.78134e-06 0)
(-0.00401702 -3.51348e-06 0)
(-0.00391758 -3.28161e-06 0)
(-0.00382581 -3.07955e-06 0)
(-0.00374073 -2.9024e-06 0)
(-0.00366154 -2.74645e-06 0)
(-0.00358754 -2.60884e-06 0)
(-0.00351814 -2.48719e-06 0)
(-0.00345283 -2.37937e-06 0)
(-0.00339116 -2.28378e-06 0)
(-0.00333275 -2.19933e-06 0)
(-0.00327724 -2.12483e-06 0)
(-0.00322433 -2.05924e-06 0)
(-0.00317374 -2.00222e-06 0)
(-0.00312523 -1.95284e-06 0)
(-0.00307854 -1.91111e-06 0)
(-0.0030335 -1.87562e-06 0)
(-0.00298987 -1.84772e-06 0)
(-0.00294753 -1.82475e-06 0)
(-0.00290624 -1.8103e-06 0)
(-0.0028659 -1.79835e-06 0)
(-0.00282635 -1.79681e-06 0)
(-0.00278736 -1.79553e-06 0)
(-0.00274909 -1.80497e-06 0)
(-0.00271069 -1.81615e-06 0)
(-0.00267363 -1.82681e-06 0)
(-0.0026346 -1.86411e-06 0)
(-0.00259979 -1.83662e-06 0)
(-0.00255745 -1.95775e-06 0)
(-0.00252896 -1.74691e-06 0)
(-0.00247642 -2.19582e-06 0)
(-0.00246627 -1.04294e-06 0)
(-0.0023931 -6.14935e-06 0)
(-0.00226586 0.000161329 0)
(-1.11942e-05 5.67324e-06 0)
(-1.02668e-05 2.33512e-05 0)
(-8.73984e-06 3.45959e-05 0)
(-7.80593e-06 4.29122e-05 0)
(-7.5655e-06 4.98215e-05 0)
(-7.71864e-06 5.65134e-05 0)
(-8.07803e-06 6.33764e-05 0)
(-8.51456e-06 7.06223e-05 0)
(-8.99193e-06 7.82828e-05 0)
(-9.47143e-06 8.63577e-05 0)
(-9.94751e-06 9.48176e-05 0)
(-1.04102e-05 0.000103631 0)
(-1.08525e-05 0.000112762 0)
(-1.12682e-05 0.00012215 0)
(-1.16317e-05 0.000131757 0)
(-1.19536e-05 0.000141502 0)
(-1.21979e-05 0.000151302 0)
(-1.23705e-05 0.000161093 0)
(-1.2457e-05 0.000170767 0)
(-1.24518e-05 0.000180227 0)
(-1.23382e-05 0.000189369 0)
(-1.20924e-05 0.000198074 0)
(-1.17501e-05 0.000206242 0)
(-1.12818e-05 0.000213765 0)
(-1.0679e-05 0.000220518 0)
(-9.95239e-06 0.000226409 0)
(-9.09868e-06 0.000231358 0)
(-8.10195e-06 0.000235208 0)
(-7.01703e-06 0.000237891 0)
(-5.82473e-06 0.000239393 0)
(-4.47791e-06 0.000239608 0)
(-3.1029e-06 0.000238512 0)
(-1.65886e-06 0.00023605 0)
(-1.81586e-07 0.000232233 0)
(1.3279e-06 0.000227086 0)
(2.85482e-06 0.000220608 0)
(4.37543e-06 0.000212839 0)
(5.87743e-06 0.000203841 0)
(7.32583e-06 0.000193651 0)
(8.73333e-06 0.000182349 0)
(1.00648e-05 0.000170068 0)
(1.13046e-05 0.000156867 0)
(1.24561e-05 0.00014286 0)
(1.34927e-05 0.000128186 0)
(1.44144e-05 0.00011295 0)
(1.52051e-05 9.72776e-05 0)
(1.58721e-05 8.13172e-05 0)
(1.63901e-05 6.51511e-05 0)
(1.67854e-05 4.89087e-05 0)
(1.70331e-05 3.27523e-05 0)
(1.71579e-05 1.6769e-05 0)
(1.7153e-05 1.06199e-06 0)
(1.70328e-05 -1.42615e-05 0)
(1.68011e-05 -2.90992e-05 0)
(1.64714e-05 -4.33775e-05 0)
(1.60511e-05 -5.70224e-05 0)
(1.55504e-05 -6.99684e-05 0)
(1.498e-05 -8.21595e-05 0)
(1.43509e-05 -9.35494e-05 0)
(1.36742e-05 -0.000104102 0)
(1.29617e-05 -0.000113789 0)
(1.22244e-05 -0.000122593 0)
(1.14736e-05 -0.000130505 0)
(1.07205e-05 -0.000137523 0)
(9.97492e-06 -0.000143654 0)
(9.24744e-06 -0.00014891 0)
(8.54768e-06 -0.000153314 0)
(7.88349e-06 -0.000156891 0)
(7.26261e-06 -0.000159672 0)
(6.68884e-06 -0.000161697 0)
(6.15824e-06 -0.000163 0)
(5.68568e-06 -0.000163617 0)
(5.27628e-06 -0.000163603 0)
(4.94648e-06 -0.000163021 0)
(4.70761e-06 -0.000161927 0)
(4.56861e-06 -0.000160378 0)
(4.5379e-06 -0.000158436 0)
(4.62059e-06 -0.000156165 0)
(4.81944e-06 -0.000153632 0)
(5.13636e-06 -0.000150905 0)
(5.57028e-06 -0.000148055 0)
(6.11633e-06 -0.000145152 0)
(6.76708e-06 -0.000142266 0)
(7.51337e-06 -0.000139465 0)
(8.34252e-06 -0.000136817 0)
(9.23699e-06 -0.000134388 0)
(1.01757e-05 -0.000132238 0)
(1.11338e-05 -0.000130424 0)
(1.20829e-05 -0.000128997 0)
(1.29933e-05 -0.000127998 0)
(1.38321e-05 -0.000127461 0)
(1.45807e-05 -0.000127404 0)
(1.52159e-05 -0.000127861 0)
(1.57236e-05 -0.000128852 0)
(1.60696e-05 -0.000130376 0)
(1.61885e-05 -0.000132421 0)
(1.59392e-05 -0.000134917 0)
(1.50972e-05 -0.000137678 0)
(1.3393e-05 -0.000140397 0)
(1.05749e-05 -0.00014247 0)
(6.53557e-06 -0.000143217 0)
(1.39808e-06 -0.000141983 0)
(-4.40571e-06 -0.000138254 0)
(-1.00543e-05 -0.000131846 0)
(-1.43505e-05 -0.000123098 0)
(-1.58317e-05 -0.00011302 0)
(-1.30623e-05 -0.000103328 0)
(-5.04446e-06 -9.64442e-05 0)
(8.43769e-06 -9.51244e-05 0)
(2.64308e-05 -0.000102017 0)
(4.66912e-05 -0.000119009 0)
(6.60104e-05 -0.000146709 0)
(8.07433e-05 -0.000184028 0)
(8.75706e-05 -0.000228113 0)
(8.42254e-05 -0.000274652 0)
(7.01314e-05 -0.00031847 0)
(4.66857e-05 -0.000354535 0)
(1.69617e-05 -0.00037895 0)
(-1.521e-05 -0.000389451 0)
(-4.53648e-05 -0.00038539 0)
(-6.94442e-05 -0.000368201 0)
(-8.43275e-05 -0.000341545 0)
(-8.75717e-05 -0.000308633 0)
(-7.85305e-05 -0.000274333 0)
(-5.8935e-05 -0.000243335 0)
(-3.34695e-05 -0.00021859 0)
(-9.56675e-06 -0.000201202 0)
(4.31644e-06 -0.000190739 0)
(1.48653e-06 -0.000183308 0)
(-2.01108e-05 -0.000171117 0)
(-5.58652e-05 -0.000145946 0)
(-9.61583e-05 -0.000104504 0)
(-0.000131504 -5.02524e-05 0)
(-0.000156954 9.84755e-06 0)
(-0.000171926 6.99832e-05 0)
(-0.000178114 0.000126996 0)
(-0.000177598 0.00017961 0)
(-0.000172143 0.000227367 0)
(-0.000163118 0.000270099 0)
(-0.000151576 0.000307766 0)
(-0.00013834 0.000340416 0)
(-0.000124055 0.000368172 0)
(-0.000109232 0.000391218 0)
(-9.42697e-05 0.000409783 0)
(-7.94857e-05 0.000424129 0)
(-6.51266e-05 0.000434545 0)
(-5.13848e-05 0.000441332 0)
(-3.84063e-05 0.00044482 0)
(-2.62414e-05 0.000445329 0)
(-1.49736e-05 0.000443124 0)
(-4.66088e-06 0.000438555 0)
(4.72722e-06 0.00043192 0)
(1.32195e-05 0.000423484 0)
(2.08565e-05 0.000413491 0)
(2.76848e-05 0.000402168 0)
(3.37564e-05 0.000389721 0)
(3.91271e-05 0.000376338 0)
(4.38562e-05 0.000362185 0)
(4.80024e-05 0.000347409 0)
(5.16254e-05 0.000332141 0)
(5.47837e-05 0.000316491 0)
(5.75305e-05 0.000300557 0)
(5.992e-05 0.000284423 0)
(6.20037e-05 0.000268159 0)
(6.38301e-05 0.000251821 0)
(6.54434e-05 0.000235454 0)
(6.68819e-05 0.000219094 0)
(6.81836e-05 0.000202771 0)
(6.93816e-05 0.000186502 0)
(7.05015e-05 0.000170304 0)
(7.15717e-05 0.000154184 0)
(7.26098e-05 0.000138131 0)
(7.36815e-05 0.00012226 0)
(7.47511e-05 0.00010648 0)
(7.58291e-05 9.07817e-05 0)
(7.6918e-05 7.51486e-05 0)
(7.80165e-05 5.95681e-05 0)
(7.91133e-05 4.40336e-05 0)
(8.01892e-05 2.85483e-05 0)
(8.12201e-05 1.31287e-05 0)
(8.21795e-05 -2.19651e-06 0)
(8.30415e-05 -1.73896e-05 0)
(8.37831e-05 -3.24107e-05 0)
(8.43802e-05 -4.72224e-05 0)
(8.48049e-05 -6.17915e-05 0)
(8.50225e-05 -7.60921e-05 0)
(8.49787e-05 -9.01023e-05 0)
(8.46415e-05 -0.000103863 0)
(8.38957e-05 -0.000117415 0)
(8.2487e-05 -0.000130812 0)
(8.00631e-05 -0.00014434 0)
(7.59959e-05 -0.000158603 0)
(6.91644e-05 -0.000174814 0)
(5.7565e-05 -0.000195316 0)
(3.77156e-05 -0.000224804 0)
(3.15784e-06 -0.000271204 0)
(-5.81728e-05 -0.000349183 0)
(-0.000169337 -0.000480574 0)
(-0.000358532 -0.000687498 0)
(-0.000626781 -0.000970829 0)
(2.41579e-08 1.21192e-05 0)
(-1.46008e-05 1.40624e-05 0)
(-2.53486e-05 1.3541e-05 0)
(-3.4865e-05 1.30852e-05 0)
(-4.4076e-05 1.28292e-05 0)
(-5.31228e-05 1.2571e-05 0)
(-6.1953e-05 1.22416e-05 0)
(-7.05012e-05 1.18333e-05 0)
(-7.87027e-05 1.13465e-05 0)
(-8.64986e-05 1.07815e-05 0)
(-9.38293e-05 1.01406e-05 0)
(-0.000100633 9.41594e-06 0)
(-0.000106843 8.60642e-06 0)
(-0.000112389 7.70869e-06 0)
(-0.000117198 6.71515e-06 0)
(-0.000121198 5.62786e-06 0)
(-0.000124307 4.44552e-06 0)
(-0.000126451 3.16436e-06 0)
(-0.00012756 1.78264e-06 0)
(-0.000127543 2.99638e-07 0)
(-0.00012631 -1.27714e-06 0)
(-0.000123777 -2.94532e-06 0)
(-0.000119867 -4.70365e-06 0)
(-0.0001145 -6.552e-06 0)
(-0.000107615 -8.48252e-06 0)
(-9.91583e-05 -1.04824e-05 0)
(-8.90139e-05 -1.26119e-05 0)
(-7.70901e-05 -1.47435e-05 0)
(-6.33464e-05 -1.69184e-05 0)
(-4.77677e-05 -1.91024e-05 0)
(-3.039e-05 -2.12766e-05 0)
(-1.12354e-05 -2.34407e-05 0)
(9.6913e-06 -2.55751e-05 0)
(3.23823e-05 -2.76475e-05 0)
(5.67952e-05 -2.96547e-05 0)
(8.28666e-05 -3.15411e-05 0)
(0.000110506 -3.33272e-05 0)
(0.000139603 -3.49617e-05 0)
(0.00017006 -3.63993e-05 0)
(0.000201725 -3.76609e-05 0)
(0.00023442 -3.87102e-05 0)
(0.00026798 -3.95291e-05 0)
(0.000302226 -4.01217e-05 0)
(0.000336969 -4.04623e-05 0)
(0.000371992 -4.05426e-05 0)
(0.000407086 -4.03739e-05 0)
(0.000442041 -3.9946e-05 0)
(0.000476631 -3.92709e-05 0)
(0.000510641 -3.83567e-05 0)
(0.000543863 -3.72055e-05 0)
(0.000576082 -3.58395e-05 0)
(0.000607098 -3.42609e-05 0)
(0.000636709 -3.24837e-05 0)
(0.000664721 -3.0521e-05 0)
(0.000690963 -2.83887e-05 0)
(0.000715263 -2.60911e-05 0)
(0.000737413 -2.36312e-05 0)
(0.000757274 -2.09959e-05 0)
(0.000774677 -1.82119e-05 0)
(0.00078945 -1.52543e-05 0)
(0.000801433 -1.2127e-05 0)
(0.000810467 -8.82919e-06 0)
(0.000816418 -5.33798e-06 0)
(0.000819095 -1.61729e-06 0)
(0.000818301 2.34502e-06 0)
(0.000813857 6.47673e-06 0)
(0.000805667 1.07067e-05 0)
(0.000793708 1.49839e-05 0)
(0.00077798 1.92653e-05 0)
(0.00075849 2.35185e-05 0)
(0.000735291 2.76888e-05 0)
(0.000708524 3.17132e-05 0)
(0.000678342 3.55334e-05 0)
(0.000644959 3.90831e-05 0)
(0.000608661 4.22669e-05 0)
(0.000569794 4.50152e-05 0)
(0.000528772 4.72623e-05 0)
(0.000486057 4.89115e-05 0)
(0.000442199 4.99022e-05 0)
(0.000397765 5.01908e-05 0)
(0.000353345 4.97578e-05 0)
(0.000309551 4.86024e-05 0)
(0.00026698 4.67273e-05 0)
(0.000226223 4.41973e-05 0)
(0.000187801 4.10721e-05 0)
(0.000152165 3.74602e-05 0)
(0.000119676 3.34831e-05 0)
(9.05822e-05 2.92672e-05 0)
(6.50254e-05 2.49484e-05 0)
(4.30308e-05 2.06673e-05 0)
(2.45031e-05 1.65417e-05 0)
(9.25937e-06 1.2687e-05 0)
(-2.99115e-06 9.12159e-06 0)
(-1.24346e-05 5.8641e-06 0)
(-1.92628e-05 2.74544e-06 0)
(-2.34888e-05 -4.56651e-07 0)
(-2.47697e-05 -3.99617e-06 0)
(-2.22389e-05 -7.73609e-06 0)
(-1.58563e-05 -1.09921e-05 0)
(-1.67812e-06 -1.34243e-05 0)
(-1.40647e-05 -5.73907e-06 0)
(-1.4354e-05 -2.49783e-05 0)
(-1.52466e-05 -4.1602e-05 0)
(-1.69527e-05 -5.96329e-05 0)
(-1.92623e-05 -8.03709e-05 0)
(-2.20675e-05 -0.000104328 0)
(-2.53025e-05 -0.000132177 0)
(-2.88883e-05 -0.000164329 0)
(-3.27313e-05 -0.000201195 0)
(-3.65464e-05 -0.000242862 0)
(-4.01823e-05 -0.000289232 0)
(-4.32087e-05 -0.00033982 0)
(-4.51689e-05 -0.000393666 0)
(-4.56657e-05 -0.000449421 0)
(-4.40228e-05 -0.000505021 0)
(-3.97865e-05 -0.000557882 0)
(-3.25372e-05 -0.000604945 0)
(-2.21188e-05 -0.000642809 0)
(-8.77222e-06 -0.000668135 0)
(6.88037e-06 -0.000678116 0)
(2.34366e-05 -0.000670752 0)
(3.90114e-05 -0.000645859 0)
(5.18801e-05 -0.000605479 0)
(6.07383e-05 -0.000553 0)
(6.47732e-05 -0.000492858 0)
(6.3947e-05 -0.00043011 0)
(5.90574e-05 -0.000369445 0)
(5.14866e-05 -0.000314293 0)
(4.27719e-05 -0.000266407 0)
(3.41441e-05 -0.000225975 0)
(2.61208e-05 -0.000192159 0)
(1.86668e-05 -0.000163808 0)
(1.14227e-05 -0.000140157 0)
(4.18437e-06 -0.000121154 0)
(-3.39416e-06 -0.000108375 0)
(-1.08597e-05 -0.000101486 0)
(-1.47723e-05 -0.000103746 0)
(-7.94897e-06 -0.000107181 0)
(-3.15125e-05 -0.00012211 0)
(-5.75996e-05 -0.000149317 0)
(-8.57201e-05 -0.000175421 0)
(-1.881e-05 -0.000273862 0)
(0.000168323 -0.000310437 0)
(0.000175469 -0.000284997 0)
(3.68833e-05 -0.000402179 0)
(-5.46e-06 -0.000454897 0)
(-0.000242517 -0.000350927 0)
(-0.000556593 -0.000339979 0)
(-0.000656924 -0.000473971 0)
(-0.00045731 -0.000604592 0)
(-2.82267e-05 -0.00069458 0)
(0.000672209 -0.000390999 0)
(0.000800305 0.000299237 0)
(0.00040526 0.000596437 0)
(0.000284826 0.000670712 0)
(0.000237039 0.000807265 0)
(0.000187385 0.00090756 0)
(0.000164644 0.00100103 0)
(0.000137528 0.00108181 0)
(0.000121341 0.00114972 0)
(0.000105349 0.00121181 0)
(9.32372e-05 0.00126416 0)
(8.26854e-05 0.00131179 0)
(7.34768e-05 0.00135306 0)
(6.55505e-05 0.00138991 0)
(5.8128e-05 0.00142227 0)
(5.13545e-05 0.00145057 0)
(4.47127e-05 0.00147509 0)
(3.81724e-05 0.00149578 0)
(3.14287e-05 0.00151276 0)
(2.43078e-05 0.00152579 0)
(1.65766e-05 0.00153463 0)
(7.94475e-06 0.00153884 0)
(-1.81146e-06 0.00153776 0)
(-1.2929e-05 0.00153055 0)
(-2.57331e-05 0.00151618 0)
(-4.0477e-05 0.00149344 0)
(-5.7298e-05 0.00146089 0)
(-7.60124e-05 0.00141701 0)
(-9.58427e-05 0.00136038 0)
(-0.000115027 0.00129012 0)
(-0.000130395 0.0012067 0)
(-0.00013726 0.00111304 0)
(-0.000130187 0.00101555 0)
(-0.000104555 0.000923424 0)
(-5.61913e-05 0.000845429 0)
(2.21378e-05 0.000789047 0)
(0.000134046 0.000766199 0)
(0.000252407 0.000798687 0)
(0.000317468 0.0008771 0)
(0.000296597 0.000951648 0)
(0.000223244 0.00103592 0)
(9.47847e-05 0.00123151 0)
(-0.000186209 0.00150465 0)
(-0.00050936 0.00162891 0)
(-0.000519436 0.00149979 0)
(6.69547e-05 0.0012956 0)
(0.00123436 0.00152768 0)
(0.00217886 0.00268005 0)
(0.00182748 0.00403588 0)
(0.00084407 0.00437249 0)
(0.00058713 0.00417342 0)
(0.000626098 0.0044005 0)
(0.000353316 0.00467527 0)
(0.000180456 0.0046887 0)
(0.000150986 0.00476701 0)
(4.18259e-05 0.00487316 0)
(-2.21956e-05 0.00489263 0)
(-2.39642e-05 0.00493093 0)
(-3.09883e-05 0.00497694 0)
(-1.27256e-06 0.00500591 0)
(5.6442e-05 0.00505934 0)
(0.000119335 0.00513177 0)
(0.000196459 0.00522087 0)
(0.000276105 0.00533852 0)
(0.000351555 0.00547894 0)
(0.000425254 0.00564069 0)
(0.000496845 0.00582248 0)
(0.000573892 0.00601987 0)
(0.000664334 0.00623459 0)
(0.000769764 0.00646859 0)
(0.00088486 0.0067295 0)
(0.000995505 0.00702257 0)
(0.00108534 0.00734264 0)
(0.0011436 0.00767664 0)
(0.00116913 0.00801023 0)
(0.00116804 0.0083342 0)
(0.00114699 0.00864447 0)
(0.00110952 0.00893773 0)
(0.00105744 0.00921086 0)
(0.000992982 0.00946219 0)
(0.000918814 0.0096902 0)
(0.000837187 0.00989289 0)
(0.000749996 0.01007 0)
(0.000658902 0.0102221 0)
(0.000565345 0.0103489 0)
(0.00047036 0.0104507 0)
(0.000375068 0.0105278 0)
(0.000280523 0.010581 0)
(0.00018692 0.0106103 0)
(9.47264e-05 0.0106188 0)
(5.82453e-06 0.0106223 0)
(-7.74459e-05 0.0106053 0)
(-0.000156102 0.0105724 0)
(-0.000233324 0.0105234 0)
(-0.000307571 0.0104578 0)
(-0.000378513 0.0103776 0)
(-0.000446882 0.0102833 0)
(-0.000512149 0.0101754 0)
(-0.000574242 0.0100552 0)
(-0.000633319 0.0099235 0)
(-0.00068917 0.00978116 0)
(-0.000741773 0.00962925 0)
(-0.000791093 0.00946863 0)
(-0.000837005 0.00930027 0)
(-0.000879503 0.00912516 0)
(-0.000918537 0.00894422 0)
(-0.000954073 0.00875842 0)
(-0.000986156 0.00856871 0)
(-0.0010148 0.008376 0)
(-0.00104009 0.00818124 0)
(-0.00106217 0.00798532 0)
(-0.00108119 0.00778911 0)
(-0.00109743 0.00759348 0)
(-0.00111121 0.00739922 0)
(-0.00112295 0.00720704 0)
(-0.00113314 0.00701759 0)
(-0.00114235 0.00683141 0)
(-0.00115125 0.00664889 0)
(-0.00116054 0.00647028 0)
(-0.00117101 0.00629569 0)
(-0.00118342 0.00612504 0)
(-0.00119853 0.0059581 0)
(-0.00121712 0.00579454 0)
(-0.0012399 0.00563388 0)
(-0.00126756 0.00547562 0)
(-0.0013008 0.00531919 0)
(-0.00134031 0.00516398 0)
(-0.00138684 0.00500943 0)
(-0.00144125 0.00485492 0)
(-0.00150451 0.00469975 0)
(-0.00157776 0.00454318 0)
(-0.00166238 0.00438421 0)
(-0.00175951 0.0042211 0)
(-0.00188615 0.00408809 0)
(-0.00203455 0.00395516 0)
(-0.00220702 0.00381728 0)
(-0.00240542 0.00366982 0)
(-0.00263052 0.00350668 0)
(-0.0028812 0.0033208 0)
(-0.00315326 0.00310423 0)
(-0.00343611 0.00284685 0)
(-0.00371817 0.00254419 0)
(-0.003985 0.00219582 0)
(-0.00422491 0.00180729 0)
(-0.00443257 0.00138918 0)
(-0.00462364 0.000958623 0)
(-0.00481604 0.000567444 0)
(-0.00499142 -0.000183616 0)
(-0.00476419 0.00105489 0)
)
;
    }
    frontAndBack
    {
        type            empty;
    }
}


// ************************************************************************* //
