/*--------------------------------*- C++ -*----------------------------------*\
  =========                 |
  \\      /  F ield         | OpenFOAM: The Open Source CFD Toolbox
   \\    /   O peration     | Website:  https://openfoam.org
    \\  /    A nd           | Version:  7
     \\/     M anipulation  |
\*---------------------------------------------------------------------------*/
FoamFile
{
    version     2.0;
    format      ascii;
    class       volVectorField;
    location    "0.14";
    object      wallShearStress;
}
// * * * * * * * * * * * * * * * * * * * * * * * * * * * * * * * * * * * * * //

dimensions      [0 2 -2 0 0 0 0];

internalField   uniform (0 0 0);

boundaryField
{
    velocityInlet
    {
        type            calculated;
        value           uniform (0 0 0);
    }
    pressureOutlet
    {
        type            calculated;
        value           uniform (0 0 0);
    }
    fixedWalls
    {
        type            calculated;
        value           nonuniform List<vector> 
100
(
(-0.0159175 -0.00758737 0)
(0.00950291 -0.00123182 0)
(-0.00108662 0.00066995 0)
(0.00162214 -1.73924e-05 0)
(-6.01916e-05 5.32422e-05 0)
(0.00055066 5.48157e-06 0)
(-2.08033e-05 2.60109e-05 0)
(-9.69584e-05 5.92203e-05 0)
(-0.000834125 9.21922e-05 0)
(-0.00138595 0.00012229 0)
(-0.00196981 9.44889e-05 0)
(-0.00177572 -9.2968e-05 0)
(0.000164717 -0.000374469 0)
(0.00318742 -0.000505562 0)
(0.00481407 -0.000211443 0)
(0.0031566 0.000296544 0)
(-0.00165969 0.000604934 0)
(-0.00627204 0.000480556 0)
(-0.00808803 0.000118735 0)
(-0.00829269 1.99126e-05 0)
(-0.00941203 0.000251907 0)
(-0.0119991 0.000446302 0)
(-0.0136672 0.000381495 0)
(-0.0117749 -0.000396228 0)
(-0.00288362 -0.00128572 0)
(0.00818269 -0.00175577 0)
(0.0172637 -0.00147597 0)
(0.0221595 -0.000807863 0)
(0.0225756 -0.000111216 0)
(0.0191916 0.000449176 0)
(0.0134148 0.000744222 0)
(0.00693664 0.000759454 0)
(0.00123964 0.000585871 0)
(-0.00285104 0.000380609 0)
(-0.00527614 0.000191192 0)
(-0.00634341 6.82498e-05 0)
(-0.00653736 3.53343e-06 0)
(-0.00629125 -2.79419e-05 0)
(-0.00589369 -3.62195e-05 0)
(-0.00550059 -3.24025e-05 0)
(-0.00518302 -2.29893e-05 0)
(-0.00495021 -1.42051e-05 0)
(-0.00476672 -1.10196e-05 0)
(-0.00458525 -1.34266e-05 0)
(-0.00438253 -1.69926e-05 0)
(-0.00416917 -1.76611e-05 0)
(-0.00397225 -1.44771e-05 0)
(-0.00381476 -8.68995e-06 0)
(-0.003705 -2.25957e-06 0)
(-0.003633 2.66689e-06 0)
(-0.00357096 4.02886e-06 0)
(-0.00347823 3.29076e-07 0)
(-0.00330931 -8.95053e-06 0)
(-0.0030228 -2.34088e-05 0)
(-0.00259116 -4.15024e-05 0)
(-0.00201112 -6.02116e-05 0)
(-0.0013124 -7.5262e-05 0)
(-0.00055846 -8.23019e-05 0)
(0.000166876 -7.92317e-05 0)
(0.000776917 -6.48571e-05 0)
(0.00120735 -4.37917e-05 0)
(0.00144698 -2.19373e-05 0)
(0.00153379 -5.73893e-06 0)
(0.00154651 9.55238e-07 0)
(0.00156284 -1.75301e-06 0)
(0.00160043 -6.23044e-06 0)
(0.00158063 -1.56335e-06 0)
(0.00137628 1.69055e-05 0)
(0.000917084 4.15322e-05 0)
(0.000257639 5.60267e-05 0)
(-0.000467487 5.92754e-05 0)
(-0.0011345 5.27675e-05 0)
(-0.00167392 4.15372e-05 0)
(-0.00207037 3.01373e-05 0)
(-0.00234019 2.04311e-05 0)
(-0.00251055 1.28671e-05 0)
(-0.00260964 7.41304e-06 0)
(-0.00266344 3.91633e-06 0)
(-0.00269525 2.23451e-06 0)
(-0.00272497 2.14398e-06 0)
(-0.00276873 3.39642e-06 0)
(-0.00283866 5.69477e-06 0)
(-0.00294508 8.96784e-06 0)
(-0.00309857 1.35559e-05 0)
(-0.0033103 1.95981e-05 0)
(-0.0035762 2.55185e-05 0)
(-0.00385812 2.76245e-05 0)
(-0.00407004 2.21594e-05 0)
(-0.00411188 9.25959e-06 0)
(-0.00390067 -1.04918e-05 0)
(-0.00342775 -3.03511e-05 0)
(-0.00269329 -5.03054e-05 0)
(-0.0017525 -7.0043e-05 0)
(-0.000572784 -9.63286e-05 0)
(0.000717997 -0.000103892 0)
(0.00190862 -0.000102305 0)
(0.00279444 -6.90625e-05 0)
(0.00268035 -1.39507e-08 0)
(0.00252234 4.45764e-05 0)
(0.000165783 9.87918e-05 0)
)
;
    }
    bottomWall
    {
        type            calculated;
        value           nonuniform List<vector> 
800
(
(-0.0353489 0.00214397 0)
(-0.016027 0.000524813 0)
(-0.0106088 0.00010069 0)
(-0.00845768 3.52335e-05 0)
(-0.00748879 1.98317e-05 0)
(-0.00685603 1.609e-05 0)
(-0.00634954 1.33222e-05 0)
(-0.00593943 1.08648e-05 0)
(-0.00560571 9.04217e-06 0)
(-0.00532795 7.72517e-06 0)
(-0.00509154 6.72814e-06 0)
(-0.00488703 5.94068e-06 0)
(-0.00470793 5.30297e-06 0)
(-0.00454951 4.77759e-06 0)
(-0.00440817 4.33864e-06 0)
(-0.00428113 3.96745e-06 0)
(-0.00416621 3.65004e-06 0)
(-0.00406165 3.37602e-06 0)
(-0.00396605 3.13751e-06 0)
(-0.00387823 2.92828e-06 0)
(-0.00379724 2.74358e-06 0)
(-0.00372228 2.57948e-06 0)
(-0.00365266 2.43277e-06 0)
(-0.00358782 2.30107e-06 0)
(-0.00352726 2.18235e-06 0)
(-0.00347055 2.07477e-06 0)
(-0.00341732 1.97693e-06 0)
(-0.00336725 1.88757e-06 0)
(-0.00332007 1.80573e-06 0)
(-0.00327552 1.73059e-06 0)
(-0.00323338 1.66127e-06 0)
(-0.00319347 1.59715e-06 0)
(-0.0031556 1.53777e-06 0)
(-0.00311963 1.48271e-06 0)
(-0.0030854 1.4314e-06 0)
(-0.0030528 1.3836e-06 0)
(-0.00302171 1.33894e-06 0)
(-0.00299203 1.29706e-06 0)
(-0.00296366 1.25777e-06 0)
(-0.00293653 1.22091e-06 0)
(-0.00291054 1.18631e-06 0)
(-0.00288564 1.15376e-06 0)
(-0.00286174 1.12292e-06 0)
(-0.00283881 1.09378e-06 0)
(-0.00281676 1.06636e-06 0)
(-0.00279558 1.04008e-06 0)
(-0.00277518 1.01588e-06 0)
(-0.00275555 9.9192e-07 0)
(-0.00273662 9.70276e-07 0)
(-0.00271839 9.47331e-07 0)
(-0.00270315 9.28487e-07 0)
(-0.00269057 9.17893e-07 0)
(-0.00267815 9.04324e-07 0)
(-0.00266591 8.89584e-07 0)
(-0.00265388 8.76005e-07 0)
(-0.00264202 8.63174e-07 0)
(-0.00263033 8.50557e-07 0)
(-0.00261882 8.38176e-07 0)
(-0.00260747 8.26055e-07 0)
(-0.00259628 8.14358e-07 0)
(-0.00258526 8.02743e-07 0)
(-0.00257439 7.91537e-07 0)
(-0.00256367 7.80737e-07 0)
(-0.0025531 7.70011e-07 0)
(-0.00254267 7.59519e-07 0)
(-0.00253239 7.49262e-07 0)
(-0.00252224 7.39235e-07 0)
(-0.00251223 7.29439e-07 0)
(-0.00250236 7.19702e-07 0)
(-0.00249261 7.10356e-07 0)
(-0.00248299 7.01234e-07 0)
(-0.0024735 6.9217e-07 0)
(-0.00246413 6.8349e-07 0)
(-0.00245487 6.74863e-07 0)
(-0.00244573 6.66287e-07 0)
(-0.00243671 6.57927e-07 0)
(-0.00242781 6.49948e-07 0)
(-0.002419 6.42017e-07 0)
(-0.00241031 6.3413e-07 0)
(-0.00240173 6.26622e-07 0)
(-0.00239324 6.1899e-07 0)
(-0.00238486 6.11567e-07 0)
(-0.00237658 6.04516e-07 0)
(-0.0023684 5.97507e-07 0)
(-0.00236031 5.90536e-07 0)
(-0.00235232 5.8377e-07 0)
(-0.00234441 5.77039e-07 0)
(-0.00233661 5.70513e-07 0)
(-0.00232888 5.64188e-07 0)
(-0.00232124 5.57731e-07 0)
(-0.0023137 5.5164e-07 0)
(-0.00230623 5.45585e-07 0)
(-0.00229885 5.39561e-07 0)
(-0.00229154 5.33902e-07 0)
(-0.00228432 5.28106e-07 0)
(-0.00227717 5.2251e-07 0)
(-0.0022701 5.16942e-07 0)
(-0.00226311 5.11571e-07 0)
(-0.00225618 5.06395e-07 0)
(-0.00224933 5.00915e-07 0)
(-0.00224256 4.95794e-07 0)
(-0.00223585 4.90868e-07 0)
(-0.00222921 4.85967e-07 0)
(-0.00222263 4.8126e-07 0)
(-0.00221612 4.7641e-07 0)
(-0.00220968 4.71585e-07 0)
(-0.0022033 4.67117e-07 0)
(-0.00219698 4.62506e-07 0)
(-0.00219073 4.58083e-07 0)
(-0.00218453 4.53849e-07 0)
(-0.00217839 4.49469e-07 0)
(-0.00217232 4.45278e-07 0)
(-0.00216629 4.41106e-07 0)
(-0.00216033 4.3712e-07 0)
(-0.00215442 4.33152e-07 0)
(-0.00214857 4.29205e-07 0)
(-0.00214276 4.25274e-07 0)
(-0.00213702 4.21362e-07 0)
(-0.00213132 4.178e-07 0)
(-0.00212567 4.1409e-07 0)
(-0.00212008 4.10395e-07 0)
(-0.00211453 4.06883e-07 0)
(-0.00210903 4.03387e-07 0)
(-0.00210358 3.99907e-07 0)
(-0.00209818 3.96441e-07 0)
(-0.00209282 3.93159e-07 0)
(-0.00208751 3.89889e-07 0)
(-0.00208224 3.86635e-07 0)
(-0.00207702 3.83393e-07 0)
(-0.00207184 3.80336e-07 0)
(-0.0020667 3.77289e-07 0)
(-0.00206161 3.74257e-07 0)
(-0.00205655 3.71236e-07 0)
(-0.00205154 3.68231e-07 0)
(-0.00204657 3.65404e-07 0)
(-0.00204163 3.62423e-07 0)
(-0.00203674 3.59621e-07 0)
(-0.00203188 3.56996e-07 0)
(-0.00202706 3.54221e-07 0)
(-0.00202228 3.51451e-07 0)
(-0.00201754 3.4887e-07 0)
(-0.00201283 3.46281e-07 0)
(-0.00200815 3.43732e-07 0)
(-0.00200351 3.4115e-07 0)
(-0.00199891 3.38645e-07 0)
(-0.00199434 3.3622e-07 0)
(-0.0019898 3.33771e-07 0)
(-0.0019853 3.31316e-07 0)
(-0.00198082 3.29089e-07 0)
(-0.00197638 3.26444e-07 0)
(-0.00197266 3.24058e-07 0)
(-0.00196961 3.22913e-07 0)
(-0.00196655 3.21606e-07 0)
(-0.00196349 3.19983e-07 0)
(-0.00196042 3.18386e-07 0)
(-0.00195734 3.16851e-07 0)
(-0.00195426 3.15081e-07 0)
(-0.00195117 3.13551e-07 0)
(-0.00194808 3.1225e-07 0)
(-0.00194497 3.10727e-07 0)
(-0.00194186 3.08982e-07 0)
(-0.00193875 3.07473e-07 0)
(-0.00193563 3.0596e-07 0)
(-0.00193251 3.04477e-07 0)
(-0.00192938 3.02985e-07 0)
(-0.00192624 3.01498e-07 0)
(-0.00192309 3.00015e-07 0)
(-0.00191995 2.9833e-07 0)
(-0.00191679 2.96864e-07 0)
(-0.00191363 2.95613e-07 0)
(-0.00191046 2.94152e-07 0)
(-0.00190729 2.92493e-07 0)
(-0.00190411 2.91034e-07 0)
(-0.00190092 2.89402e-07 0)
(-0.00189773 2.87958e-07 0)
(-0.00189454 2.86734e-07 0)
(-0.00189133 2.85107e-07 0)
(-0.00188813 2.83685e-07 0)
(-0.00188491 2.82267e-07 0)
(-0.00188169 2.80661e-07 0)
(-0.00187847 2.79244e-07 0)
(-0.00187524 2.77854e-07 0)
(-0.001872 2.7626e-07 0)
(-0.00186876 2.74868e-07 0)
(-0.00186551 2.73479e-07 0)
(-0.00186226 2.71905e-07 0)
(-0.00185901 2.70518e-07 0)
(-0.00185574 2.68965e-07 0)
(-0.00185248 2.67577e-07 0)
(-0.00184921 2.66227e-07 0)
(-0.00184593 2.64672e-07 0)
(-0.00184265 2.63142e-07 0)
(-0.00183937 2.61787e-07 0)
(-0.00183607 2.60438e-07 0)
(-0.00183278 2.58911e-07 0)
(-0.00182948 2.57402e-07 0)
(-0.00182618 2.55891e-07 0)
(-0.00182287 2.54564e-07 0)
(-0.00181956 2.5305e-07 0)
(-0.00181624 2.51578e-07 0)
(-0.00181292 2.5026e-07 0)
(-0.0018096 2.48785e-07 0)
(-0.00180627 2.47308e-07 0)
(-0.00180294 2.4601e-07 0)
(-0.0017996 2.4454e-07 0)
(-0.00179626 2.42928e-07 0)
(-0.00179292 2.41624e-07 0)
(-0.00178957 2.40199e-07 0)
(-0.00178622 2.38748e-07 0)
(-0.00178287 2.3733e-07 0)
(-0.00177951 2.35743e-07 0)
(-0.00177616 2.34491e-07 0)
(-0.00177279 2.33073e-07 0)
(-0.00176943 2.31668e-07 0)
(-0.00176606 2.30238e-07 0)
(-0.00176269 2.28734e-07 0)
(-0.00175931 2.27345e-07 0)
(-0.00175594 2.25974e-07 0)
(-0.00175256 2.24587e-07 0)
(-0.00174918 2.23245e-07 0)
(-0.00174579 2.21745e-07 0)
(-0.00174241 2.20413e-07 0)
(-0.00173902 2.19063e-07 0)
(-0.00173563 2.17749e-07 0)
(-0.00173223 2.16386e-07 0)
(-0.00172883 2.14987e-07 0)
(-0.00172544 2.13492e-07 0)
(-0.00172204 2.12277e-07 0)
(-0.00171864 2.11008e-07 0)
(-0.00171523 2.09781e-07 0)
(-0.00171183 2.08236e-07 0)
(-0.00170841 2.07147e-07 0)
(-0.00170501 2.05298e-07 0)
(-0.00170159 2.05069e-07 0)
(-0.00169819 2.02541e-07 0)
(-0.00169474 2.03331e-07 0)
(-0.00169136 1.99098e-07 0)
(-0.00168785 2.02765e-07 0)
(-0.00168455 1.94131e-07 0)
(-0.00168093 2.04473e-07 0)
(-0.00167776 1.86334e-07 0)
(-0.0016739 2.11343e-07 0)
(-0.00167104 1.71768e-07 0)
(-0.00166673 2.28306e-07 0)
(-0.00166444 1.44122e-07 0)
(-0.0016593 2.64037e-07 0)
(-0.00165804 9.23065e-08 0)
(-0.00165159 3.28026e-07 0)
(-0.00165182 9.84608e-09 0)
(-0.00164366 3.60145e-07 0)
(-0.0353485 -0.00214403 0)
(-0.0160248 -0.00052491 0)
(-0.0106038 -0.000100804 0)
(-0.00844964 -3.53453e-05 0)
(-0.00747736 -1.99512e-05 0)
(-0.00684083 -1.62195e-05 0)
(-0.00633024 -1.34608e-05 0)
(-0.00591577 -1.10124e-05 0)
(-0.00557748 -9.19903e-06 0)
(-0.00529491 -7.89125e-06 0)
(-0.0050535 -6.90328e-06 0)
(-0.0048438 -6.12493e-06 0)
(-0.00465934 -5.49616e-06 0)
(-0.0044954 -4.98004e-06 0)
(-0.00434838 -4.55087e-06 0)
(-0.00421548 -4.19007e-06 0)
(-0.00409452 -3.88407e-06 0)
(-0.00398372 -3.62266e-06 0)
(-0.00388164 -3.39808e-06 0)
(-0.0037871 -3.20456e-06 0)
(-0.00369909 -3.0376e-06 0)
(-0.00361677 -2.8934e-06 0)
(-0.00353942 -2.76931e-06 0)
(-0.00346641 -2.66335e-06 0)
(-0.00339718 -2.57381e-06 0)
(-0.00333123 -2.49943e-06 0)
(-0.00326812 -2.43923e-06 0)
(-0.00320744 -2.39297e-06 0)
(-0.0031488 -2.36019e-06 0)
(-0.00309186 -2.34088e-06 0)
(-0.00303626 -2.33519e-06 0)
(-0.00298165 -2.34417e-06 0)
(-0.00292774 -2.36763e-06 0)
(-0.00287412 -2.40823e-06 0)
(-0.00282053 -2.46478e-06 0)
(-0.0027665 -2.54326e-06 0)
(-0.00271174 -2.63963e-06 0)
(-0.00265577 -2.76527e-06 0)
(-0.00259812 -2.91237e-06 0)
(-0.00253845 -3.09789e-06 0)
(-0.00247567 -3.31359e-06 0)
(-0.00241038 -3.57276e-06 0)
(-0.0023392 -3.8935e-06 0)
(-0.00226651 -4.22689e-06 0)
(-0.00218149 -4.7408e-06 0)
(-0.00210089 -5.08868e-06 0)
(-0.00199134 -6.05941e-06 0)
(-0.00190651 -5.99656e-06 0)
(-0.00175367 -1.06463e-05 0)
(-0.00157283 0.000111168 0)
(0.00011914 -6.34331e-05 0)
(8.91326e-05 -0.000252133 0)
(3.98543e-05 -0.000343272 0)
(3.02812e-05 -0.0003811 0)
(3.7411e-05 -0.000385918 0)
(4.97645e-06 -0.000363835 0)
(-6.0458e-05 -0.000297745 0)
(-7.73547e-05 -0.000209751 0)
(-3.75533e-05 -0.000154699 0)
(-6.36896e-06 -0.000125803 0)
(5.52656e-06 -0.00011833 0)
(1.19114e-05 -0.000128849 0)
(1.57102e-05 -0.000141863 0)
(1.69093e-05 -0.000153993 0)
(1.66826e-05 -0.00016939 0)
(1.44299e-05 -0.00018145 0)
(8.44926e-06 -0.000176522 0)
(-1.52715e-06 -0.000153848 0)
(-1.58862e-05 -0.000114023 0)
(-3.56026e-05 -5.50714e-05 0)
(-6.18834e-05 2.71446e-05 0)
(-9.5548e-05 0.000137658 0)
(-0.000136005 0.000281164 0)
(-0.000180813 0.000460618 0)
(-0.000225925 0.000676375 0)
(-0.000265195 0.000921907 0)
(-0.000293282 0.00118772 0)
(-0.000306507 0.00146115 0)
(-0.00030283 0.00172742 0)
(-0.000282327 0.00197205 0)
(-0.000246984 0.00218238 0)
(-0.000200156 0.00234877 0)
(-0.000146101 0.00246535 0)
(-8.96796e-05 0.00252992 0)
(-3.51939e-05 0.00254392 0)
(1.40531e-05 0.00251189 0)
(5.64445e-05 0.0024418 0)
(9.17471e-05 0.00233992 0)
(0.000119467 0.00221343 0)
(0.000139971 0.00206929 0)
(0.000154206 0.00191353 0)
(0.000163508 0.00175096 0)
(0.000169441 0.00158498 0)
(0.000173521 0.00141756 0)
(0.000177033 0.00124952 0)
(0.000180946 0.00108074 0)
(0.000185861 0.000910484 0)
(0.000191958 0.000737783 0)
(0.00019913 0.000561701 0)
(0.000206981 0.000381593 0)
(0.000215116 0.000197149 0)
(0.00022204 8.06461e-06 0)
(0.000228507 -0.00018511 0)
(0.000230977 -0.000378071 0)
(0.000232085 -0.000572014 0)
(0.000230373 -0.000764322 0)
(0.000225568 -0.000952964 0)
(0.000217574 -0.00113584 0)
(0.000206435 -0.00131093 0)
(0.00019231 -0.00147631 0)
(0.000175476 -0.00163033 0)
(0.000156198 -0.00177155 0)
(0.000134748 -0.00189875 0)
(0.000111535 -0.00201099 0)
(8.6823e-05 -0.00210767 0)
(6.05903e-05 -0.00218824 0)
(3.31819e-05 -0.00225216 0)
(4.93773e-06 -0.00229964 0)
(-2.54502e-05 -0.00233092 0)
(-5.9025e-05 -0.00234438 0)
(-9.39825e-05 -0.00233908 0)
(-0.000130437 -0.00231606 0)
(-0.000169655 -0.00227378 0)
(-0.000209095 -0.00221265 0)
(-0.000251835 -0.00213517 0)
(-0.000302976 -0.00203511 0)
(-0.000351212 -0.00191015 0)
(-0.000397871 -0.00177746 0)
(-0.000480861 -0.00162952 0)
(-0.000588262 -0.00141192 0)
(-0.00061528 -0.00110927 0)
(-0.000494521 -0.000796997 0)
(-0.000277672 -0.000557549 0)
(-5.04175e-05 -0.000406971 0)
(0.000142255 -0.000319294 0)
(0.000287311 -0.000274845 0)
(0.000385065 -0.000262917 0)
(0.000435968 -0.00027621 0)
(0.000438558 -0.000305029 0)
(0.000397697 -0.000337825 0)
(0.00032444 -0.000366788 0)
(0.000228824 -0.000387257 0)
(0.000121897 -0.000394317 0)
(1.48805e-05 -0.000384147 0)
(-8.07105e-05 -0.000354762 0)
(-0.000155054 -0.00030788 0)
(-0.000202691 -0.000250128 0)
(-0.000224714 -0.000190054 0)
(-0.000226758 -0.000133848 0)
(-0.000215843 -8.37822e-05 0)
(-0.000198043 -3.90705e-05 0)
(-0.000177508 2.2199e-06 0)
(-0.000156965 4.1826e-05 0)
(-0.000138602 8.11356e-05 0)
(-0.000123241 0.00012122 0)
(-0.000111006 0.00016285 0)
(-0.000101164 0.000206194 0)
(-9.24808e-05 0.000250499 0)
(-8.36748e-05 0.000294048 0)
(-7.43007e-05 0.000335064 0)
(-6.42896e-05 0.000372437 0)
(-5.36058e-05 0.000405415 0)
(-4.22369e-05 0.000433387 0)
(-3.02044e-05 0.000455822 0)
(-1.76308e-05 0.00047226 0)
(-4.78318e-06 0.000482343 0)
(8.0845e-06 0.000485806 0)
(2.04915e-05 0.000482967 0)
(3.2472e-05 0.000475001 0)
(4.3879e-05 0.00046089 0)
(5.45657e-05 0.00044086 0)
(6.42815e-05 0.000415265 0)
(7.27273e-05 0.000384623 0)
(7.95724e-05 0.00034961 0)
(8.45408e-05 0.000311094 0)
(8.74953e-05 0.000270021 0)
(8.84045e-05 0.000227354 0)
(8.73227e-05 0.000183993 0)
(8.42964e-05 0.00014093 0)
(7.97009e-05 9.91598e-05 0)
(7.39286e-05 5.94348e-05 0)
(6.75465e-05 2.25773e-05 0)
(6.10114e-05 -1.09073e-05 0)
(5.49622e-05 -4.05014e-05 0)
(5.01228e-05 -6.59017e-05 0)
(4.71129e-05 -8.71037e-05 0)
(4.65757e-05 -0.00010464 0)
(4.8732e-05 -0.00011897 0)
(5.35511e-05 -0.000130884 0)
(6.07221e-05 -0.000141185 0)
(6.97168e-05 -0.000150667 0)
(7.98447e-05 -0.000160041 0)
(9.03573e-05 -0.000169871 0)
(0.000100557 -0.000180585 0)
(0.000109836 -0.000192523 0)
(0.000117642 -0.000205986 0)
(0.000123359 -0.000221211 0)
(0.000126211 -0.000238219 0)
(0.000125259 -0.000256569 0)
(0.000119644 -0.000275121 0)
(0.000109209 -0.000292831 0)
(9.38689e-05 -0.000307376 0)
(7.43601e-05 -0.000317019 0)
(5.20853e-05 -0.000320786 0)
(2.85806e-05 -0.000318398 0)
(5.17347e-06 -0.000310046 0)
(-1.68624e-05 -0.000296168 0)
(-3.62317e-05 -0.000277551 0)
(-5.18188e-05 -0.000255358 0)
(-6.27965e-05 -0.000231085 0)
(-6.87012e-05 -0.000206346 0)
(-6.9436e-05 -0.000182689 0)
(-6.52095e-05 -0.000161459 0)
(-5.64527e-05 -0.000143711 0)
(-4.37186e-05 -0.000129956 0)
(-2.76955e-05 -0.000119088 0)
(-1.00261e-05 -0.000114385 0)
(9.17669e-06 -0.000115632 0)
(2.90421e-05 -0.000122369 0)
(4.86647e-05 -0.000134367 0)
(6.72956e-05 -0.000151244 0)
(8.42379e-05 -0.000172513 0)
(9.88631e-05 -0.000197599 0)
(0.000110618 -0.000225851 0)
(0.000119035 -0.000256541 0)
(0.000123732 -0.000288885 0)
(0.000124425 -0.000322048 0)
(0.000120938 -0.000355157 0)
(0.000113207 -0.000387331 0)
(0.000101289 -0.000417694 0)
(8.53595e-05 -0.000445398 0)
(6.57126e-05 -0.00046965 0)
(4.27492e-05 -0.000489728 0)
(1.69678e-05 -0.000504994 0)
(-1.10741e-05 -0.000514881 0)
(-4.06329e-05 -0.000518839 0)
(-7.05992e-05 -0.000516509 0)
(-0.000100118 -0.000507836 0)
(-0.000128487 -0.000492704 0)
(-0.000154687 -0.000471176 0)
(-0.000177653 -0.000443505 0)
(-0.000196382 -0.000410233 0)
(-0.000210039 -0.000372528 0)
(-0.000218242 -0.000332908 0)
(-0.000221745 -0.000296501 0)
(-0.000223893 -0.000272734 0)
(-0.000233556 -0.000276821 0)
(-0.00026901 -0.000329266 0)
(-0.000351388 -0.00044943 0)
(-0.000490902 -0.000646763 0)
(4.28926e-06 -0.000131036 0)
(0.00018079 -0.000117372 0)
(0.00024044 -1.37726e-05 0)
(0.000165437 9.64766e-05 0)
(2.96283e-05 0.000142011 0)
(-0.000116944 0.000149995 0)
(-0.000251805 0.000133025 0)
(-0.000367847 0.000105198 0)
(-0.000460131 7.109e-05 0)
(-0.000526067 3.21052e-05 0)
(-0.000561797 -1.17329e-05 0)
(-0.000563621 -6.02379e-05 0)
(-0.000526777 -0.000111717 0)
(-0.000448784 -0.000162244 0)
(-0.000331503 -0.000207375 0)
(-0.000177677 -0.000242375 0)
(1.4985e-05 -0.000259256 0)
(0.000249517 -0.000221122 0)
(0.000464326 -9.57779e-05 0)
(0.000570224 8.46361e-06 0)
(0.000584813 1.04894e-05 0)
(0.000572056 -1.30511e-05 0)
(0.000559921 -7.94263e-06 0)
(0.000544921 1.63552e-05 0)
(0.000514006 4.65718e-05 0)
(0.000452446 7.5783e-05 0)
(0.000366674 8.65256e-05 0)
(0.000284808 6.73945e-05 0)
(0.000230278 3.47032e-05 0)
(0.000204574 7.15055e-06 0)
(0.000199733 -1.10509e-05 0)
(0.000210173 -2.07632e-05 0)
(0.000232045 -2.4578e-05 0)
(0.000260067 -2.39051e-05 0)
(0.000289821 -1.99872e-05 0)
(0.000316792 -1.45492e-05 0)
(0.000336663 -8.23634e-06 0)
(0.000346425 1.81314e-06 0)
(0.000347434 2.03256e-05 0)
(0.000344051 4.83422e-05 0)
(0.000339196 7.94049e-05 0)
(0.000336633 9.84566e-05 0)
(0.000344734 8.91468e-05 0)
(0.000377625 4.5315e-05 0)
(0.000446753 -2.3825e-05 0)
(0.000555554 -9.99955e-05 0)
(0.000698161 -0.000165111 0)
(0.000860762 -0.000208414 0)
(0.00102784 -0.000227889 0)
(0.0011873 -0.000227116 0)
(0.001331 -0.000213262 0)
(0.00145583 -0.000193736 0)
(0.00156172 -0.000171097 0)
(0.00164755 -0.000145274 0)
(0.00171165 -0.000116843 0)
(0.00175315 -8.66759e-05 0)
(0.00177215 -5.61776e-05 0)
(0.00176923 -2.7633e-05 0)
(0.00174679 -3.35655e-06 0)
(0.00170905 1.81322e-05 0)
(0.00165642 3.83017e-05 0)
(0.00159012 5.67486e-05 0)
(0.00151139 7.45772e-05 0)
(0.00141998 9.28525e-05 0)
(0.00131525 0.000112096 0)
(0.00119606 0.000133065 0)
(0.0010606 0.000156277 0)
(0.000906792 0.000181851 0)
(0.000732566 0.000209692 0)
(0.000535913 0.0002394 0)
(0.000315287 0.000269691 0)
(7.11414e-05 0.000299607 0)
(-0.000198501 0.000326665 0)
(-0.000490884 0.000350131 0)
(-0.000798305 0.000364105 0)
(-0.00111464 0.000366506 0)
(-0.00143158 0.000352573 0)
(-0.00173417 0.00031833 0)
(-0.0020065 0.000257952 0)
(-0.0022254 0.000168815 0)
(-0.00237093 5.17212e-05 0)
(-0.00242441 -9.34543e-05 0)
(-0.00235514 -0.000257229 0)
(-0.00214801 -0.000418001 0)
(-0.00180719 -0.000533129 0)
(-0.00137482 -0.000549302 0)
(-0.000950597 -0.000460426 0)
(-0.000610192 -0.000324279 0)
(-0.000367601 -0.000196619 0)
(-0.000209477 -9.46073e-05 0)
(-0.000117462 -2.92857e-05 0)
(-6.82315e-05 1.99806e-06 0)
(-4.67609e-05 1.50345e-05 0)
(-4.3665e-05 1.82146e-05 0)
(-4.68731e-05 1.23593e-05 0)
(-4.46528e-05 2.21191e-06 0)
(-3.20957e-05 -2.7595e-06 0)
(-1.5995e-05 -2.57325e-07 0)
(-6.11367e-06 3.76597e-06 0)
(-3.46884e-06 4.13016e-06 0)
(-2.15756e-06 7.21356e-06 0)
(-2.30294e-05 -1.37174e-05 0)
(-3.60421e-05 -7.45214e-05 0)
(-3.24132e-05 -0.000138758 0)
(-1.9548e-05 -0.000185924 0)
(-5.58211e-06 -0.000207001 0)
(7.05108e-06 -0.000204995 0)
(1.76159e-05 -0.000184775 0)
(2.33826e-05 -0.000154492 0)
(2.33266e-05 -0.000126286 0)
(2.07711e-05 -0.000106658 0)
(1.8722e-05 -9.32075e-05 0)
(1.61148e-05 -7.93346e-05 0)
(1.023e-05 -6.20474e-05 0)
(2.82552e-06 -4.17657e-05 0)
(-4.67477e-07 -2.20087e-05 0)
(7.27507e-06 -6.98326e-06 0)
(3.78071e-05 1.49416e-05 0)
(8.48033e-05 8.48186e-05 0)
(0.000121363 0.000223317 0)
(0.000114469 0.000370625 0)
(4.80361e-05 0.000435798 0)
(-3.59405e-05 0.000413164 0)
(-9.96011e-05 0.000310928 0)
(-0.000127032 0.000157304 0)
(-0.000111227 -2.16846e-06 0)
(-5.88457e-05 -0.00012927 0)
(1.52715e-05 -0.000190247 0)
(8.32171e-05 -0.00016354 0)
(8.79789e-05 -6.11529e-05 0)
(1.365e-05 3.01442e-05 0)
(-6.3497e-05 3.99223e-05 0)
(-0.000117358 -1.32858e-05 0)
(-0.000161511 -0.000128848 0)
(-0.000187263 -0.000295618 0)
(-0.000184186 -0.000465428 0)
(-0.000175204 -0.000615641 0)
(-0.000170162 -0.000750146 0)
(-0.000192029 -0.000892013 0)
(-0.000226716 -0.00108445 0)
(-0.000252049 -0.00133489 0)
(-0.000258014 -0.00161578 0)
(-0.00024814 -0.00189227 0)
(-0.00022085 -0.00213679 0)
(-0.000171454 -0.00232446 0)
(-8.85126e-05 -0.00243404 0)
(2.77966e-05 -0.00246289 0)
(0.000158317 -0.00236784 0)
(0.000283624 -0.00215714 0)
(0.000384819 -0.00181786 0)
(0.000429691 -0.00132293 0)
(0.000392195 -0.000748669 0)
(0.000333725 -0.000259381 0)
(0.000282648 0.00011367 0)
(0.000264275 0.000405765 0)
(0.000294779 0.00064485 0)
(0.000303617 0.00087472 0)
(0.000150375 0.00115008 0)
(-0.000123658 0.00135107 0)
(-0.000109879 0.00138428 0)
(0.000482588 0.00151614 0)
(0.00115859 0.00214524 0)
(0.00105786 0.00300527 0)
(0.000454556 0.00336056 0)
(0.000303461 0.00333999 0)
(0.000405357 0.00351955 0)
(0.000273729 0.00374372 0)
(0.000178703 0.00380355 0)
(0.000213238 0.00388756 0)
(0.000175578 0.00400551 0)
(0.000135527 0.00406522 0)
(0.000145885 0.00412646 0)
(0.000131455 0.00420054 0)
(0.000115362 0.00425258 0)
(0.000117953 0.00430401 0)
(0.000111657 0.00435924 0)
(0.000105928 0.00440598 0)
(0.000107074 0.00445268 0)
(0.000105204 0.00450042 0)
(0.000104508 0.00454528 0)
(0.000106374 0.00459068 0)
(0.000107388 0.00463671 0)
(0.000109351 0.00468225 0)
(0.000112254 0.00472868 0)
(0.000114991 0.00477581 0)
(0.000118247 0.0048234 0)
(0.000121756 0.00487189 0)
(0.000125171 0.00492107 0)
(0.000128677 0.00497083 0)
(0.000132063 0.00502122 0)
(0.000135204 0.00507203 0)
(0.000138097 0.00512311 0)
(0.000140607 0.00517432 0)
(0.000142672 0.00522542 0)
(0.000144235 0.00527621 0)
(0.000145206 0.00532646 0)
(0.000145533 0.00537589 0)
(0.000145157 0.00542426 0)
(0.00014401 0.00547128 0)
(0.000142053 0.00551665 0)
(0.000139248 0.0055601 0)
(0.000135548 0.00560134 0)
(0.00013093 0.00564005 0)
(0.00012539 0.00567595 0)
(0.000118913 0.00570885 0)
(0.000111525 0.00573899 0)
(0.00010322 0.00576562 0)
(9.4002e-05 0.00578848 0)
(8.39137e-05 0.00580733 0)
(7.30111e-05 0.00582197 0)
(6.13756e-05 0.0058322 0)
(4.90697e-05 0.00583786 0)
(3.62836e-05 0.00583872 0)
(2.33509e-05 0.00583486 0)
(1.0092e-05 0.00582662 0)
(-3.55607e-06 0.00581366 0)
(-1.74563e-05 0.00579614 0)
(-3.16234e-05 0.00577397 0)
(-4.59655e-05 0.00574725 0)
(-6.04586e-05 0.005716 0)
(-7.50339e-05 0.00568032 0)
(-8.96362e-05 0.00564028 0)
(-0.000104198 0.005596 0)
(-0.00011868 0.00554761 0)
(-0.000133024 0.00549523 0)
(-0.000147189 0.00543904 0)
(-0.000161131 0.00537918 0)
(-0.000174807 0.00531582 0)
(-0.0001882 0.00524915 0)
(-0.000201278 0.00517932 0)
(-0.00021401 0.00510653 0)
(-0.000226392 0.00503096 0)
(-0.000238424 0.0049528 0)
(-0.000250088 0.0048722 0)
(-0.000261388 0.00478935 0)
(-0.000272332 0.0047044 0)
(-0.000282925 0.00461755 0)
(-0.000293198 0.00452891 0)
(-0.000303152 0.00443863 0)
(-0.00031281 0.00434687 0)
(-0.000322203 0.00425373 0)
(-0.00033136 0.00415935 0)
(-0.000340311 0.00406381 0)
(-0.00034908 0.00396721 0)
(-0.000357704 0.00386965 0)
(-0.000366224 0.0037712 0)
(-0.000374689 0.00367192 0)
(-0.000383123 0.00357186 0)
(-0.000391569 0.00347108 0)
(-0.000400079 0.00336961 0)
(-0.000408693 0.00326747 0)
(-0.000417458 0.00316469 0)
(-0.000426433 0.00306128 0)
(-0.000435674 0.00295723 0)
(-0.000445212 0.00285252 0)
(-0.000455113 0.00274716 0)
(-0.000465451 0.00264112 0)
(-0.00047628 0.00253436 0)
(-0.000487668 0.00242684 0)
(-0.000499682 0.00231852 0)
(-0.000512409 0.00220934 0)
(-0.000525938 0.00209921 0)
(-0.000540348 0.00198804 0)
(-0.000555693 0.00187571 0)
(-0.000572058 0.00176218 0)
(-0.000589527 0.00164731 0)
(-0.000608189 0.00153104 0)
(-0.00062819 0.00141323 0)
(-0.000649639 0.00129373 0)
(-0.000672767 0.00117246 0)
(-0.000697646 0.00104885 0)
(-0.000732206 0.000933556 0)
(-0.000772897 0.000817534 0)
(-0.000818731 0.00069673 0)
(-0.000868718 0.000568992 0)
(-0.000921229 0.000432939 0)
(-0.000974577 0.000288511 0)
(-0.00102696 0.000137001 0)
(-0.00107722 -1.9067e-05 0)
(-0.00112629 -0.000177123 0)
(-0.00117671 -0.000335656 0)
(-0.00123092 -0.000494467 0)
(-0.00129144 -0.000654611 0)
(-0.00135977 -0.000817925 0)
(-0.00145028 -0.000994277 0)
(-0.00155397 -0.00117884 0)
(-0.00166921 -0.0013707 0)
(-0.00179708 -0.00157052 0)
(-0.00193922 -0.00177955 0)
(-0.00209726 -0.00199756 0)
(-0.00227379 -0.00222816 0)
(-0.00246973 -0.00246652 0)
(-0.00269056 -0.00272691 0)
(-0.00293248 -0.0029825 0)
(-0.00321274 -0.00329346 0)
(-0.00350403 -0.00354155 0)
(-0.00386753 -0.00396501 0)
(-0.00417587 -0.00410187 0)
(-0.00462619 -0.00482218 0)
(-0.00463504 -0.00441149 0)
)
;
    }
    frontAndBack
    {
        type            empty;
    }
}


// ************************************************************************* //
