/*--------------------------------*- C++ -*----------------------------------*\
  =========                 |
  \\      /  F ield         | OpenFOAM: The Open Source CFD Toolbox
   \\    /   O peration     | Website:  https://openfoam.org
    \\  /    A nd           | Version:  7
     \\/     M anipulation  |
\*---------------------------------------------------------------------------*/
FoamFile
{
    version     2.0;
    format      ascii;
    class       volVectorField;
    location    "0.36";
    object      wallShearStress;
}
// * * * * * * * * * * * * * * * * * * * * * * * * * * * * * * * * * * * * * //

dimensions      [0 2 -2 0 0 0 0];

internalField   uniform (0 0 0);

boundaryField
{
    velocityInlet
    {
        type            calculated;
        value           uniform (0 0 0);
    }
    pressureOutlet
    {
        type            calculated;
        value           uniform (0 0 0);
    }
    fixedWalls
    {
        type            calculated;
        value           nonuniform List<vector> 
100
(
(-0.0184448 -0.00519386 0)
(-0.00471153 -0.000983597 0)
(-0.00442526 0.000141554 0)
(-0.00443779 5.98557e-05 0)
(-0.00412181 -2.42921e-05 0)
(-0.00374921 -3.41955e-05 0)
(-0.00343412 -2.63844e-05 0)
(-0.00317473 -1.92287e-05 0)
(-0.00296005 -1.25034e-05 0)
(-0.00280155 -4.01453e-06 0)
(-0.00270508 3.06596e-06 0)
(-0.00265541 6.3362e-06 0)
(-0.0026146 5.23459e-07 0)
(-0.00254416 -1.23469e-05 0)
(-0.00264385 2.42498e-05 0)
(-0.00353611 0.000173485 0)
(-0.00550977 0.00033303 0)
(-0.00752311 0.000326632 0)
(-0.00755893 -4.53104e-05 0)
(-0.00366978 -0.000753929 0)
(0.0028411 -0.00099331 0)
(0.00758854 -0.000660836 0)
(0.00822792 -2.69347e-05 0)
(0.00556807 0.000399059 0)
(0.00178827 0.00047745 0)
(-0.00147287 0.000357274 0)
(-0.00347815 0.000196472 0)
(-0.00442406 8.46765e-05 0)
(-0.00472288 2.61639e-05 0)
(-0.00471539 1.30402e-06 0)
(-0.00459474 -6.70377e-06 0)
(-0.00443469 -9.45855e-06 0)
(-0.00423647 -1.5573e-05 0)
(-0.00397929 -2.57884e-05 0)
(-0.00366766 -3.56682e-05 0)
(-0.00334226 -4.0863e-05 0)
(-0.00310312 -3.3938e-05 0)
(-0.0031474 6.71669e-06 0)
(-0.00367513 7.52247e-05 0)
(-0.00462854 0.000130325 0)
(-0.00558991 0.000134538 0)
(-0.00593464 6.56025e-05 0)
(-0.00506359 -0.000102962 0)
(-0.0029067 -0.000271631 0)
(-0.000233211 -0.000329914 0)
(0.00184819 -0.000239912 0)
(0.0026802 -8.82825e-05 0)
(0.00241156 3.42957e-05 0)
(0.00158091 8.78346e-05 0)
(0.000635253 9.27244e-05 0)
(-0.000204897 8.01386e-05 0)
(-0.000877017 6.23479e-05 0)
(-0.00139728 4.80071e-05 0)
(-0.00179595 3.70087e-05 0)
(-0.00210037 2.85336e-05 0)
(-0.00233247 2.20393e-05 0)
(-0.00251114 1.72859e-05 0)
(-0.00265304 1.40591e-05 0)
(-0.00277232 1.21369e-05 0)
(-0.0028811 1.15221e-05 0)
(-0.0029889 1.19912e-05 0)
(-0.00309992 1.31067e-05 0)
(-0.00320799 1.34885e-05 0)
(-0.0032932 1.15049e-05 0)
(-0.00332833 7.44908e-06 0)
(-0.0032947 6.95323e-07 0)
(-0.00319546 -4.5749e-06 0)
(-0.00305144 -6.91327e-06 0)
(-0.00287965 -7.51822e-06 0)
(-0.00267186 -9.71161e-06 0)
(-0.002393 -1.65595e-05 0)
(-0.00199672 -2.92607e-05 0)
(-0.00144292 -4.78944e-05 0)
(-0.000716906 -7.10184e-05 0)
(0.000154181 -8.72694e-05 0)
(0.00102527 -9.06964e-05 0)
(0.00164685 -6.41802e-05 0)
(0.00179008 -1.45934e-05 0)
(0.00138755 3.92317e-05 0)
(0.000599762 7.15721e-05 0)
(-0.000324228 7.80575e-05 0)
(-0.00117515 7.01006e-05 0)
(-0.00183872 5.30361e-05 0)
(-0.00228869 3.53521e-05 0)
(-0.0025461 2.00928e-05 0)
(-0.00264452 8.29202e-06 0)
(-0.00262016 -1.13284e-06 0)
(-0.00250244 -8.27339e-06 0)
(-0.00232511 -1.27301e-05 0)
(-0.00210764 -1.57577e-05 0)
(-0.00188099 -1.64238e-05 0)
(-0.0016416 -1.73306e-05 0)
(-0.0014262 -1.65926e-05 0)
(-0.00118638 -1.77535e-05 0)
(-0.00100658 -1.71443e-05 0)
(-0.000810092 -1.51637e-05 0)
(-0.000736899 -8.44835e-06 0)
(-0.000856029 3.11252e-06 0)
(-0.000904577 1.38348e-05 0)
(-0.001565 2.32214e-05 0)
)
;
    }
    bottomWall
    {
        type            calculated;
        value           nonuniform List<vector> 
800
(
(-0.0353512 0.00216563 0)
(-0.0160362 0.000524975 0)
(-0.0105899 0.000100568 0)
(-0.00845473 3.46019e-05 0)
(-0.00749034 1.96958e-05 0)
(-0.00685432 1.60245e-05 0)
(-0.00634519 1.32242e-05 0)
(-0.00593367 1.07745e-05 0)
(-0.00559879 8.97357e-06 0)
(-0.00531981 7.6737e-06 0)
(-0.00508214 6.68885e-06 0)
(-0.00487637 5.9108e-06 0)
(-0.00469602 5.28062e-06 0)
(-0.00453636 4.76138e-06 0)
(-0.0043938 4.32742e-06 0)
(-0.00426558 3.96021e-06 0)
(-0.0041495 3.64604e-06 0)
(-0.00404382 3.37464e-06 0)
(-0.00394713 3.13819e-06 0)
(-0.00385827 2.93063e-06 0)
(-0.00377629 2.74722e-06 0)
(-0.00370036 2.58415e-06 0)
(-0.00362983 2.43837e-06 0)
(-0.0035641 2.30742e-06 0)
(-0.00350269 2.18922e-06 0)
(-0.00344517 2.0821e-06 0)
(-0.00339116 1.98463e-06 0)
(-0.00334034 1.89564e-06 0)
(-0.00329243 1.81409e-06 0)
(-0.00324719 1.73914e-06 0)
(-0.00320438 1.67005e-06 0)
(-0.00316381 1.6062e-06 0)
(-0.00312531 1.54705e-06 0)
(-0.00308872 1.49211e-06 0)
(-0.0030539 1.44098e-06 0)
(-0.00302072 1.39329e-06 0)
(-0.00298907 1.34873e-06 0)
(-0.00295884 1.30702e-06 0)
(-0.00292994 1.26789e-06 0)
(-0.00290229 1.23114e-06 0)
(-0.0028758 1.19656e-06 0)
(-0.0028504 1.16396e-06 0)
(-0.00282603 1.13322e-06 0)
(-0.00280263 1.1041e-06 0)
(-0.00278013 1.07668e-06 0)
(-0.0027585 1.05044e-06 0)
(-0.00273767 1.02603e-06 0)
(-0.00271762 1.002e-06 0)
(-0.00269829 9.80398e-07 0)
(-0.00267966 9.5734e-07 0)
(-0.00266409 9.38432e-07 0)
(-0.00265122 9.27692e-07 0)
(-0.00263853 9.13939e-07 0)
(-0.00262603 8.99279e-07 0)
(-0.00261372 8.85535e-07 0)
(-0.00260159 8.72455e-07 0)
(-0.00258965 8.59683e-07 0)
(-0.00257787 8.47178e-07 0)
(-0.00256627 8.34968e-07 0)
(-0.00255484 8.23048e-07 0)
(-0.00254356 8.114e-07 0)
(-0.00253245 8.00012e-07 0)
(-0.00252149 7.88875e-07 0)
(-0.00251068 7.77982e-07 0)
(-0.00250002 7.67326e-07 0)
(-0.0024895 7.56898e-07 0)
(-0.00247913 7.46693e-07 0)
(-0.00246889 7.36702e-07 0)
(-0.0024588 7.2692e-07 0)
(-0.00244883 7.1734e-07 0)
(-0.002439 7.07955e-07 0)
(-0.00242929 6.98761e-07 0)
(-0.00241971 6.89752e-07 0)
(-0.00241025 6.80922e-07 0)
(-0.00240091 6.72267e-07 0)
(-0.00239169 6.63782e-07 0)
(-0.00238259 6.55463e-07 0)
(-0.0023736 6.47305e-07 0)
(-0.00236472 6.39303e-07 0)
(-0.00235595 6.31454e-07 0)
(-0.00234728 6.23754e-07 0)
(-0.00233872 6.16198e-07 0)
(-0.00233027 6.08782e-07 0)
(-0.00232191 6.01504e-07 0)
(-0.00231366 5.94361e-07 0)
(-0.0023055 5.87347e-07 0)
(-0.00229744 5.80461e-07 0)
(-0.00228947 5.737e-07 0)
(-0.00228159 5.67061e-07 0)
(-0.0022738 5.60541e-07 0)
(-0.00226611 5.54137e-07 0)
(-0.0022585 5.47847e-07 0)
(-0.00225097 5.41668e-07 0)
(-0.00224353 5.35598e-07 0)
(-0.00223617 5.29634e-07 0)
(-0.0022289 5.23775e-07 0)
(-0.0022217 5.18017e-07 0)
(-0.00221458 5.1236e-07 0)
(-0.00220754 5.068e-07 0)
(-0.00220058 5.01335e-07 0)
(-0.00219369 4.95964e-07 0)
(-0.00218687 4.90685e-07 0)
(-0.00218012 4.85494e-07 0)
(-0.00217345 4.80392e-07 0)
(-0.00216684 4.75374e-07 0)
(-0.00216031 4.70441e-07 0)
(-0.00215384 4.65589e-07 0)
(-0.00214744 4.60817e-07 0)
(-0.0021411 4.56124e-07 0)
(-0.00213483 4.51507e-07 0)
(-0.00212862 4.46964e-07 0)
(-0.00212247 4.42495e-07 0)
(-0.00211638 4.38096e-07 0)
(-0.00211035 4.33767e-07 0)
(-0.00210438 4.29507e-07 0)
(-0.00209847 4.25312e-07 0)
(-0.00209262 4.21183e-07 0)
(-0.00208683 4.17118e-07 0)
(-0.00208109 4.13114e-07 0)
(-0.0020754 4.09171e-07 0)
(-0.00206977 4.05288e-07 0)
(-0.00206419 4.01463e-07 0)
(-0.00205866 3.97696e-07 0)
(-0.00205319 3.93983e-07 0)
(-0.00204777 3.90326e-07 0)
(-0.00204239 3.86723e-07 0)
(-0.00203707 3.83172e-07 0)
(-0.00203179 3.79674e-07 0)
(-0.00202657 3.76226e-07 0)
(-0.00202139 3.72829e-07 0)
(-0.00201625 3.69481e-07 0)
(-0.00201116 3.66182e-07 0)
(-0.00200612 3.6293e-07 0)
(-0.00200112 3.59724e-07 0)
(-0.00199617 3.56565e-07 0)
(-0.00199126 3.53451e-07 0)
(-0.00198639 3.50383e-07 0)
(-0.00198156 3.47356e-07 0)
(-0.00197678 3.44378e-07 0)
(-0.00197203 3.41436e-07 0)
(-0.00196733 3.38547e-07 0)
(-0.00196266 3.35683e-07 0)
(-0.00195804 3.32886e-07 0)
(-0.00195345 3.30091e-07 0)
(-0.0019489 3.27395e-07 0)
(-0.00194439 3.24649e-07 0)
(-0.00193992 3.22068e-07 0)
(-0.00193548 3.19339e-07 0)
(-0.00193108 3.16864e-07 0)
(-0.00192671 3.14065e-07 0)
(-0.00192305 3.11576e-07 0)
(-0.00192006 3.10291e-07 0)
(-0.00191706 3.08736e-07 0)
(-0.00191405 3.06942e-07 0)
(-0.00191105 3.05166e-07 0)
(-0.00190803 3.03442e-07 0)
(-0.00190502 3.01743e-07 0)
(-0.001902 3.00047e-07 0)
(-0.00189897 2.98356e-07 0)
(-0.00189594 2.96671e-07 0)
(-0.00189291 2.94992e-07 0)
(-0.00188988 2.93322e-07 0)
(-0.00188683 2.91656e-07 0)
(-0.00188379 2.89996e-07 0)
(-0.00188074 2.8834e-07 0)
(-0.00187769 2.86692e-07 0)
(-0.00187464 2.8505e-07 0)
(-0.00187158 2.83413e-07 0)
(-0.00186851 2.81783e-07 0)
(-0.00186545 2.80159e-07 0)
(-0.00186238 2.78541e-07 0)
(-0.0018593 2.7693e-07 0)
(-0.00185623 2.75325e-07 0)
(-0.00185315 2.73726e-07 0)
(-0.00185006 2.72133e-07 0)
(-0.00184697 2.70547e-07 0)
(-0.00184388 2.68968e-07 0)
(-0.00184079 2.67396e-07 0)
(-0.00183769 2.65831e-07 0)
(-0.00183459 2.64273e-07 0)
(-0.00183149 2.62722e-07 0)
(-0.00182838 2.61178e-07 0)
(-0.00182527 2.59642e-07 0)
(-0.00182215 2.58113e-07 0)
(-0.00181904 2.56592e-07 0)
(-0.00181591 2.5508e-07 0)
(-0.00181279 2.53574e-07 0)
(-0.00180966 2.52078e-07 0)
(-0.00180653 2.5059e-07 0)
(-0.0018034 2.4911e-07 0)
(-0.00180026 2.47639e-07 0)
(-0.00179712 2.46176e-07 0)
(-0.00179398 2.44722e-07 0)
(-0.00179083 2.43277e-07 0)
(-0.00178768 2.41841e-07 0)
(-0.00178453 2.40413e-07 0)
(-0.00178137 2.38995e-07 0)
(-0.00177821 2.37587e-07 0)
(-0.00177505 2.36188e-07 0)
(-0.00177188 2.348e-07 0)
(-0.00176871 2.33423e-07 0)
(-0.00176554 2.32056e-07 0)
(-0.00176236 2.30702e-07 0)
(-0.00175918 2.29358e-07 0)
(-0.001756 2.28028e-07 0)
(-0.00175281 2.26708e-07 0)
(-0.00174962 2.25403e-07 0)
(-0.00174643 2.2411e-07 0)
(-0.00174323 2.22831e-07 0)
(-0.00174003 2.21565e-07 0)
(-0.00173682 2.20313e-07 0)
(-0.00173361 2.19074e-07 0)
(-0.0017304 2.17851e-07 0)
(-0.00172718 2.16637e-07 0)
(-0.00172396 2.1544e-07 0)
(-0.00172073 2.14264e-07 0)
(-0.0017175 2.13099e-07 0)
(-0.00171426 2.1195e-07 0)
(-0.00171102 2.10818e-07 0)
(-0.00170778 2.09704e-07 0)
(-0.00170453 2.08604e-07 0)
(-0.00170127 2.07523e-07 0)
(-0.00169801 2.06456e-07 0)
(-0.00169474 2.0541e-07 0)
(-0.00169146 2.0437e-07 0)
(-0.00168818 2.0338e-07 0)
(-0.0016849 2.02362e-07 0)
(-0.00168161 2.01439e-07 0)
(-0.00167831 2.00412e-07 0)
(-0.001675 1.99606e-07 0)
(-0.00167169 1.985e-07 0)
(-0.00166836 1.97934e-07 0)
(-0.00166504 1.9655e-07 0)
(-0.00166169 1.96548e-07 0)
(-0.00165837 1.94446e-07 0)
(-0.00165498 1.95715e-07 0)
(-0.00165167 1.91797e-07 0)
(-0.00164821 1.96018e-07 0)
(-0.00164495 1.87788e-07 0)
(-0.00164136 1.98748e-07 0)
(-0.00163823 1.8064e-07 0)
(-0.00163439 2.06566e-07 0)
(-0.00163156 1.66736e-07 0)
(-0.00162724 2.24617e-07 0)
(-0.001625 1.39306e-07 0)
(-0.00161981 2.61497e-07 0)
(-0.00161862 8.74323e-08 0)
(-0.00161208 3.268e-07 0)
(-0.00161239 5.47863e-09 0)
(-0.00160409 3.59566e-07 0)
(-0.0353513 -0.00216561 0)
(-0.0160369 -0.000524943 0)
(-0.0105916 -0.00010053 0)
(-0.00845749 -3.45663e-05 0)
(-0.00749415 -1.96601e-05 0)
(-0.0068592 -1.59888e-05 0)
(-0.00635112 -1.31886e-05 0)
(-0.00594061 -1.07388e-05 0)
(-0.00560673 -8.93728e-06 0)
(-0.00532876 -7.63626e-06 0)
(-0.00509213 -6.64967e-06 0)
(-0.00488744 -5.86933e-06 0)
(-0.00470822 -5.23637e-06 0)
(-0.00454975 -4.71395e-06 0)
(-0.00440846 -4.27647e-06 0)
(-0.00428157 -3.90536e-06 0)
(-0.0041669 -3.58686e-06 0)
(-0.00406273 -3.31059e-06 0)
(-0.00396764 -3.06862e-06 0)
(-0.0038805 -2.85474e-06 0)
(-0.00380037 -2.66405e-06 0)
(-0.00372645 -2.49259e-06 0)
(-0.00365809 -2.33716e-06 0)
(-0.00359475 -2.19506e-06 0)
(-0.00353595 -2.06405e-06 0)
(-0.0034813 -1.94217e-06 0)
(-0.00343046 -1.82771e-06 0)
(-0.00338316 -1.71915e-06 0)
(-0.00333916 -1.61496e-06 0)
(-0.00329827 -1.51393e-06 0)
(-0.00326033 -1.41442e-06 0)
(-0.00322521 -1.31544e-06 0)
(-0.00319285 -1.21495e-06 0)
(-0.00316318 -1.11211e-06 0)
(-0.00313619 -1.00413e-06 0)
(-0.00311191 -8.89958e-07 0)
(-0.00309035 -7.66461e-07 0)
(-0.00307178 -6.29978e-07 0)
(-0.00305601 -4.8106e-07 0)
(-0.00304395 -3.03203e-07 0)
(-0.00303465 -1.17734e-07 0)
(-0.00303078 1.41671e-07 0)
(-0.00302892 3.69373e-07 0)
(-0.00303645 7.87315e-07 0)
(-0.0030433 1.02114e-06 0)
(-0.00306835 1.82153e-06 0)
(-0.00308607 1.85267e-06 0)
(-0.00313708 4.13595e-06 0)
(-0.00319122 -4.91303e-06 0)
(-0.00298786 0.000229241 0)
(-2.10617e-05 1.37868e-05 0)
(-1.71964e-05 5.13364e-05 0)
(-1.62559e-05 6.58909e-05 0)
(-2.85492e-05 8.36405e-05 0)
(-4.84219e-05 0.000128857 0)
(-6.6673e-05 0.000202518 0)
(-8.24713e-05 0.000297791 0)
(-9.34672e-05 0.000411154 0)
(-9.49104e-05 0.000531789 0)
(-7.93979e-05 0.0006425 0)
(-4.20747e-05 0.000717174 0)
(1.33567e-05 0.000729343 0)
(7.5862e-05 0.00066351 0)
(0.000134888 0.000520001 0)
(0.000183439 0.000315737 0)
(0.000219687 6.14494e-05 0)
(0.000230728 -0.000220947 0)
(0.00022754 -0.000495305 0)
(0.000218775 -0.000762455 0)
(0.000206367 -0.00101707 0)
(0.000192693 -0.0012556 0)
(0.000179502 -0.00147769 0)
(0.000167601 -0.0016846 0)
(0.000157066 -0.00187803 0)
(0.000147534 -0.00205953 0)
(0.000138236 -0.00223039 0)
(0.000126797 -0.0023916 0)
(0.000108017 -0.00254163 0)
(7.95169e-05 -0.00267207 0)
(5.63426e-05 -0.00277218 0)
(6.31525e-05 -0.00285341 0)
(6.98609e-05 -0.00295706 0)
(-4.0558e-05 -0.00307883 0)
(-0.000325576 -0.00308315 0)
(-0.00061619 -0.00282116 0)
(-0.000660854 -0.00238062 0)
(-0.000437153 -0.00197986 0)
(-0.000123756 -0.0017107 0)
(0.000103626 -0.00154772 0)
(0.000190832 -0.00145519 0)
(0.000182138 -0.00140279 0)
(0.000146006 -0.00139169 0)
(0.000121923 -0.00142428 0)
(0.000106902 -0.00148609 0)
(8.24444e-05 -0.0015466 0)
(3.94064e-05 -0.00157434 0)
(-2.35361e-05 -0.00154833 0)
(-0.000101499 -0.00145901 0)
(-0.000184579 -0.00130561 0)
(-0.000259714 -0.0010983 0)
(-0.000315824 -0.00085546 0)
(-0.000348784 -0.000597198 0)
(-0.000360917 -0.000338078 0)
(-0.000353095 -8.46254e-05 0)
(-0.000326407 0.000149084 0)
(-0.000290284 0.000348893 0)
(-0.000253128 0.000517637 0)
(-0.00021694 0.000659925 0)
(-0.00018201 0.000777472 0)
(-0.000148786 0.000871544 0)
(-0.000117741 0.000943864 0)
(-8.9227e-05 0.000996493 0)
(-6.34803e-05 0.00103163 0)
(-4.06167e-05 0.00105147 0)
(-2.08902e-05 0.0010582 0)
(-4.16984e-06 0.00105414 0)
(9.26452e-06 0.00104149 0)
(1.92596e-05 0.00102216 0)
(2.57628e-05 0.000998392 0)
(2.96586e-05 0.000972697 0)
(3.34506e-05 0.000947402 0)
(4.1091e-05 0.000923413 0)
(5.58407e-05 0.000899058 0)
(7.71704e-05 0.000870928 0)
(0.000100281 0.000836757 0)
(0.000119359 0.000797211 0)
(0.000130575 0.000754785 0)
(0.000132182 0.000712014 0)
(0.00012383 0.000671124 0)
(0.000107267 0.000634288 0)
(8.70057e-05 0.000602662 0)
(6.93758e-05 0.000574709 0)
(5.87407e-05 0.000545946 0)
(5.37095e-05 0.000512571 0)
(4.95303e-05 0.000476182 0)
(4.45456e-05 0.000442003 0)
(4.17017e-05 0.000413019 0)
(4.35602e-05 0.000387504 0)
(4.84434e-05 0.000361996 0)
(5.1322e-05 0.000335852 0)
(4.82305e-05 0.000312433 0)
(3.89946e-05 0.000295823 0)
(2.58858e-05 0.000287311 0)
(1.03737e-05 0.000286033 0)
(-6.84603e-06 0.000291592 0)
(-2.39936e-05 0.000303954 0)
(-3.80627e-05 0.000322267 0)
(-4.55808e-05 0.000343875 0)
(-4.39581e-05 0.000364423 0)
(-3.26423e-05 0.000378839 0)
(-1.3689e-05 0.000382688 0)
(8.64994e-06 0.000373551 0)
(2.92772e-05 0.000352138 0)
(4.41293e-05 0.000321494 0)
(5.0435e-05 0.000285961 0)
(4.70736e-05 0.000250813 0)
(3.52244e-05 0.000221396 0)
(1.8312e-05 0.00020165 0)
(8.3625e-07 0.000192829 0)
(-1.31935e-05 0.00019365 0)
(-2.11252e-05 0.000201285 0)
(-2.16769e-05 0.000212239 0)
(-1.4764e-05 0.000222837 0)
(-1.47196e-06 0.000230074 0)
(1.62849e-05 0.000232165 0)
(3.55362e-05 0.000228983 0)
(5.23924e-05 0.000223362 0)
(6.41621e-05 0.000221465 0)
(7.15776e-05 0.000228195 0)
(7.44814e-05 0.000240391 0)
(6.36582e-05 0.00024942 0)
(2.12786e-05 0.00025383 0)
(-6.73587e-05 0.000271806 0)
(-0.000193445 0.00032847 0)
(-0.000313851 0.000439544 0)
(-0.000392287 0.000592779 0)
(-0.000418877 0.000745249 0)
(-0.00041226 0.000874087 0)
(-0.000390764 0.000981744 0)
(-0.000361894 0.00107541 0)
(-0.000328253 0.00115738 0)
(-0.000291381 0.00122797 0)
(-0.000252158 0.00128739 0)
(-0.000211196 0.00133559 0)
(-0.000169084 0.00137248 0)
(-0.000126365 0.00139805 0)
(-8.34151e-05 0.00141236 0)
(-4.04846e-05 0.00141553 0)
(1.8729e-06 0.0014077 0)
(4.33446e-05 0.00138955 0)
(8.40724e-05 0.00136135 0)
(0.00012391 0.00132339 0)
(0.000162759 0.00127604 0)
(0.000200438 0.00121973 0)
(0.000236748 0.00115492 0)
(0.000271461 0.00108215 0)
(0.000304339 0.00100199 0)
(0.000335138 0.000915056 0)
(0.000363617 0.000822019 0)
(0.000389543 0.00072357 0)
(0.000412693 0.000620423 0)
(0.000432858 0.000513306 0)
(0.000449835 0.000402958 0)
(0.000463434 0.000290131 0)
(0.000473502 0.000175603 0)
(0.000479767 6.01753e-05 0)
(0.000482014 -5.51481e-05 0)
(0.000480317 -0.000169352 0)
(0.000474697 -0.000281555 0)
(0.000465087 -0.000390769 0)
(0.00045161 -0.000496047 0)
(0.000434478 -0.000596604 0)
(0.00041396 -0.000691829 0)
(0.000390393 -0.000781271 0)
(0.000364116 -0.000864674 0)
(0.000335399 -0.000941877 0)
(0.000304482 -0.00101274 0)
(0.000271581 -0.00107711 0)
(0.000236889 -0.00113488 0)
(0.000200584 -0.0011859 0)
(0.00016284 -0.00123007 0)
(0.000123832 -0.0012673 0)
(8.37485e-05 -0.00129753 0)
(4.27697e-05 -0.00132075 0)
(1.13323e-06 -0.00133704 0)
(-4.10582e-05 -0.00134654 0)
(-8.42906e-05 -0.00134913 0)
(-0.000128319 -0.0013442 0)
(-0.000172246 -0.00133177 0)
(-0.000215622 -0.00131196 0)
(-0.000258028 -0.00128487 0)
(-0.000299028 -0.00125069 0)
(-0.000338135 -0.00120967 0)
(-0.000374805 -0.00116203 0)
(-0.000408431 -0.00110796 0)
(-0.000438278 -0.00104781 0)
(-0.000463635 -0.000982227 0)
(-0.000483899 -0.000911794 0)
(-0.000498397 -0.000837007 0)
(-0.00050639 -0.000758488 0)
(-0.000507146 -0.000677013 0)
(-0.000500037 -0.00059362 0)
(-0.000484667 -0.000510192 0)
(-0.000461374 -0.000431009 0)
(-0.000432684 -0.000365823 0)
(-0.000406482 -0.000334486 0)
(-0.000402459 -0.000371634 0)
(-0.000460184 -0.000523961 0)
(-0.000637224 -0.00082634 0)
(-0.000943108 -0.0012462 0)
(3.73915e-06 2.69136e-05 0)
(-3.3339e-05 4.11458e-05 0)
(-7.2085e-05 4.12658e-05 0)
(-0.00010472 3.6337e-05 0)
(-0.000134511 3.21629e-05 0)
(-0.00016425 2.81168e-05 0)
(-0.000193168 2.02541e-05 0)
(-0.00021562 5.64869e-06 0)
(-0.000224422 -1.74147e-05 0)
(-0.000210619 -4.73964e-05 0)
(-0.000167277 -7.76876e-05 0)
(-9.57735e-05 -0.000101943 0)
(-1.5071e-06 -0.000121733 0)
(0.000110363 -0.000142555 0)
(0.000238867 -0.000160232 0)
(0.000380486 -0.000157063 0)
(0.000504767 -0.000125197 0)
(0.000589181 -8.39653e-05 0)
(0.000639026 -4.59936e-05 0)
(0.000662619 -2.50506e-06 0)
(0.000651326 5.75051e-05 0)
(0.000586508 0.000123445 0)
(0.000463583 0.00017254 0)
(0.000302389 0.000189094 0)
(0.000139704 0.000172599 0)
(1.18522e-06 0.00014912 0)
(-9.83082e-05 0.000139061 0)
(-0.000146512 0.000145714 0)
(-0.000181181 0.00017405 0)
(-0.000245686 0.000182652 0)
(-0.000267329 0.000139002 0)
(-0.000148138 9.82436e-05 0)
(5.93101e-05 7.37554e-05 0)
(0.00027145 -0.000107133 0)
(0.000650427 -0.000655575 0)
(0.00141714 -0.00106286 0)
(0.00221155 -0.000845914 0)
(0.00252021 -0.000548391 0)
(0.00276849 -0.000499404 0)
(0.00302395 -0.000348518 0)
(0.00310645 -0.000165805 0)
(0.00310451 -7.18539e-05 0)
(0.00306205 1.38902e-05 0)
(0.00296048 8.88004e-05 0)
(0.00281729 0.000145174 0)
(0.00263564 0.000195706 0)
(0.00242059 0.000232771 0)
(0.00218523 0.000256433 0)
(0.00193816 0.000268875 0)
(0.00168933 0.000268977 0)
(0.00144859 0.000259124 0)
(0.00122206 0.000243917 0)
(0.00101168 0.000227811 0)
(0.000815968 0.000214538 0)
(0.000630846 0.000206687 0)
(0.000451038 0.000205234 0)
(0.000271215 0.000210057 0)
(8.5092e-05 0.000221613 0)
(-0.000116428 0.000236569 0)
(-0.000328248 0.000250304 0)
(-0.000542809 0.000260881 0)
(-0.000767166 0.000273805 0)
(-0.00100543 0.000287268 0)
(-0.00125607 0.000298862 0)
(-0.00151587 0.000306488 0)
(-0.00178064 0.000308652 0)
(-0.00204562 0.000304484 0)
(-0.00230562 0.00029329 0)
(-0.00255503 0.00027521 0)
(-0.00278858 0.000250903 0)
(-0.00300166 0.000221628 0)
(-0.00319099 0.000188912 0)
(-0.00335431 0.000153585 0)
(-0.0034897 0.000116295 0)
(-0.00359567 7.79826e-05 0)
(-0.00367152 3.8153e-05 0)
(-0.00371545 -1.26937e-06 0)
(-0.00373017 -4.41419e-05 0)
(-0.00370812 -8.93598e-05 0)
(-0.00365249 -0.000138542 0)
(-0.00355371 -0.0001936 0)
(-0.00341761 -0.000248966 0)
(-0.00323333 -0.000319261 0)
(-0.00300382 -0.000383958 0)
(-0.00272261 -0.000482039 0)
(-0.00237388 -0.000546565 0)
(-0.00199588 -0.00068211 0)
(-0.00149863 -0.000740437 0)
(-0.00103176 -0.000990727 0)
(0.000106372 -0.000951969 0)
(0.000660024 0.000315394 0)
(0.000490104 0.000516179 0)
(0.000661501 -0.000506259 0)
(0.000750181 -0.000344071 0)
(0.000964756 -0.000159664 0)
(0.00103322 -3.13306e-05 0)
(0.000960042 0.000166764 0)
(0.000726537 0.000324593 0)
(0.000351656 0.000375572 0)
(-1.78877e-05 0.000222787 0)
(0.000206495 7.17442e-05 0)
(0.000374954 0.000504997 0)
(0.00047417 0.001142 0)
(0.000336421 0.00169272 0)
(6.62828e-05 0.00187839 0)
(-0.000153794 0.00173649 0)
(-0.000252293 0.00144147 0)
(-0.000267232 0.00111941 0)
(-0.000216494 0.000838005 0)
(-0.000130541 0.000633158 0)
(-6.66317e-05 0.000518557 0)
(-4.86398e-05 0.000487775 0)
(-4.43767e-05 0.000499552 0)
(-4.10228e-05 0.000499705 0)
(-5.08524e-05 0.000464498 0)
(-8.32111e-05 0.000390401 0)
(-0.000123215 0.000276027 0)
(-0.000153105 0.000124821 0)
(-0.000174818 -6.00924e-05 0)
(-0.000193352 -0.000287927 0)
(-0.000213567 -0.00055828 0)
(-0.000240017 -0.00087654 0)
(-0.000253548 -0.0012348 0)
(-0.000218336 -0.00158812 0)
(-0.000119013 -0.00186795 0)
(3.46248e-05 -0.00201013 0)
(0.000223581 -0.00197628 0)
(0.00041122 -0.00175157 0)
(0.000557274 -0.00135041 0)
(0.000618891 -0.000825435 0)
(0.000563414 -0.000262902 0)
(0.000383059 0.000227703 0)
(0.000125455 0.000532642 0)
(-8.48686e-05 0.000608404 0)
(-0.00020161 0.000533681 0)
(-0.00028775 0.000353755 0)
(-0.000307747 0.000134729 0)
(-0.000275573 -0.000158805 0)
(-5.71731e-05 -0.000412691 0)
(0.000198037 -0.000486868 0)
(0.000300712 -0.000518196 0)
(0.000406781 -0.000526335 0)
(0.000471499 -0.000391083 0)
(-4.29592e-05 -0.000118469 0)
(-0.000627081 -0.000217678 0)
(-0.000937842 -0.000489831 0)
(-0.000945406 -0.000709436 0)
(-0.000875583 -0.000974519 0)
(-0.000531315 -0.00102239 0)
(-3.34653e-05 -0.000743636 0)
(0.000421718 -0.000312626 0)
(0.000705294 0.000230927 0)
(0.000788262 0.000763827 0)
(0.000786625 0.00125383 0)
(0.000649871 0.00167747 0)
(0.000536508 0.0019612 0)
(0.000474629 0.0022115 0)
(0.000398047 0.00243111 0)
(0.000321689 0.0025992 0)
(0.000254192 0.00272937 0)
(0.000182633 0.00283126 0)
(0.000110295 0.00290731 0)
(4.69282e-05 0.00296988 0)
(-1.81306e-06 0.00303077 0)
(-2.71063e-05 0.003095 0)
(-1.97065e-05 0.00316427 0)
(2.61381e-05 0.00324004 0)
(0.000112409 0.0033275 0)
(0.00023304 0.0034373 0)
(0.000369613 0.00358258 0)
(0.000487359 0.00377171 0)
(0.00054115 0.00399529 0)
(0.000500332 0.00421595 0)
(0.000379523 0.00438549 0)
(0.000237985 0.00447701 0)
(0.000135652 0.00450944 0)
(8.89789e-05 0.00452316 0)
(7.41602e-05 0.00454258 0)
(6.20008e-05 0.00456745 0)
(4.17656e-05 0.0045867 0)
(1.83864e-05 0.00459436 0)
(-1.39471e-06 0.00459254 0)
(-1.62251e-05 0.00458582 0)
(-2.82319e-05 0.00457725 0)
(-3.90041e-05 0.00456714 0)
(-4.82606e-05 0.00455568 0)
(-5.51282e-05 0.00454372 0)
(-5.85977e-05 0.00453231 0)
(-5.77553e-05 0.00452255 0)
(-5.16355e-05 0.00451521 0)
(-3.8335e-05 0.00451065 0)
(-1.47147e-05 0.00450976 0)
(2.24174e-05 0.00451503 0)
(7.43601e-05 0.00453046 0)
(0.000138603 0.00456071 0)
(0.000207735 0.00460962 0)
(0.00026941 0.00467847 0)
(0.000308678 0.00476364 0)
(0.000313189 0.00485447 0)
(0.000279685 0.004935 0)
(0.000217252 0.00499048 0)
(0.000142997 0.00501395 0)
(7.2866e-05 0.00500839 0)
(1.61024e-05 0.00498202 0)
(-2.5945e-05 0.00494459 0)
(-5.81464e-05 0.00490136 0)
(-8.51304e-05 0.0048531 0)
(-0.000108982 0.00479914 0)
(-0.000129908 0.00473949 0)
(-0.000147668 0.00467511 0)
(-0.000162277 0.00460726 0)
(-0.000173954 0.00453704 0)
(-0.000182985 0.00446539 0)
(-0.000189646 0.00439311 0)
(-0.000194195 0.00432089 0)
(-0.00019684 0.00424933 0)
(-0.000197755 0.00417898 0)
(-0.000197135 0.00411033 0)
(-0.000195226 0.00404383 0)
(-0.000192309 0.00397977 0)
(-0.000188666 0.00391835 0)
(-0.000184565 0.00385967 0)
(-0.000180266 0.00380375 0)
(-0.000176028 0.00375052 0)
(-0.000172103 0.00369984 0)
(-0.000168709 0.00365147 0)
(-0.000166023 0.00360513 0)
(-0.000164173 0.00356049 0)
(-0.000163232 0.00351722 0)
(-0.000163212 0.00347495 0)
(-0.000164059 0.00343338 0)
(-0.000165651 0.00339221 0)
(-0.000167801 0.00335124 0)
(-0.000170268 0.00331035 0)
(-0.000172758 0.00326952 0)
(-0.000174936 0.00322883 0)
(-0.000176428 0.00318846 0)
(-0.000176815 0.00314872 0)
(-0.000175625 0.00310995 0)
(-0.0001723 0.0030726 0)
(-0.00016617 0.00303718 0)
(-0.000156494 0.00300432 0)
(-0.000142489 0.0029747 0)
(-0.000123103 0.00294902 0)
(-9.69315e-05 0.00292813 0)
(-6.32823e-05 0.00291305 0)
(-2.13231e-05 0.00290465 0)
(3.03415e-05 0.00290464 0)
(9.1849e-05 0.00291513 0)
(0.00016207 0.00293779 0)
(0.000238938 0.0029748 0)
(0.000318451 0.00302817 0)
(0.00039514 0.00309886 0)
(0.000463394 0.00318575 0)
(0.000519063 0.00328449 0)
(0.000560989 0.00338824 0)
(0.000591332 0.00349088 0)
(0.000613962 0.00358999 0)
(0.000631746 0.00368706 0)
(0.000644758 0.00378508 0)
(0.00065057 0.00388557 0)
(0.000645962 0.00398741 0)
(0.000628419 0.00408776 0)
(0.000596515 0.00418363 0)
(0.000549618 0.00427262 0)
(0.000487567 0.00435271 0)
(0.000410194 0.00442138 0)
(0.000317734 0.0044752 0)
(0.000212675 0.00451069 0)
(9.962e-05 0.00452569 0)
(-1.74358e-05 0.00452155 0)
(-0.000138647 0.00450158 0)
(-0.000264257 0.00446542 0)
(-0.00039235 0.00441296 0)
(-0.000522314 0.00434554 0)
(-0.000654194 0.00426403 0)
(-0.000788062 0.00416899 0)
(-0.000924327 0.00406114 0)
(-0.00106369 0.003941 0)
(-0.00120698 0.0038088 0)
(-0.00135514 0.00366448 0)
(-0.00150915 0.00350765 0)
(-0.00166995 0.00333748 0)
(-0.00183831 0.00315286 0)
(-0.00201483 0.00295246 0)
(-0.00219993 0.002735 0)
(-0.00239389 0.00249946 0)
(-0.00259696 0.00224523 0)
(-0.00280957 0.00197214 0)
(-0.00303248 0.00168049 0)
(-0.00326652 0.00137082 0)
(-0.00350966 0.00104375 0)
(-0.0037696 0.00070184 0)
(-0.00405581 0.000341763 0)
(-0.0043612 -3.86078e-05 0)
(-0.00468595 -0.000432162 0)
(-0.00503966 -0.000890801 0)
(-0.00537541 -0.001128 0)
(-0.00587447 -0.00211517 0)
(-0.00558986 -0.0013125 0)
)
;
    }
    frontAndBack
    {
        type            empty;
    }
}


// ************************************************************************* //
