/*--------------------------------*- C++ -*----------------------------------*\
  =========                 |
  \\      /  F ield         | OpenFOAM: The Open Source CFD Toolbox
   \\    /   O peration     | Website:  https://openfoam.org
    \\  /    A nd           | Version:  7
     \\/     M anipulation  |
\*---------------------------------------------------------------------------*/
FoamFile
{
    version     2.0;
    format      ascii;
    class       volVectorField;
    location    "0.42";
    object      wallShearStress;
}
// * * * * * * * * * * * * * * * * * * * * * * * * * * * * * * * * * * * * * //

dimensions      [0 2 -2 0 0 0 0];

internalField   uniform (0 0 0);

boundaryField
{
    velocityInlet
    {
        type            calculated;
        value           uniform (0 0 0);
    }
    pressureOutlet
    {
        type            calculated;
        value           uniform (0 0 0);
    }
    fixedWalls
    {
        type            calculated;
        value           nonuniform List<vector> 
100
(
(-0.0118178 -0.00548132 0)
(0.006152 -0.000874421 0)
(-2.64816e-05 0.000547782 0)
(0.000170011 6.72567e-05 0)
(-0.000605864 9.01767e-05 0)
(-0.000403596 -3.5893e-05 0)
(8.497e-05 -7.49115e-05 0)
(0.000638656 -8.41864e-05 0)
(0.00107962 -6.45279e-05 0)
(0.00131419 -3.16531e-05 0)
(0.00130872 8.30259e-06 0)
(0.00110032 4.13833e-05 0)
(0.000853211 4.32511e-05 0)
(0.000854325 -2.17407e-06 0)
(0.00136834 -8.9431e-05 0)
(0.00221945 -0.000136825 0)
(0.00278809 -8.0668e-05 0)
(0.00256512 4.26076e-05 0)
(0.00156458 0.000145372 0)
(0.000232866 0.000169113 0)
(-0.00100465 0.000145938 0)
(-0.00194835 0.000104201 0)
(-0.00257627 6.66556e-05 0)
(-0.00295798 3.98713e-05 0)
(-0.00317355 2.26763e-05 0)
(-0.00328545 1.24285e-05 0)
(-0.00333529 6.63945e-06 0)
(-0.0033481 3.55451e-06 0)
(-0.00333926 1.5762e-06 0)
(-0.0033197 1.2745e-06 0)
(-0.00329768 2.34498e-06 0)
(-0.00327666 4.06397e-06 0)
(-0.00325144 4.96312e-06 0)
(-0.00320598 3.12677e-06 0)
(-0.00311472 -3.10938e-06 0)
(-0.00294792 -1.45003e-05 0)
(-0.00268116 -3.02227e-05 0)
(-0.00230852 -4.71845e-05 0)
(-0.00185577 -6.01751e-05 0)
(-0.00138532 -6.3396e-05 0)
(-0.000983952 -5.31168e-05 0)
(-0.000736064 -3.19677e-05 0)
(-0.00068905 -5.27227e-06 0)
(-0.000825446 1.89177e-05 0)
(-0.00106293 3.19121e-05 0)
(-0.00128363 2.86412e-05 0)
(-0.00137644 1.23505e-05 0)
(-0.00129015 -1.18547e-05 0)
(-0.00108613 -2.58896e-05 0)
(-0.00092136 -2.06527e-05 0)
(-0.000951707 2.01901e-06 0)
(-0.00123021 2.89164e-05 0)
(-0.00168118 4.59624e-05 0)
(-0.00217245 4.84034e-05 0)
(-0.00260027 4.08543e-05 0)
(-0.0029216 3.06232e-05 0)
(-0.0031438 2.22273e-05 0)
(-0.00329653 1.73576e-05 0)
(-0.00340444 1.48273e-05 0)
(-0.00346995 1.24467e-05 0)
(-0.00347031 6.69103e-06 0)
(-0.00336969 -3.98362e-06 0)
(-0.00314033 -1.77271e-05 0)
(-0.00277993 -3.16718e-05 0)
(-0.00231398 -4.31576e-05 0)
(-0.00178642 -5.05675e-05 0)
(-0.00125317 -5.24231e-05 0)
(-0.000782455 -4.64587e-05 0)
(-0.000449913 -3.16385e-05 0)
(-0.000313956 -1.28367e-05 0)
(-0.00038505 7.27635e-06 0)
(-0.000616498 2.19754e-05 0)
(-0.000928211 2.85284e-05 0)
(-0.00124426 2.75499e-05 0)
(-0.00151446 2.23508e-05 0)
(-0.00171867 1.59108e-05 0)
(-0.00186036 1.01514e-05 0)
(-0.00195623 6.04937e-06 0)
(-0.00202836 3.97098e-06 0)
(-0.00209837 3.84733e-06 0)
(-0.00218259 5.03485e-06 0)
(-0.00228807 6.41961e-06 0)
(-0.0024185 7.79816e-06 0)
(-0.00258908 1.10728e-05 0)
(-0.00283914 1.90694e-05 0)
(-0.00320748 3.11973e-05 0)
(-0.00369533 4.30625e-05 0)
(-0.00423727 4.95655e-05 0)
(-0.00473631 4.79885e-05 0)
(-0.00503692 3.66201e-05 0)
(-0.00497507 7.83688e-06 0)
(-0.00430447 -4.33342e-05 0)
(-0.00297735 -0.000104133 0)
(-0.000960026 -0.000174716 0)
(0.00128042 -0.000184202 0)
(0.00308063 -0.000154985 0)
(0.00410973 -7.64696e-05 0)
(0.00359434 3.37918e-05 0)
(0.00298251 8.80618e-05 0)
(-8.25111e-05 0.000120784 0)
)
;
    }
    bottomWall
    {
        type            calculated;
        value           nonuniform List<vector> 
800
(
(-0.0353488 0.00214398 0)
(-0.0160265 0.000524835 0)
(-0.0106076 0.000100718 0)
(-0.0084557 3.52603e-05 0)
(-0.00748598 1.98605e-05 0)
(-0.00685226 1.61221e-05 0)
(-0.00634468 1.33563e-05 0)
(-0.00593346 1.09e-05 0)
(-0.0055986 9.07888e-06 0)
(-0.00531966 7.76332e-06 0)
(-0.00508203 6.76762e-06 0)
(-0.00487628 5.98118e-06 0)
(-0.00469594 5.34406e-06 0)
(-0.00453628 4.81896e-06 0)
(-0.00439372 4.37998e-06 0)
(-0.00426548 4.00837e-06 0)
(-0.00414939 3.69046e-06 0)
(-0.0040437 3.41579e-06 0)
(-0.003947 3.17635e-06 0)
(-0.00385814 2.9662e-06 0)
(-0.00377614 2.78044e-06 0)
(-0.00370022 2.61515e-06 0)
(-0.00362969 2.46745e-06 0)
(-0.00356397 2.33479e-06 0)
(-0.00350256 2.21484e-06 0)
(-0.00344506 2.10618e-06 0)
(-0.00339107 2.0073e-06 0)
(-0.00334028 1.9169e-06 0)
(-0.0032924 1.83417e-06 0)
(-0.00324719 1.75805e-06 0)
(-0.00320442 1.68785e-06 0)
(-0.0031639 1.62302e-06 0)
(-0.00312544 1.56294e-06 0)
(-0.00308891 1.50707e-06 0)
(-0.00305414 1.45516e-06 0)
(-0.00302102 1.40674e-06 0)
(-0.00298943 1.36136e-06 0)
(-0.00295927 1.31894e-06 0)
(-0.00293044 1.27922e-06 0)
(-0.00290285 1.24181e-06 0)
(-0.00287643 1.20655e-06 0)
(-0.00285111 1.17332e-06 0)
(-0.00282682 1.14213e-06 0)
(-0.00280349 1.11252e-06 0)
(-0.00278108 1.08463e-06 0)
(-0.00275952 1.05799e-06 0)
(-0.00273877 1.03309e-06 0)
(-0.00271881 1.00876e-06 0)
(-0.00269955 9.86871e-07 0)
(-0.002681 9.63332e-07 0)
(-0.0026655 9.44168e-07 0)
(-0.00265269 9.33406e-07 0)
(-0.00264005 9.19377e-07 0)
(-0.00262761 9.04338e-07 0)
(-0.00261536 8.90458e-07 0)
(-0.00260329 8.77323e-07 0)
(-0.00259141 8.644e-07 0)
(-0.00257969 8.51713e-07 0)
(-0.00256815 8.39287e-07 0)
(-0.00255677 8.27116e-07 0)
(-0.00254556 8.15356e-07 0)
(-0.0025345 8.0384e-07 0)
(-0.0025236 7.92562e-07 0)
(-0.00251285 7.81522e-07 0)
(-0.00250226 7.70718e-07 0)
(-0.0024918 7.60147e-07 0)
(-0.00248149 7.49638e-07 0)
(-0.00247132 7.39527e-07 0)
(-0.00246128 7.29643e-07 0)
(-0.00245138 7.19818e-07 0)
(-0.00244161 7.10383e-07 0)
(-0.00243196 7.01005e-07 0)
(-0.00242245 6.91848e-07 0)
(-0.00241305 6.82911e-07 0)
(-0.00240378 6.74026e-07 0)
(-0.00239463 6.65525e-07 0)
(-0.00238559 6.57075e-07 0)
(-0.00237666 6.48672e-07 0)
(-0.00236785 6.4065e-07 0)
(-0.00235914 6.32676e-07 0)
(-0.00235055 6.24913e-07 0)
(-0.00234205 6.17361e-07 0)
(-0.00233366 6.09687e-07 0)
(-0.00232538 6.02222e-07 0)
(-0.00231719 5.95132e-07 0)
(-0.00230909 5.88082e-07 0)
(-0.0023011 5.81071e-07 0)
(-0.0022932 5.74266e-07 0)
(-0.00228539 5.67666e-07 0)
(-0.00227766 5.61102e-07 0)
(-0.00227003 5.54572e-07 0)
(-0.00226249 5.48246e-07 0)
(-0.00225503 5.41952e-07 0)
(-0.00224766 5.35857e-07 0)
(-0.00224037 5.29794e-07 0)
(-0.00223316 5.23929e-07 0)
(-0.00222603 5.18259e-07 0)
(-0.00221897 5.12453e-07 0)
(-0.002212 5.06841e-07 0)
(-0.0022051 5.01423e-07 0)
(-0.00219827 4.95866e-07 0)
(-0.00219153 4.905e-07 0)
(-0.00218485 4.85327e-07 0)
(-0.00217824 4.80345e-07 0)
(-0.0021717 4.75219e-07 0)
(-0.00216523 4.6995e-07 0)
(-0.00215883 4.65204e-07 0)
(-0.00215249 4.60481e-07 0)
(-0.00214622 4.55613e-07 0)
(-0.00214002 4.50933e-07 0)
(-0.00213387 4.46275e-07 0)
(-0.0021278 4.41637e-07 0)
(-0.00212178 4.37187e-07 0)
(-0.00211583 4.32923e-07 0)
(-0.00210993 4.28514e-07 0)
(-0.00210409 4.24291e-07 0)
(-0.00209831 4.20087e-07 0)
(-0.00209259 4.15903e-07 0)
(-0.00208692 4.11904e-07 0)
(-0.00208131 4.07925e-07 0)
(-0.00207574 4.03966e-07 0)
(-0.00207024 4.00191e-07 0)
(-0.00206478 3.96433e-07 0)
(-0.00205938 3.92528e-07 0)
(-0.00205403 3.88808e-07 0)
(-0.00204873 3.85106e-07 0)
(-0.00204348 3.81586e-07 0)
(-0.00203828 3.78083e-07 0)
(-0.00203313 3.74597e-07 0)
(-0.00202802 3.71296e-07 0)
(-0.00202296 3.67841e-07 0)
(-0.00201795 3.6457e-07 0)
(-0.00201297 3.61311e-07 0)
(-0.00200805 3.58071e-07 0)
(-0.00200317 3.5501e-07 0)
(-0.00199833 3.51796e-07 0)
(-0.00199353 3.48597e-07 0)
(-0.00198878 3.45574e-07 0)
(-0.00198407 3.42737e-07 0)
(-0.0019794 3.39904e-07 0)
(-0.00197476 3.36932e-07 0)
(-0.00197017 3.3395e-07 0)
(-0.00196562 3.3118e-07 0)
(-0.00196111 3.2854e-07 0)
(-0.00195662 3.25819e-07 0)
(-0.00195219 3.23007e-07 0)
(-0.00194778 3.20518e-07 0)
(-0.00194341 3.17843e-07 0)
(-0.00193908 3.15251e-07 0)
(-0.00193479 3.12479e-07 0)
(-0.00193118 3.10046e-07 0)
(-0.00192824 3.08849e-07 0)
(-0.00192528 3.07339e-07 0)
(-0.00192233 3.05507e-07 0)
(-0.00191936 3.03703e-07 0)
(-0.0019164 3.01976e-07 0)
(-0.00191343 3.00239e-07 0)
(-0.00191046 2.98522e-07 0)
(-0.00190749 2.97032e-07 0)
(-0.00190451 2.95553e-07 0)
(-0.00190152 2.9385e-07 0)
(-0.00189853 2.91936e-07 0)
(-0.00189554 2.90241e-07 0)
(-0.00189255 2.88803e-07 0)
(-0.00188955 2.87135e-07 0)
(-0.00188655 2.85479e-07 0)
(-0.00188354 2.84038e-07 0)
(-0.00188053 2.82401e-07 0)
(-0.00187752 2.80555e-07 0)
(-0.0018745 2.7893e-07 0)
(-0.00187148 2.77519e-07 0)
(-0.00186846 2.75908e-07 0)
(-0.00186543 2.74294e-07 0)
(-0.0018624 2.7271e-07 0)
(-0.00185936 2.71114e-07 0)
(-0.00185633 2.69541e-07 0)
(-0.00185329 2.67969e-07 0)
(-0.00185024 2.66606e-07 0)
(-0.00184719 2.65048e-07 0)
(-0.00184414 2.63302e-07 0)
(-0.00184109 2.61755e-07 0)
(-0.00183803 2.60231e-07 0)
(-0.00183497 2.58707e-07 0)
(-0.0018319 2.57386e-07 0)
(-0.00182883 2.55689e-07 0)
(-0.00182577 2.54189e-07 0)
(-0.00182269 2.52883e-07 0)
(-0.00181961 2.51218e-07 0)
(-0.00181654 2.49733e-07 0)
(-0.00181345 2.48466e-07 0)
(-0.00181036 2.47002e-07 0)
(-0.00180727 2.45385e-07 0)
(-0.00180418 2.43948e-07 0)
(-0.00180109 2.42699e-07 0)
(-0.00179798 2.41275e-07 0)
(-0.00179488 2.39869e-07 0)
(-0.00179177 2.38469e-07 0)
(-0.00178866 2.37072e-07 0)
(-0.00178555 2.35674e-07 0)
(-0.00178243 2.34313e-07 0)
(-0.00177931 2.32947e-07 0)
(-0.00177619 2.31595e-07 0)
(-0.00177306 2.30411e-07 0)
(-0.00176992 2.29072e-07 0)
(-0.00176679 2.27733e-07 0)
(-0.00176365 2.26575e-07 0)
(-0.0017605 2.25247e-07 0)
(-0.00175735 2.23954e-07 0)
(-0.0017542 2.22644e-07 0)
(-0.00175105 2.2137e-07 0)
(-0.00174789 2.20246e-07 0)
(-0.00174472 2.19141e-07 0)
(-0.00174155 2.17877e-07 0)
(-0.00173837 2.16615e-07 0)
(-0.00173519 2.15488e-07 0)
(-0.00173201 2.14443e-07 0)
(-0.00172882 2.13361e-07 0)
(-0.00172562 2.12149e-07 0)
(-0.00172242 2.10917e-07 0)
(-0.00171921 2.09886e-07 0)
(-0.001716 2.08841e-07 0)
(-0.00171278 2.07818e-07 0)
(-0.00170956 2.06779e-07 0)
(-0.00170633 2.05765e-07 0)
(-0.00170309 2.0471e-07 0)
(-0.00169985 2.03764e-07 0)
(-0.0016966 2.02862e-07 0)
(-0.00169334 2.0197e-07 0)
(-0.00169008 2.0087e-07 0)
(-0.0016868 2.00239e-07 0)
(-0.00168352 1.99152e-07 0)
(-0.00168022 1.98652e-07 0)
(-0.00167693 1.97232e-07 0)
(-0.00167361 1.97215e-07 0)
(-0.00167032 1.95358e-07 0)
(-0.00166694 1.96682e-07 0)
(-0.00166366 1.92637e-07 0)
(-0.00166023 1.97062e-07 0)
(-0.00165699 1.88835e-07 0)
(-0.00165342 2.00032e-07 0)
(-0.00165031 1.81658e-07 0)
(-0.00164649 2.07914e-07 0)
(-0.00164368 1.67829e-07 0)
(-0.00163937 2.26162e-07 0)
(-0.00163716 1.40114e-07 0)
(-0.00163197 2.63696e-07 0)
(-0.0016308 8.7519e-08 0)
(-0.00162427 3.2981e-07 0)
(-0.0016246 3.64e-09 0)
(-0.00161634 3.63823e-07 0)
(-0.0353489 -0.00214397 0)
(-0.016027 -0.00052481 0)
(-0.010609 -0.000100686 0)
(-0.008458 -3.52289e-05 0)
(-0.00748923 -1.98275e-05 0)
(-0.0068566 -1.60858e-05 0)
(-0.00635021 -1.33182e-05 0)
(-0.00594018 -1.08604e-05 0)
(-0.00560658 -9.03666e-06 0)
(-0.00532895 -7.71781e-06 0)
(-0.00509275 -6.71831e-06 0)
(-0.00488851 -5.92788e-06 0)
(-0.00470978 -5.2866e-06 0)
(-0.00455182 -4.75723e-06 0)
(-0.00441104 -4.31363e-06 0)
(-0.0042847 -3.9371e-06 0)
(-0.0041706 -3.61384e-06 0)
(-0.004067 -3.33328e-06 0)
(-0.00397252 -3.08732e-06 0)
(-0.003886 -2.86978e-06 0)
(-0.00380651 -2.67565e-06 0)
(-0.00373326 -2.50094e-06 0)
(-0.0036656 -2.3425e-06 0)
(-0.00360297 -2.19765e-06 0)
(-0.00354491 -2.06395e-06 0)
(-0.00349101 -1.9395e-06 0)
(-0.00344097 -1.82265e-06 0)
(-0.00339448 -1.71216e-06 0)
(-0.0033513 -1.60619e-06 0)
(-0.00331125 -1.50389e-06 0)
(-0.00327416 -1.40381e-06 0)
(-0.00323988 -1.30522e-06 0)
(-0.00320835 -1.20614e-06 0)
(-0.00317946 -1.1071e-06 0)
(-0.00315318 -1.00457e-06 0)
(-0.00312947 -9.01259e-07 0)
(-0.00310834 -7.90603e-07 0)
(-0.00308984 -6.78576e-07 0)
(-0.00307388 -5.55953e-07 0)
(-0.00306092 -4.30236e-07 0)
(-0.00305007 -2.96876e-07 0)
(-0.00304347 -1.46144e-07 0)
(-0.00303717 -2.0564e-08 0)
(-0.0030388 1.77622e-07 0)
(-0.00303441 1.99511e-07 0)
(-0.00304892 5.56088e-07 0)
(-0.00303724 5.64047e-08 0)
(-0.00307573 1.22288e-06 0)
(-0.00303475 -6.76016e-06 0)
(-0.00290693 0.000207787 0)
(4.87455e-05 -2.71408e-05 0)
(2.58144e-05 -0.000121215 0)
(5.59325e-08 -0.00012374 0)
(3.03366e-05 -0.000100745 0)
(5.21094e-05 -0.000127344 0)
(-2.27531e-05 -8.66586e-05 0)
(-0.000219436 0.000154018 0)
(-0.000278686 0.000536815 0)
(-0.000163622 0.000745207 0)
(-8.97048e-05 0.000816494 0)
(-6.2687e-05 0.000859604 0)
(-4.81857e-05 0.000887818 0)
(-3.73017e-05 0.00090962 0)
(-1.61617e-05 0.000913567 0)
(1.80247e-05 0.000886186 0)
(6.49272e-05 0.000810729 0)
(0.000118382 0.000677191 0)
(0.000171518 0.000484169 0)
(0.000218776 0.000237974 0)
(0.000251527 -5.20034e-05 0)
(0.000272794 -0.000367821 0)
(0.000280387 -0.000692328 0)
(0.00027626 -0.00101537 0)
(0.000262138 -0.00132574 0)
(0.0002405 -0.00161458 0)
(0.000213803 -0.00187618 0)
(0.00018416 -0.00210722 0)
(0.000153328 -0.00230636 0)
(0.00012267 -0.00247378 0)
(9.31629e-05 -0.00261077 0)
(6.54306e-05 -0.00271932 0)
(3.97922e-05 -0.00280182 0)
(1.63239e-05 -0.00286071 0)
(-5.04939e-06 -0.00289842 0)
(-2.45566e-05 -0.00291725 0)
(-4.28017e-05 -0.00291909 0)
(-5.98766e-05 -0.00290489 0)
(-7.55845e-05 -0.00287641 0)
(-8.99586e-05 -0.00283516 0)
(-0.000103169 -0.00278245 0)
(-0.000115391 -0.00271931 0)
(-0.000126688 -0.00264663 0)
(-0.000137038 -0.00256522 0)
(-0.000146355 -0.00247585 0)
(-0.000154478 -0.00237926 0)
(-0.000161177 -0.00227628 0)
(-0.000166198 -0.00216785 0)
(-0.000169318 -0.00205504 0)
(-0.000170402 -0.00193909 0)
(-0.000169536 -0.00182124 0)
(-0.000167093 -0.00170266 0)
(-0.000163691 -0.00158437 0)
(-0.000160083 -0.0014671 0)
(-0.000157064 -0.00135123 0)
(-0.000155393 -0.00123681 0)
(-0.000155739 -0.00112352 0)
(-0.000158677 -0.00101075 0)
(-0.00016484 -0.000897623 0)
(-0.000175044 -0.000782868 0)
(-0.000190111 -0.000665387 0)
(-0.000211127 -0.000542411 0)
(-0.000235664 -0.000407352 0)
(-0.00024947 -0.000253175 0)
(-0.000230515 -8.55673e-05 0)
(-0.000170907 7.9311e-05 0)
(-8.32914e-05 0.000223329 0)
(1.75436e-05 0.000329058 0)
(0.000111535 0.000392162 0)
(0.000183069 0.000418653 0)
(0.000218603 0.000419035 0)
(0.000208584 0.000404733 0)
(0.00015234 0.000391467 0)
(6.17268e-05 0.000393534 0)
(-3.98285e-05 0.000419987 0)
(-0.000119829 0.000469105 0)
(-0.000150981 0.000520354 0)
(-0.000138227 0.000549728 0)
(-0.000111122 0.000553994 0)
(-8.64112e-05 0.000548976 0)
(-5.68296e-05 0.000544777 0)
(-1.3869e-05 0.000535604 0)
(3.75633e-05 0.000508418 0)
(8.16773e-05 0.000458551 0)
(0.00010557 0.000396718 0)
(0.000113774 0.000336798 0)
(0.000116253 0.000280926 0)
(0.000116343 0.000225291 0)
(0.000112135 0.000170532 0)
(0.000104022 0.000120389 0)
(9.44898e-05 7.58894e-05 0)
(8.43951e-05 3.66332e-05 0)
(7.4105e-05 2.72851e-06 0)
(6.41973e-05 -2.5725e-05 0)
(5.56588e-05 -4.92528e-05 0)
(4.9225e-05 -6.90742e-05 0)
(4.5161e-05 -8.67266e-05 0)
(4.32725e-05 -0.000103809 0)
(4.29315e-05 -0.000121646 0)
(4.32244e-05 -0.000141016 0)
(4.31387e-05 -0.000162033 0)
(4.17168e-05 -0.000184234 0)
(3.81242e-05 -0.000206606 0)
(3.19124e-05 -0.000227973 0)
(2.27052e-05 -0.000247141 0)
(1.04633e-05 -0.000262717 0)
(-4.18711e-06 -0.000273229 0)
(-1.97019e-05 -0.000277571 0)
(-3.39771e-05 -0.000276001 0)
(-4.48367e-05 -0.000270604 0)
(-5.04832e-05 -0.000261122 0)
(-5.13077e-05 -0.00024917 0)
(-4.86725e-05 -0.000234138 0)
(-4.29737e-05 -0.000213227 0)
(-3.31997e-05 -0.000185038 0)
(-1.83787e-05 -0.000152538 0)
(-4.19014e-07 -0.000121188 0)
(1.52745e-05 -9.49129e-05 0)
(2.14129e-05 -7.42759e-05 0)
(1.03961e-05 -5.61627e-05 0)
(-2.23141e-05 -3.2656e-05 0)
(-7.37854e-05 7.78659e-06 0)
(-0.000131376 7.3501e-05 0)
(-0.000179737 0.000159716 0)
(-0.000214908 0.000250706 0)
(-0.000246387 0.000338166 0)
(-0.000281972 0.000427462 0)
(-0.000319907 0.000525614 0)
(-0.000354304 0.00063305 0)
(-0.000380861 0.00074592 0)
(-0.000397975 0.000859938 0)
(-0.00040595 0.000971792 0)
(-0.000405999 0.00107934 0)
(-0.000399469 0.00118134 0)
(-0.000387542 0.00127703 0)
(-0.000371174 0.00136589 0)
(-0.000351071 0.00144752 0)
(-0.000327799 0.00152158 0)
(-0.000301812 0.0015878 0)
(-0.000273439 0.00164594 0)
(-0.000242963 0.00169577 0)
(-0.000210653 0.0017371 0)
(-0.000176783 0.00176973 0)
(-0.000141644 0.00179355 0)
(-0.000105401 0.00180847 0)
(-6.80936e-05 0.00181442 0)
(-3.04663e-05 0.00181112 0)
(7.26997e-06 0.0017994 0)
(4.5495e-05 0.0017791 0)
(8.39174e-05 0.00175035 0)
(0.000122482 0.0017132 0)
(0.000161005 0.00166782 0)
(0.000199336 0.00161436 0)
(0.000237292 0.00155303 0)
(0.000274634 0.00148403 0)
(0.000311118 0.00140767 0)
(0.000346467 0.00132425 0)
(0.000380346 0.00123416 0)
(0.000412453 0.00113783 0)
(0.000442466 0.00103569 0)
(0.000469972 0.000928018 0)
(0.000497064 0.000820089 0)
(0.000521725 0.000708516 0)
(0.000543579 0.000593052 0)
(0.000561904 0.000473483 0)
(0.000575645 0.000349978 0)
(0.000583558 0.000223317 0)
(0.000584427 9.51095e-05 0)
(0.000577479 -3.22614e-05 0)
(0.000562531 -0.000156102 0)
(0.000540184 -0.000273853 0)
(0.000511638 -0.000383881 0)
(0.00047816 -0.000485713 0)
(0.000440605 -0.000579491 0)
(0.000402691 -0.000670473 0)
(0.000360758 -0.000753532 0)
(0.000314947 -0.000827275 0)
(0.000265856 -0.000891247 0)
(0.000214134 -0.000945062 0)
(0.000160495 -0.000988473 0)
(0.000105662 -0.00102143 0)
(5.02989e-05 -0.00104403 0)
(-4.81847e-06 -0.00105649 0)
(-5.95163e-05 -0.00105907 0)
(-0.000112928 -0.00105164 0)
(-0.000163996 -0.00103492 0)
(-0.000212719 -0.00101056 0)
(-0.000258341 -0.000977843 0)
(-0.000299991 -0.000936674 0)
(-0.000337028 -0.000887781 0)
(-0.000368844 -0.000831901 0)
(-0.00039486 -0.00076988 0)
(-0.000414594 -0.000702723 0)
(-0.000428048 -0.000632309 0)
(-0.000435365 -0.000561307 0)
(-0.000436986 -0.000494822 0)
(-0.000436914 -0.000446318 0)
(-0.000447825 -0.000443373 0)
(-0.000501633 -0.000532061 0)
(-0.000643365 -0.000762534 0)
(-0.000896151 -0.00114249 0)
(-3.52628e-06 -5.49546e-05 0)
(7.29928e-05 -8.03329e-05 0)
(0.000151628 -8.98344e-05 0)
(0.000212902 -6.95179e-05 0)
(0.000235657 -3.34268e-05 0)
(0.000232094 -3.37552e-06 0)
(0.000210296 1.26159e-05 0)
(0.000182749 1.38252e-05 0)
(0.000160999 1.57475e-06 0)
(0.000164787 -2.09317e-05 0)
(0.000191414 -4.61585e-05 0)
(0.000230025 -5.33571e-05 0)
(0.000276231 -3.80441e-05 0)
(0.000311869 -1.63395e-05 0)
(0.000330372 -1.25812e-06 0)
(0.000334466 1.259e-05 0)
(0.000322932 3.23464e-05 0)
(0.00029026 5.88387e-05 0)
(0.000231526 9.00788e-05 0)
(0.000146171 0.000125199 0)
(3.25056e-05 0.000163708 0)
(-0.000115519 0.000201864 0)
(-0.000295923 0.000232292 0)
(-0.000503458 0.000256757 0)
(-0.00073839 0.000261255 0)
(-0.000971103 0.000225102 0)
(-0.00117054 0.000187203 0)
(-0.00135043 0.000182981 0)
(-0.00153509 0.000180015 0)
(-0.00170083 0.000140286 0)
(-0.0017949 7.05098e-05 0)
(-0.00182568 -2.5314e-06 0)
(-0.00177821 -6.06887e-05 0)
(-0.00167216 -0.000100227 0)
(-0.0015263 -0.00013346 0)
(-0.00133196 -0.000172959 0)
(-0.00106149 -0.000220283 0)
(-0.000693807 -0.000292045 0)
(-0.000271179 -0.000408044 0)
(0.000167759 -0.000473797 0)
(0.000531311 -0.000391451 0)
(0.000747773 -0.000251155 0)
(0.000885984 -0.000184783 0)
(0.00101556 -0.000171268 0)
(0.00114349 -0.000169308 0)
(0.00125807 -0.00015981 0)
(0.00134825 -0.000135494 0)
(0.00140484 -9.68797e-05 0)
(0.00142218 -4.8452e-05 0)
(0.00139759 1.79513e-06 0)
(0.00133688 4.6605e-05 0)
(0.00124618 8.60743e-05 0)
(0.00112834 0.000121465 0)
(0.000986256 0.0001527 0)
(0.000823086 0.000179814 0)
(0.000641802 0.000203 0)
(0.000445179 0.00022246 0)
(0.000235834 0.000238352 0)
(1.62291e-05 0.000250763 0)
(-0.000211469 0.000259415 0)
(-0.000444552 0.000264364 0)
(-0.000679821 0.000264561 0)
(-0.000913952 0.000259709 0)
(-0.00114293 0.000248735 0)
(-0.00136162 0.000230659 0)
(-0.0015642 0.000204817 0)
(-0.00174426 0.000170693 0)
(-0.00189488 0.000128489 0)
(-0.00200968 7.87434e-05 0)
(-0.00208208 2.36375e-05 0)
(-0.00211029 -3.65259e-05 0)
(-0.00208625 -9.95605e-05 0)
(-0.00201108 -0.000160069 0)
(-0.00189017 -0.000213196 0)
(-0.00172845 -0.000254226 0)
(-0.00153591 -0.000280273 0)
(-0.00132485 -0.000290957 0)
(-0.00110702 -0.000287932 0)
(-0.000893347 -0.000274401 0)
(-0.000690061 -0.000253594 0)
(-0.000501363 -0.000228608 0)
(-0.000329603 -0.000202639 0)
(-0.000175713 -0.000179481 0)
(-3.4219e-05 -0.000160398 0)
(0.000105105 -0.00014728 0)
(0.000270125 -0.000136881 0)
(0.000492991 -9.53869e-05 0)
(0.000690638 2.21396e-05 0)
(0.00070419 0.000126265 0)
(0.000601697 7.59846e-05 0)
(0.000528604 -0.000102093 0)
(0.000608216 -0.000249005 0)
(0.000752949 -0.000246196 0)
(0.00084682 -0.000156199 0)
(0.000884544 -6.46524e-05 0)
(0.000845493 6.17574e-05 0)
(0.000698944 0.000187992 0)
(0.000474636 0.000258154 0)
(0.000193889 0.000251316 0)
(-2.84641e-05 0.00010795 0)
(8.85474e-05 2.58374e-05 0)
(0.000235311 0.000303626 0)
(0.000234765 0.000719352 0)
(-1.82512e-05 0.000765295 0)
(-0.000127682 0.000533866 0)
(-0.000130843 0.000341966 0)
(-0.000144922 0.000121646 0)
(-0.000117311 -7.63368e-05 0)
(-8.25569e-05 -0.000222775 0)
(-4.68951e-05 -0.000321294 0)
(-2.19683e-05 -0.000382812 0)
(-9.2403e-06 -0.00042525 0)
(-1.32658e-06 -0.000452417 0)
(3.19246e-06 -0.000461747 0)
(6.48118e-06 -0.000454031 0)
(1.34474e-05 -0.00042819 0)
(2.30732e-05 -0.000378985 0)
(2.51854e-05 -0.000319829 0)
(1.60047e-05 -0.000284196 0)
(9.98563e-06 -0.000284785 0)
(2.03507e-05 -0.000292272 0)
(3.62507e-05 -0.000271912 0)
(3.71215e-05 -0.000221669 0)
(2.29506e-05 -0.000169459 0)
(8.46932e-06 -0.000133057 0)
(8.64047e-07 -0.000112283 0)
(-2.57476e-06 -0.000104072 0)
(-4.78432e-06 -0.000108732 0)
(-6.53693e-06 -0.00012625 0)
(-3.32093e-06 -0.000153699 0)
(1.38728e-05 -0.000176297 0)
(3.38617e-05 -0.000176288 0)
(3.92536e-05 -0.000156514 0)
(2.79425e-05 -0.000124161 0)
(-7.73643e-07 -9.16522e-05 0)
(-2.55954e-05 -7.68254e-05 0)
(-2.95691e-05 -8.57783e-05 0)
(-7.01569e-06 -0.000122021 0)
(2.31595e-05 -0.000187305 0)
(5.93454e-05 -0.000262322 0)
(8.59957e-05 -0.000298732 0)
(4.29909e-05 -0.000278605 0)
(-9.82339e-05 -0.000264067 0)
(-0.000244728 -0.00029707 0)
(-0.000326122 -0.000356405 0)
(-0.00031742 -0.000405935 0)
(-0.000217239 -0.000407689 0)
(-5.41507e-05 -0.000344579 0)
(0.000127921 -0.0002109 0)
(0.000273289 -2.4484e-05 0)
(0.000320953 0.000164447 0)
(0.000269777 0.000321985 0)
(0.00016004 0.00045545 0)
(7.92283e-06 0.000569764 0)
(-0.000158035 0.000615833 0)
(-0.000286274 0.00057294 0)
(-0.000353279 0.000468426 0)
(-0.000367606 0.000338784 0)
(-0.000346194 0.000201774 0)
(-0.000300334 5.74594e-05 0)
(-0.000228184 -9.53504e-05 0)
(-0.000121583 -0.000248044 0)
(2.74163e-05 -0.000388771 0)
(0.000238313 -0.000506903 0)
(0.000509099 -0.000542857 0)
(0.000781097 -0.000443447 0)
(0.000981581 -0.00020622 0)
(0.00104043 0.00012104 0)
(0.000921227 0.000456033 0)
(0.000636344 0.000725111 0)
(0.000283246 0.00096014 0)
(-9.69456e-05 0.00123916 0)
(-0.000451549 0.00151328 0)
(-0.000553177 0.00168515 0)
(-7.20597e-05 0.00175044 0)
(0.00126736 0.00206107 0)
(0.00287879 0.00339815 0)
(0.00290614 0.0055137 0)
(0.00125947 0.0064921 0)
(0.000421004 0.00613381 0)
(0.000553839 0.00611572 0)
(0.000227936 0.00637987 0)
(-0.000140086 0.00619199 0)
(-9.87564e-05 0.00599441 0)
(-0.000150586 0.00596359 0)
(-0.000269858 0.00580613 0)
(-0.000246706 0.00562628 0)
(-0.000235561 0.00552074 0)
(-0.000261401 0.00538962 0)
(-0.000245153 0.00524809 0)
(-0.000226508 0.00513751 0)
(-0.000223814 0.00502839 0)
(-0.000211674 0.00491821 0)
(-0.000198174 0.00482092 0)
(-0.000190839 0.00472847 0)
(-0.000182144 0.00463813 0)
(-0.000173482 0.00455391 0)
(-0.000167379 0.00447337 0)
(-0.000161466 0.00439505 0)
(-0.000155839 0.00432008 0)
(-0.000151355 0.00424762 0)
(-0.000147261 0.00417694 0)
(-0.000143432 0.00410825 0)
(-0.00014015 0.00404131 0)
(-0.000137245 0.00397573 0)
(-0.00013465 0.00391148 0)
(-0.000132456 0.00384842 0)
(-0.000130651 0.00378637 0)
(-0.000129241 0.00372524 0)
(-0.000128259 0.0036649 0)
(-0.000127709 0.00360524 0)
(-0.000127595 0.00354616 0)
(-0.000127927 0.00348756 0)
(-0.000128695 0.00342934 0)
(-0.000129864 0.00337143 0)
(-0.000131423 0.00331376 0)
(-0.000133342 0.00325624 0)
(-0.000135585 0.00319884 0)
(-0.00013812 0.00314149 0)
(-0.000140908 0.00308417 0)
(-0.000143928 0.00302683 0)
(-0.00014714 0.00296944 0)
(-0.000150516 0.00291198 0)
(-0.000154049 0.00285444 0)
(-0.000157714 0.00279678 0)
(-0.000161494 0.00273901 0)
(-0.000165393 0.0026811 0)
(-0.000169399 0.00262302 0)
(-0.000173507 0.00256478 0)
(-0.000177722 0.00250635 0)
(-0.000182046 0.00244771 0)
(-0.000186483 0.00238886 0)
(-0.000191043 0.00232976 0)
(-0.000195726 0.00227039 0)
(-0.000200531 0.00221073 0)
(-0.000205481 0.00215078 0)
(-0.000210577 0.00209049 0)
(-0.000215812 0.00202985 0)
(-0.000221194 0.00196883 0)
(-0.000226731 0.00190743 0)
(-0.000232421 0.00184561 0)
(-0.000238275 0.00178338 0)
(-0.000244298 0.0017207 0)
(-0.000250492 0.00165756 0)
(-0.000256849 0.00159395 0)
(-0.00026339 0.00152988 0)
(-0.000270137 0.0014653 0)
(-0.000277072 0.00140022 0)
(-0.000284213 0.00133462 0)
(-0.000291582 0.0012685 0)
(-0.000299193 0.00120184 0)
(-0.000307053 0.00113461 0)
(-0.000315174 0.00106681 0)
(-0.000323577 0.000998407 0)
(-0.000332273 0.000929394 0)
(-0.000341278 0.000859744 0)
(-0.00035061 0.000789453 0)
(-0.000360312 0.000718509 0)
(-0.000370424 0.000646841 0)
(-0.000380932 0.000574385 0)
(-0.000391812 0.000501133 0)
(-0.000403163 0.000427105 0)
(-0.000415074 0.000351998 0)
(-0.000433452 0.000279691 0)
(-0.000452436 0.000204355 0)
(-0.000471214 0.000125743 0)
(-0.000488968 4.41778e-05 0)
(-0.000505124 -3.95087e-05 0)
(-0.000519488 -0.000124193 0)
(-0.00053263 -0.000208932 0)
(-0.00054546 -0.000293375 0)
(-0.00055867 -0.000377565 0)
(-0.000572795 -0.000461786 0)
(-0.000588295 -0.000546499 0)
(-0.000606805 -0.000633645 0)
(-0.000630158 -0.000725597 0)
(-0.000655555 -0.000819303 0)
(-0.000683418 -0.000915081 0)
(-0.00071417 -0.00101308 0)
(-0.000748347 -0.00111352 0)
(-0.000786611 -0.00121659 0)
(-0.000829737 -0.00132258 0)
(-0.000878598 -0.00143178 0)
(-0.000934266 -0.00154455 0)
(-0.000997928 -0.00166135 0)
(-0.00107091 -0.00178271 0)
(-0.00115473 -0.00190933 0)
(-0.00125097 -0.00204205 0)
(-0.00136129 -0.00218195 0)
(-0.00148746 -0.00232997 0)
(-0.00163123 -0.00248849 0)
(-0.00179414 -0.00265629 0)
(-0.00197877 -0.00284209 0)
(-0.00218416 -0.00303055 0)
(-0.00241896 -0.00326221 0)
(-0.00266703 -0.00345347 0)
(-0.0029671 -0.0037847 0)
(-0.00322654 -0.00388931 0)
(-0.00359506 -0.00448924 0)
(-0.00359204 -0.00410195 0)
)
;
    }
    frontAndBack
    {
        type            empty;
    }
}


// ************************************************************************* //
