/*--------------------------------*- C++ -*----------------------------------*\
  =========                 |
  \\      /  F ield         | OpenFOAM: The Open Source CFD Toolbox
   \\    /   O peration     | Website:  https://openfoam.org
    \\  /    A nd           | Version:  7
     \\/     M anipulation  |
\*---------------------------------------------------------------------------*/
FoamFile
{
    version     2.0;
    format      ascii;
    class       volVectorField;
    location    "0.1";
    object      wallShearStress;
}
// * * * * * * * * * * * * * * * * * * * * * * * * * * * * * * * * * * * * * //

dimensions      [0 2 -2 0 0 0 0];

internalField   uniform (0 0 0);

boundaryField
{
    velocityInlet
    {
        type            calculated;
        value           uniform (0 0 0);
    }
    pressureOutlet
    {
        type            calculated;
        value           uniform (0 0 0);
    }
    fixedWalls
    {
        type            calculated;
        value           nonuniform List<vector> 
100
(
(-0.00397132 -0.000429322 0)
(-0.00449947 -0.000162244 0)
(-0.00346434 -0.000129935 0)
(-0.00290426 -3.68325e-05 0)
(-0.00264422 -3.03211e-06 0)
(-0.00249513 6.85042e-06 0)
(-0.00241633 1.15894e-05 0)
(-0.00241884 1.874e-05 0)
(-0.00257775 4.34689e-05 0)
(-0.00299357 8.88799e-05 0)
(-0.00367161 0.00013288 0)
(-0.00436868 0.000137621 0)
(-0.00456759 4.83709e-05 0)
(-0.00357086 -0.00019772 0)
(-0.000891889 -0.000483393 0)
(0.00246353 -0.000525477 0)
(0.00443621 -0.000260512 0)
(0.00415544 9.18797e-05 0)
(0.00231753 0.000276538 0)
(0.000155427 0.000279745 0)
(-0.00158947 0.000204057 0)
(-0.00273581 0.000125069 0)
(-0.00339896 7.03346e-05 0)
(-0.00374353 3.71563e-05 0)
(-0.00389605 1.86275e-05 0)
(-0.00394421 1.0613e-05 0)
(-0.0039548 1.11285e-05 0)
(-0.00397081 1.69402e-05 0)
(-0.00395078 1.27426e-05 0)
(-0.00372408 -2.03227e-05 0)
(-0.00312466 -7.33815e-05 0)
(-0.00224188 -0.000107379 0)
(-0.00138381 -0.000101769 0)
(-0.000761793 -7.54942e-05 0)
(-0.000369055 -5.44207e-05 0)
(-0.000114811 -4.25838e-05 0)
(4.32493e-05 -3.14741e-05 0)
(9.44485e-05 -1.61517e-05 0)
(1.88419e-05 5.53152e-07 0)
(-0.000182145 1.70474e-05 0)
(-0.00047942 3.01344e-05 0)
(-0.000830594 3.74073e-05 0)
(-0.00119262 3.91083e-05 0)
(-0.00153025 3.65977e-05 0)
(-0.00182045 3.15844e-05 0)
(-0.00205266 2.559e-05 0)
(-0.00222649 1.97109e-05 0)
(-0.00234743 1.45011e-05 0)
(-0.00242289 1.02504e-05 0)
(-0.00245753 6.61542e-06 0)
(-0.00245081 2.08821e-06 0)
(-0.00239952 -3.23067e-06 0)
(-0.00230363 -8.77493e-06 0)
(-0.00217261 -1.3277e-05 0)
(-0.0020276 -1.53092e-05 0)
(-0.00189696 -1.40274e-05 0)
(-0.00180814 -9.82664e-06 0)
(-0.00178015 -4.27608e-06 0)
(-0.00182082 2.93257e-06 0)
(-0.00192871 1.00439e-05 0)
(-0.00209473 1.6528e-05 0)
(-0.00230128 2.14304e-05 0)
(-0.00251989 2.3335e-05 0)
(-0.00271513 2.14408e-05 0)
(-0.00285853 1.71988e-05 0)
(-0.00294066 1.36657e-05 0)
(-0.00296089 1.11443e-05 0)
(-0.00289441 3.72863e-06 0)
(-0.00266583 -1.57149e-05 0)
(-0.00217297 -4.94037e-05 0)
(-0.00138599 -8.50899e-05 0)
(-0.000460225 -9.88271e-05 0)
(0.000283533 -7.47946e-05 0)
(0.000521058 -1.99517e-05 0)
(0.000116731 4.0915e-05 0)
(-0.000814586 8.74057e-05 0)
(-0.00198211 0.000108817 0)
(-0.00301512 9.61261e-05 0)
(-0.00353184 5.1103e-05 0)
(-0.00325658 -2.4072e-05 0)
(-0.00220807 -9.61711e-05 0)
(-0.000753834 -0.000134768 0)
(0.000584608 -0.000119302 0)
(0.00129806 -5.99777e-05 0)
(0.00118755 1.48942e-05 0)
(0.000485435 5.94682e-05 0)
(-0.000389862 6.50805e-05 0)
(-0.00112273 5.0567e-05 0)
(-0.00160412 2.89787e-05 0)
(-0.00186005 1.19064e-05 0)
(-0.00201497 4.87798e-06 0)
(-0.00214885 6.38477e-06 0)
(-0.0023853 1.67622e-05 0)
(-0.00275288 3.26369e-05 0)
(-0.00329731 5.64236e-05 0)
(-0.00416928 8.36308e-05 0)
(-0.00483529 9.46133e-05 0)
(-0.00564456 3.64327e-05 0)
(-0.00364211 -0.000139909 0)
(-0.00106737 -0.000135043 0)
)
;
    }
    bottomWall
    {
        type            calculated;
        value           nonuniform List<vector> 
800
(
(-0.0353488 0.00214398 0)
(-0.0160265 0.000524836 0)
(-0.0106076 0.000100718 0)
(-0.0084557 3.52606e-05 0)
(-0.00748598 1.98601e-05 0)
(-0.00685233 1.61212e-05 0)
(-0.00634477 1.33559e-05 0)
(-0.00593357 1.09001e-05 0)
(-0.00559872 9.07941e-06 0)
(-0.00531975 7.76417e-06 0)
(-0.00508211 6.76863e-06 0)
(-0.00487633 5.98242e-06 0)
(-0.00469596 5.34535e-06 0)
(-0.00453627 4.8202e-06 0)
(-0.00439369 4.38116e-06 0)
(-0.00426543 4.00945e-06 0)
(-0.00414932 3.69144e-06 0)
(-0.00404362 3.41657e-06 0)
(-0.00394691 3.177e-06 0)
(-0.00385804 2.96683e-06 0)
(-0.00377604 2.78097e-06 0)
(-0.00370012 2.61559e-06 0)
(-0.00362959 2.46779e-06 0)
(-0.00356387 2.33487e-06 0)
(-0.00350249 2.2148e-06 0)
(-0.003445 2.106e-06 0)
(-0.00339103 2.00681e-06 0)
(-0.00334027 1.91616e-06 0)
(-0.00329243 1.83316e-06 0)
(-0.00324726 1.75667e-06 0)
(-0.00320455 1.68617e-06 0)
(-0.00316409 1.62102e-06 0)
(-0.00312571 1.56053e-06 0)
(-0.00308924 1.50433e-06 0)
(-0.00305456 1.45207e-06 0)
(-0.00302153 1.40331e-06 0)
(-0.00299004 1.35768e-06 0)
(-0.00295997 1.31493e-06 0)
(-0.00293125 1.27476e-06 0)
(-0.00290378 1.23721e-06 0)
(-0.00287747 1.20182e-06 0)
(-0.00285226 1.16836e-06 0)
(-0.00282808 1.13683e-06 0)
(-0.00280488 1.10699e-06 0)
(-0.00278259 1.07897e-06 0)
(-0.00276116 1.05199e-06 0)
(-0.00274055 1.02708e-06 0)
(-0.0027207 1.0025e-06 0)
(-0.00270158 9.80375e-07 0)
(-0.00268316 9.56839e-07 0)
(-0.00266778 9.37336e-07 0)
(-0.00265507 9.26404e-07 0)
(-0.00264253 9.12329e-07 0)
(-0.00263019 8.97397e-07 0)
(-0.00261804 8.83298e-07 0)
(-0.00260608 8.69776e-07 0)
(-0.00259431 8.56803e-07 0)
(-0.0025827 8.44063e-07 0)
(-0.00257126 8.31416e-07 0)
(-0.00256 8.19189e-07 0)
(-0.0025489 8.07208e-07 0)
(-0.00253796 7.95469e-07 0)
(-0.00252718 7.84136e-07 0)
(-0.00251655 7.72874e-07 0)
(-0.00250607 7.62012e-07 0)
(-0.00249574 7.51216e-07 0)
(-0.00248555 7.40652e-07 0)
(-0.0024755 7.30483e-07 0)
(-0.0024656 7.20207e-07 0)
(-0.00245583 7.10324e-07 0)
(-0.00244619 7.00831e-07 0)
(-0.00243667 6.91226e-07 0)
(-0.0024273 6.81843e-07 0)
(-0.00241804 6.72844e-07 0)
(-0.0024089 6.6373e-07 0)
(-0.00239989 6.54997e-07 0)
(-0.00239099 6.46479e-07 0)
(-0.00238222 6.37842e-07 0)
(-0.00237355 6.29582e-07 0)
(-0.002365 6.21533e-07 0)
(-0.00235655 6.13359e-07 0)
(-0.00234822 6.05561e-07 0)
(-0.00233998 5.97803e-07 0)
(-0.00233186 5.90085e-07 0)
(-0.00232384 5.82906e-07 0)
(-0.00231591 5.75597e-07 0)
(-0.00230808 5.68157e-07 0)
(-0.00230035 5.61087e-07 0)
(-0.00229272 5.54218e-07 0)
(-0.00228518 5.47383e-07 0)
(-0.00227773 5.40748e-07 0)
(-0.00227037 5.34145e-07 0)
(-0.0022631 5.27574e-07 0)
(-0.00225591 5.21034e-07 0)
(-0.00224882 5.14858e-07 0)
(-0.0022418 5.08712e-07 0)
(-0.00223488 5.02595e-07 0)
(-0.00222803 4.96673e-07 0)
(-0.00222126 4.90781e-07 0)
(-0.00221457 4.84915e-07 0)
(-0.00220796 4.79244e-07 0)
(-0.00220142 4.73766e-07 0)
(-0.00219496 4.68148e-07 0)
(-0.00218858 4.6272e-07 0)
(-0.00218226 4.57485e-07 0)
(-0.00217602 4.52275e-07 0)
(-0.00216984 4.47088e-07 0)
(-0.00216374 4.41924e-07 0)
(-0.00215771 4.36951e-07 0)
(-0.00215174 4.32e-07 0)
(-0.00214584 4.27239e-07 0)
(-0.00214 4.22499e-07 0)
(-0.00213423 4.17615e-07 0)
(-0.00212852 4.13084e-07 0)
(-0.00212287 4.08577e-07 0)
(-0.00211728 4.04089e-07 0)
(-0.00211175 3.99624e-07 0)
(-0.00210629 3.95178e-07 0)
(-0.00210088 3.91087e-07 0)
(-0.00209552 3.86848e-07 0)
(-0.00209023 3.82629e-07 0)
(-0.00208499 3.78597e-07 0)
(-0.00207981 3.74583e-07 0)
(-0.00207467 3.70588e-07 0)
(-0.0020696 3.66777e-07 0)
(-0.00206457 3.62984e-07 0)
(-0.00205959 3.59041e-07 0)
(-0.00205467 3.55281e-07 0)
(-0.0020498 3.51706e-07 0)
(-0.00204497 3.48144e-07 0)
(-0.0020402 3.44434e-07 0)
(-0.00203547 3.40904e-07 0)
(-0.00203079 3.3756e-07 0)
(-0.00202616 3.34058e-07 0)
(-0.00202157 3.3074e-07 0)
(-0.00201703 3.27433e-07 0)
(-0.00201253 3.23978e-07 0)
(-0.00200808 3.20864e-07 0)
(-0.00200367 3.1777e-07 0)
(-0.0019993 3.14512e-07 0)
(-0.00199498 3.11449e-07 0)
(-0.0019907 3.08375e-07 0)
(-0.00198646 3.05183e-07 0)
(-0.00198226 3.02284e-07 0)
(-0.0019781 2.99475e-07 0)
(-0.00197398 2.96401e-07 0)
(-0.0019699 2.93658e-07 0)
(-0.00196586 2.90884e-07 0)
(-0.00196185 2.88206e-07 0)
(-0.00195789 2.8497e-07 0)
(-0.00195457 2.82336e-07 0)
(-0.00195186 2.81157e-07 0)
(-0.00194914 2.79486e-07 0)
(-0.00194642 2.77456e-07 0)
(-0.0019437 2.75528e-07 0)
(-0.00194098 2.7358e-07 0)
(-0.00193826 2.7193e-07 0)
(-0.00193553 2.7003e-07 0)
(-0.00193281 2.68148e-07 0)
(-0.00193008 2.66505e-07 0)
(-0.00192736 2.64651e-07 0)
(-0.00192463 2.62804e-07 0)
(-0.00192191 2.61218e-07 0)
(-0.00191917 2.59374e-07 0)
(-0.00191645 2.57572e-07 0)
(-0.00191371 2.5577e-07 0)
(-0.00191099 2.5399e-07 0)
(-0.00190826 2.52423e-07 0)
(-0.00190552 2.50655e-07 0)
(-0.00190279 2.48902e-07 0)
(-0.00190006 2.46952e-07 0)
(-0.00189733 2.4522e-07 0)
(-0.0018946 2.43726e-07 0)
(-0.00189187 2.42001e-07 0)
(-0.00188913 2.40521e-07 0)
(-0.0018864 2.3883e-07 0)
(-0.00188366 2.36951e-07 0)
(-0.00188093 2.35289e-07 0)
(-0.0018782 2.33639e-07 0)
(-0.00187547 2.32002e-07 0)
(-0.00187273 2.30388e-07 0)
(-0.00187 2.28762e-07 0)
(-0.00186727 2.2716e-07 0)
(-0.00186454 2.25565e-07 0)
(-0.0018618 2.23981e-07 0)
(-0.00185907 2.22417e-07 0)
(-0.00185634 2.20862e-07 0)
(-0.00185361 2.19312e-07 0)
(-0.00185087 2.17803e-07 0)
(-0.00184814 2.16074e-07 0)
(-0.00184541 2.14586e-07 0)
(-0.00184268 2.13256e-07 0)
(-0.00183995 2.11589e-07 0)
(-0.00183722 2.10119e-07 0)
(-0.00183449 2.0884e-07 0)
(-0.00183176 2.07219e-07 0)
(-0.00182903 2.05776e-07 0)
(-0.0018263 2.04534e-07 0)
(-0.00182357 2.02982e-07 0)
(-0.00182084 2.01561e-07 0)
(-0.00181811 2.00185e-07 0)
(-0.00181538 1.98806e-07 0)
(-0.00181265 1.97611e-07 0)
(-0.00180992 1.96106e-07 0)
(-0.00180719 1.94775e-07 0)
(-0.00180446 1.93623e-07 0)
(-0.00180173 1.92345e-07 0)
(-0.00179899 1.91028e-07 0)
(-0.00179626 1.89776e-07 0)
(-0.00179353 1.88493e-07 0)
(-0.0017908 1.87239e-07 0)
(-0.00178806 1.8616e-07 0)
(-0.00178532 1.85081e-07 0)
(-0.00178259 1.83888e-07 0)
(-0.00177985 1.82758e-07 0)
(-0.00177711 1.81524e-07 0)
(-0.00177437 1.80524e-07 0)
(-0.00177162 1.79506e-07 0)
(-0.00176888 1.7855e-07 0)
(-0.00176613 1.77415e-07 0)
(-0.00176338 1.76444e-07 0)
(-0.00176062 1.75508e-07 0)
(-0.00175787 1.74556e-07 0)
(-0.00175511 1.73663e-07 0)
(-0.00175235 1.72789e-07 0)
(-0.00174958 1.71877e-07 0)
(-0.00174681 1.70981e-07 0)
(-0.00174404 1.70279e-07 0)
(-0.00174126 1.69348e-07 0)
(-0.00173848 1.68802e-07 0)
(-0.00173569 1.67844e-07 0)
(-0.00173289 1.6744e-07 0)
(-0.00173009 1.66412e-07 0)
(-0.00172728 1.66378e-07 0)
(-0.00172448 1.64829e-07 0)
(-0.00172163 1.65946e-07 0)
(-0.00171884 1.62753e-07 0)
(-0.00171593 1.66566e-07 0)
(-0.00171319 1.59855e-07 0)
(-0.00171016 1.69414e-07 0)
(-0.00170752 1.54137e-07 0)
(-0.00170429 1.7655e-07 0)
(-0.00170189 1.42861e-07 0)
(-0.00169824 1.92693e-07 0)
(-0.00169634 1.19926e-07 0)
(-0.00169194 2.25234e-07 0)
(-0.00169091 7.60336e-08 0)
(-0.00168537 2.82487e-07 0)
(-0.00168559 5.90231e-09 0)
(-0.00167856 3.11305e-07 0)
(-0.0353488 -0.00214397 0)
(-0.0160269 -0.000524817 0)
(-0.0106086 -0.000100695 0)
(-0.00845736 -3.52377e-05 0)
(-0.00748834 -1.98363e-05 0)
(-0.00685545 -1.60949e-05 0)
(-0.0063488 -1.33268e-05 0)
(-0.00593857 -1.08684e-05 0)
(-0.00560478 -9.04448e-06 0)
(-0.00532699 -7.72579e-06 0)
(-0.0050906 -6.7269e-06 0)
(-0.00488617 -5.93747e-06 0)
(-0.00470722 -5.29747e-06 0)
(-0.004549 -4.76968e-06 0)
(-0.00440793 -4.32806e-06 0)
(-0.00428124 -3.95385e-06 0)
(-0.00416674 -3.6331e-06 0)
(-0.0040627 -3.35538e-06 0)
(-0.00396771 -3.11273e-06 0)
(-0.00388061 -2.89879e-06 0)
(-0.00380047 -2.70876e-06 0)
(-0.00372648 -2.53888e-06 0)
(-0.00365797 -2.38572e-06 0)
(-0.0035944 -2.2469e-06 0)
(-0.00353527 -2.12036e-06 0)
(-0.00348017 -2.00414e-06 0)
(-0.00342875 -1.89676e-06 0)
(-0.00338071 -1.79691e-06 0)
(-0.00333578 -1.70341e-06 0)
(-0.00329374 -1.61547e-06 0)
(-0.0032544 -1.53168e-06 0)
(-0.00321758 -1.45185e-06 0)
(-0.00318315 -1.37445e-06 0)
(-0.00315098 -1.30016e-06 0)
(-0.00312099 -1.22584e-06 0)
(-0.00309308 -1.15457e-06 0)
(-0.00306718 -1.08074e-06 0)
(-0.0030433 -1.01027e-06 0)
(-0.00302123 -9.33847e-07 0)
(-0.00300142 -8.59692e-07 0)
(-0.00298288 -7.81586e-07 0)
(-0.00296764 -6.90767e-07 0)
(-0.00295188 -6.24836e-07 0)
(-0.00294301 -4.71358e-07 0)
(-0.00292775 -4.81257e-07 0)
(-0.00293052 -1.0536e-07 0)
(-0.00290886 -4.50897e-07 0)
(-0.00293671 9.57743e-07 0)
(-0.00289978 -5.91632e-06 0)
(-0.00276726 0.000194611 0)
(-1.55376e-05 7.31074e-06 0)
(-1.38456e-05 2.90471e-05 0)
(-1.0867e-05 4.30188e-05 0)
(-6.1884e-06 5.03317e-05 0)
(9.62186e-08 4.84191e-05 0)
(7.80888e-06 3.58464e-05 0)
(1.65595e-05 1.11512e-05 0)
(2.6456e-05 -2.65826e-05 0)
(3.73211e-05 -7.81031e-05 0)
(4.8895e-05 -0.000144007 0)
(6.0758e-05 -0.000224541 0)
(7.23118e-05 -0.000319343 0)
(8.28554e-05 -0.000427265 0)
(9.17143e-05 -0.00054635 0)
(9.8352e-05 -0.000673998 0)
(0.000102422 -0.000807292 0)
(0.000103792 -0.000943251 0)
(0.00010256 -0.00107887 0)
(9.90115e-05 -0.00121136 0)
(9.35214e-05 -0.0013384 0)
(8.64652e-05 -0.00145818 0)
(7.81858e-05 -0.00156931 0)
(6.89821e-05 -0.00167077 0)
(5.91228e-05 -0.00176186 0)
(4.88593e-05 -0.00184209 0)
(3.84463e-05 -0.00191125 0)
(2.81437e-05 -0.00196935 0)
(1.82069e-05 -0.00201664 0)
(8.8578e-06 -0.00205361 0)
(2.85439e-07 -0.00208095 0)
(-7.4071e-06 -0.00209953 0)
(-1.41856e-05 -0.00211025 0)
(-2.0187e-05 -0.0021142 0)
(-2.55274e-05 -0.002112 0)
(-3.023e-05 -0.00210456 0)
(-3.44625e-05 -0.00209272 0)
(-3.8428e-05 -0.002077 0)
(-4.22956e-05 -0.00205782 0)
(-4.62113e-05 -0.00203543 0)
(-5.02989e-05 -0.00200999 0)
(-5.46486e-05 -0.00198146 0)
(-5.92319e-05 -0.00194972 0)
(-6.38911e-05 -0.00191469 0)
(-6.83823e-05 -0.00187631 0)
(-7.24373e-05 -0.00183465 0)
(-7.58063e-05 -0.00178989 0)
(-7.83185e-05 -0.00174234 0)
(-7.98983e-05 -0.00169241 0)
(-8.0556e-05 -0.00164057 0)
(-8.0358e-05 -0.0015873 0)
(-7.94284e-05 -0.0015331 0)
(-7.79615e-05 -0.0014784 0)
(-7.61985e-05 -0.00142356 0)
(-7.44049e-05 -0.00136884 0)
(-7.28381e-05 -0.00131439 0)
(-7.17306e-05 -0.00126024 0)
(-7.12696e-05 -0.00120633 0)
(-7.15882e-05 -0.00115248 0)
(-7.27759e-05 -0.00109848 0)
(-7.4867e-05 -0.001044 0)
(-7.77856e-05 -0.000988658 0)
(-8.12907e-05 -0.000932049 0)
(-8.48989e-05 -0.000873782 0)
(-8.77982e-05 -0.000813594 0)
(-8.88284e-05 -0.000751504 0)
(-8.66076e-05 -0.00068801 0)
(-7.98748e-05 -0.000624223 0)
(-6.79468e-05 -0.000561811 0)
(-5.10412e-05 -0.000502718 0)
(-3.02436e-05 -0.000448828 0)
(-7.44207e-06 -0.000401679 0)
(1.49178e-05 -0.00036216 0)
(3.42896e-05 -0.000330337 0)
(4.84823e-05 -0.000305456 0)
(5.61472e-05 -0.000286145 0)
(5.70077e-05 -0.000270788 0)
(5.17952e-05 -0.000257844 0)
(4.19702e-05 -0.000246022 0)
(2.93398e-05 -0.00023426 0)
(1.57902e-05 -0.000221787 0)
(2.78706e-06 -0.000208033 0)
(-8.51672e-06 -0.000192647 0)
(-1.74163e-05 -0.000175618 0)
(-2.37912e-05 -0.0001572 0)
(-2.7927e-05 -0.000137777 0)
(-3.03276e-05 -0.000117782 0)
(-3.15207e-05 -9.76232e-05 0)
(-3.19495e-05 -7.76186e-05 0)
(-3.19167e-05 -5.80083e-05 0)
(-3.1565e-05 -3.8966e-05 0)
(-3.09115e-05 -2.06518e-05 0)
(-2.99673e-05 -3.22506e-06 0)
(-2.87491e-05 1.31347e-05 0)
(-2.73044e-05 2.83109e-05 0)
(-2.56828e-05 4.22638e-05 0)
(-2.39208e-05 5.4969e-05 0)
(-2.2064e-05 6.64286e-05 0)
(-2.01544e-05 7.6661e-05 0)
(-1.82258e-05 8.56912e-05 0)
(-1.63058e-05 9.35498e-05 0)
(-1.44191e-05 0.000100285 0)
(-1.25872e-05 0.000105968 0)
(-1.08267e-05 0.00011068 0)
(-9.14831e-06 0.0001145 0)
(-7.5596e-06 0.000117501 0)
(-6.0687e-06 0.000119749 0)
(-4.68227e-06 0.000121313 0)
(-3.40709e-06 0.000122256 0)
(-2.2534e-06 0.000122647 0)
(-1.23141e-06 0.000122554 0)
(-3.52065e-07 0.000122045 0)
(3.7297e-07 0.000121209 0)
(9.55019e-07 0.000120104 0)
(1.40383e-06 0.000118785 0)
(1.73216e-06 0.000117304 0)
(1.9593e-06 0.000115705 0)
(2.10944e-06 0.000114021 0)
(2.21252e-06 0.000112271 0)
(2.30133e-06 0.000110462 0)
(2.41253e-06 0.000108589 0)
(2.58184e-06 0.00010663 0)
(2.84338e-06 0.000104553 0)
(3.22722e-06 0.000102315 0)
(3.75397e-06 9.98675e-05 0)
(4.43688e-06 9.71588e-05 0)
(5.27848e-06 9.41367e-05 0)
(6.26822e-06 9.07538e-05 0)
(7.38321e-06 8.69719e-05 0)
(8.58856e-06 8.27657e-05 0)
(9.83872e-06 7.81264e-05 0)
(1.10798e-05 7.30654e-05 0)
(1.22531e-05 6.76159e-05 0)
(1.32996e-05 6.18337e-05 0)
(1.41642e-05 5.57959e-05 0)
(1.4801e-05 4.95982e-05 0)
(1.51768e-05 4.33498e-05 0)
(1.52742e-05 3.71673e-05 0)
(1.50951e-05 3.11691e-05 0)
(1.46566e-05 2.54649e-05 0)
(1.39815e-05 2.01373e-05 0)
(1.3105e-05 1.52597e-05 0)
(1.20655e-05 1.08843e-05 0)
(1.08996e-05 7.04252e-06 0)
(9.63744e-06 3.74856e-06 0)
(8.3018e-06 1.0045e-06 0)
(6.906e-06 -1.1957e-06 0)
(5.46881e-06 -2.86309e-06 0)
(3.9908e-06 -4.00769e-06 0)
(2.48081e-06 -4.64128e-06 0)
(9.52561e-07 -4.77522e-06 0)
(-5.70391e-07 -4.42745e-06 0)
(-2.05804e-06 -3.61826e-06 0)
(-3.47047e-06 -2.38192e-06 0)
(-4.76216e-06 -7.68395e-07 0)
(-5.88766e-06 1.16155e-06 0)
(-6.7977e-06 3.336e-06 0)
(-7.44376e-06 5.67092e-06 0)
(-7.78062e-06 8.07268e-06 0)
(-7.76779e-06 1.04405e-05 0)
(-7.3714e-06 1.26687e-05 0)
(-6.56581e-06 1.46501e-05 0)
(-5.33482e-06 1.62788e-05 0)
(-3.67128e-06 1.74517e-05 0)
(-1.57513e-06 1.80685e-05 0)
(9.38361e-07 1.80346e-05 0)
(3.83547e-06 1.72652e-05 0)
(7.07233e-06 1.56911e-05 0)
(1.05973e-05 1.32593e-05 0)
(1.43468e-05 9.93638e-06 0)
(1.82559e-05 5.71193e-06 0)
(2.22574e-05 5.91724e-07 0)
(2.62759e-05 -5.39848e-06 0)
(3.02413e-05 -1.22126e-05 0)
(3.40915e-05 -1.97937e-05 0)
(3.77675e-05 -2.80702e-05 0)
(4.12195e-05 -3.69578e-05 0)
(4.44062e-05 -4.63626e-05 0)
(4.72977e-05 -5.61833e-05 0)
(4.98785e-05 -6.63138e-05 0)
(5.21567e-05 -7.66609e-05 0)
(5.41516e-05 -8.71252e-05 0)
(5.58757e-05 -9.75666e-05 0)
(5.73714e-05 -0.000107889 0)
(5.86908e-05 -0.000118007 0)
(5.98925e-05 -0.000127853 0)
(6.10355e-05 -0.000137379 0)
(6.21669e-05 -0.000146575 0)
(6.33053e-05 -0.00015547 0)
(6.44179e-05 -0.000164165 0)
(6.53669e-05 -0.000172879 0)
(6.58309e-05 -0.000182029 0)
(6.51613e-05 -0.000192409 0)
(6.21061e-05 -0.000205553 0)
(5.43935e-05 -0.000224549 0)
(3.77252e-05 -0.000254958 0)
(4.28419e-06 -0.000307673 0)
(-6.13154e-05 -0.000402562 0)
(-0.000189139 -0.000569856 0)
(-0.000417858 -0.000838825 0)
(-0.000751463 -0.00119954 0)
(-9.60842e-07 1.58318e-05 0)
(-1.79475e-05 1.58092e-05 0)
(-2.92975e-05 1.54228e-05 0)
(-4.0205e-05 1.51335e-05 0)
(-5.06404e-05 1.4871e-05 0)
(-6.05991e-05 1.47226e-05 0)
(-7.00708e-05 1.48194e-05 0)
(-7.91919e-05 1.54054e-05 0)
(-8.83267e-05 1.68124e-05 0)
(-9.81779e-05 1.94081e-05 0)
(-0.000109835 2.36101e-05 0)
(-0.000124835 2.97108e-05 0)
(-0.000145042 3.78659e-05 0)
(-0.000172573 4.78922e-05 0)
(-0.000209467 5.89949e-05 0)
(-0.000257311 6.91265e-05 0)
(-0.000316486 7.39394e-05 0)
(-0.000385731 6.68791e-05 0)
(-0.000455412 4.06016e-05 0)
(-0.000511566 9.37208e-06 0)
(-0.000553692 1.86041e-06 0)
(-0.000596108 2.33271e-05 0)
(-0.000638275 5.80014e-05 0)
(-0.000639179 0.000111466 0)
(-0.00060574 0.000169998 0)
(-0.000574789 0.000186452 0)
(-0.000545787 8.24662e-05 0)
(-0.000448781 -0.000170652 0)
(-0.000157991 -0.000501018 0)
(0.000274677 -0.000492356 0)
(0.000445436 -0.000211094 0)
(0.000464252 -0.000123687 0)
(0.000547244 -0.000143449 0)
(0.000643968 -0.000125797 0)
(0.000717579 -0.00010832 0)
(0.000785497 -0.000103102 0)
(0.000851337 -9.68613e-05 0)
(0.000912 -8.98864e-05 0)
(0.000967076 -8.24553e-05 0)
(0.0010155 -7.34116e-05 0)
(0.00105515 -6.16355e-05 0)
(0.00108302 -4.58796e-05 0)
(0.00109536 -2.57467e-05 0)
(0.00108796 -2.23222e-06 0)
(0.00105845 2.40033e-05 0)
(0.00100512 5.21043e-05 0)
(0.000927384 8.08038e-05 0)
(0.00082608 0.000108806 0)
(0.000704813 0.000135488 0)
(0.000564704 0.000160429 0)
(0.000405658 0.000183389 0)
(0.000226766 0.000202997 0)
(3.51649e-05 0.000222385 0)
(-0.000171327 0.000242785 0)
(-0.00039413 0.00026424 0)
(-0.000633421 0.000286402 0)
(-0.000889832 0.000307077 0)
(-0.00116178 0.000325378 0)
(-0.00144687 0.000338199 0)
(-0.00173952 0.000342226 0)
(-0.00203182 0.00033433 0)
(-0.00231347 0.000311388 0)
(-0.00257149 0.000270779 0)
(-0.00279101 0.000211222 0)
(-0.00295722 0.000132538 0)
(-0.00305626 3.66391e-05 0)
(-0.0030782 -7.57879e-05 0)
(-0.00301593 -0.000196714 0)
(-0.00286818 -0.000322446 0)
(-0.0026225 -0.000448076 0)
(-0.00227973 -0.000568564 0)
(-0.00184306 -0.00067903 0)
(-0.00132096 -0.000772293 0)
(-0.000732275 -0.000844765 0)
(-6.06159e-05 -0.000902496 0)
(0.000864102 -0.00086662 0)
(0.00196758 -0.000217773 0)
(0.0020175 0.000691716 0)
(0.0012525 0.000750597 0)
(0.000740821 0.000404845 0)
(0.000664101 0.000102142 0)
(0.000852159 -0.000230643 0)
(0.00126382 -0.000550171 0)
(0.00173973 -0.000541556 0)
(0.00200681 -0.000305859 0)
(0.00206818 -0.000144707 0)
(0.00205774 -1.90344e-05 0)
(0.00196628 7.67799e-05 0)
(0.00183938 0.000124092 0)
(0.00170166 0.000163908 0)
(0.00153463 0.000196512 0)
(0.00135884 0.000216508 0)
(0.00117129 0.000240202 0)
(0.000964051 0.000268912 0)
(0.000733761 0.00029481 0)
(0.000483962 0.000308821 0)
(0.000223557 0.000294061 0)
(-3.15441e-05 0.000219932 0)
(-0.000199226 2.94665e-05 0)
(-7.45402e-05 -0.000174555 0)
(-0.000223817 -7.38877e-05 0)
(-0.000147007 -0.000292362 0)
(1.38569e-05 -0.000239316 0)
(0.000150435 -1.1828e-05 0)
(0.000179136 0.000241799 0)
(0.000161829 0.000443741 0)
(0.0001522 0.000615731 0)
(0.000138336 0.000768863 0)
(0.000105633 0.000882132 0)
(4.30029e-05 0.000923783 0)
(-5.31784e-05 0.000851071 0)
(-0.000169949 0.000640609 0)
(-0.000281419 0.000293174 0)
(-0.000355578 -0.000162268 0)
(-0.000367962 -0.00066471 0)
(-0.000308347 -0.00113373 0)
(-0.000181542 -0.00149295 0)
(-5.49281e-06 -0.00167908 0)
(0.000195086 -0.0016568 0)
(0.000384451 -0.00142456 0)
(0.000509066 -0.000991975 0)
(0.000525062 -0.000450552 0)
(0.000429698 6.96547e-05 0)
(0.000258179 0.000474009 0)
(8.49059e-05 0.000687722 0)
(-3.13296e-05 0.000723422 0)
(-9.29203e-05 0.000657481 0)
(-0.000113849 0.000534938 0)
(-8.47057e-05 0.00040183 0)
(-2.85471e-05 0.00031023 0)
(-3.90338e-07 0.000270781 0)
(-8.45197e-06 0.000260748 0)
(-4.3129e-05 0.000269954 0)
(-0.000106248 0.000281743 0)
(-0.000191667 0.000244143 0)
(-0.000269857 0.000124572 0)
(-0.000331094 -6.77215e-05 0)
(-0.000370433 -0.000317887 0)
(-0.000378603 -0.000609054 0)
(-0.000344115 -0.000915965 0)
(-0.000254818 -0.00119675 0)
(-0.000114545 -0.00140004 0)
(5.97944e-05 -0.00147814 0)
(0.000251987 -0.00143394 0)
(0.000431666 -0.00125503 0)
(0.000552491 -0.000893197 0)
(0.000592165 -0.000408825 0)
(0.000567084 8.51696e-05 0)
(0.00050834 0.00054232 0)
(0.000396265 0.000929505 0)
(0.00025653 0.00122074 0)
(0.000136549 0.00140678 0)
(7.45289e-05 0.00150873 0)
(2.0456e-05 0.00153383 0)
(-0.000112317 0.00148845 0)
(-0.000322914 0.00147356 0)
(-0.00055904 0.00149575 0)
(-0.000674316 0.00147498 0)
(-0.000454659 0.00140185 0)
(0.000179408 0.00144837 0)
(0.000993753 0.00188503 0)
(0.00134067 0.00274129 0)
(0.000850084 0.0034216 0)
(0.000302057 0.00350334 0)
(0.000292069 0.00346049 0)
(0.00031917 0.00362671 0)
(0.000150508 0.00372907 0)
(8.95219e-05 0.00370545 0)
(0.000107176 0.00372672 0)
(5.64541e-05 0.00375462 0)
(2.06427e-05 0.0037315 0)
(2.06347e-05 0.0037132 0)
(-1.2786e-06 0.00369942 0)
(-2.36979e-05 0.00366426 0)
(-3.27825e-05 0.00362486 0)
(-4.83662e-05 0.00358416 0)
(-6.50399e-05 0.00353273 0)
(-7.62314e-05 0.00347601 0)
(-8.82408e-05 0.00341659 0)
(-9.99601e-05 0.00335166 0)
(-0.000108577 0.00328337 0)
(-0.000116032 0.00321359 0)
(-0.000122398 0.00314196 0)
(-0.000126675 0.00306951 0)
(-0.000129543 0.00299744 0)
(-0.000131353 0.00292598 0)
(-0.00013189 0.00285559 0)
(-0.000131453 0.00278688 0)
(-0.000130355 0.00272005 0)
(-0.000128628 0.00265523 0)
(-0.000126423 0.00259266 0)
(-0.000123939 0.00253238 0)
(-0.000121249 0.00247438 0)
(-0.000118443 0.00241866 0)
(-0.000115632 0.00236518 0)
(-0.000112888 0.00231382 0)
(-0.000110275 0.00226449 0)
(-0.00010787 0.00221705 0)
(-0.000105735 0.00217135 0)
(-0.000103923 0.00212722 0)
(-0.000102485 0.00208446 0)
(-0.000101459 0.00204292 0)
(-0.000100882 0.00200241 0)
(-0.000100791 0.00196278 0)
(-0.000101219 0.00192385 0)
(-0.000102178 0.00188548 0)
(-0.000103689 0.00184757 0)
(-0.000105741 0.00180999 0)
(-0.000108293 0.00177271 0)
(-0.000111283 0.00173571 0)
(-0.00011459 0.00169901 0)
(-0.00011803 0.00166275 0)
(-0.000121383 0.00162714 0)
(-0.000124384 0.00159249 0)
(-0.000126741 0.00155918 0)
(-0.000128154 0.00152792 0)
(-0.000128248 0.00149925 0)
(-0.000126606 0.00147311 0)
(-0.000122906 0.00144975 0)
(-0.0001168 0.00142915 0)
(-0.00010776 0.00141111 0)
(-9.51244e-05 0.0013956 0)
(-7.84076e-05 0.00138284 0)
(-5.75619e-05 0.00137342 0)
(-3.29786e-05 0.00136821 0)
(-5.32877e-06 0.00136834 0)
(2.39257e-05 0.00137487 0)
(5.35515e-05 0.00138751 0)
(8.36906e-05 0.00140516 0)
(0.000116431 0.00142601 0)
(0.000156084 0.00144895 0)
(0.000207679 0.00147537 0)
(0.000274028 0.00151052 0)
(0.000352057 0.00156364 0)
(0.00043055 0.00164761 0)
(0.000489183 0.00176581 0)
(0.00050633 0.00190739 0)
(0.000472566 0.00204505 0)
(0.000400362 0.00214946 0)
(0.000316731 0.00221074 0)
(0.000242974 0.00224274 0)
(0.000182809 0.0022649 0)
(0.000128879 0.00228425 0)
(7.58219e-05 0.00229595 0)
(2.46279e-05 0.00229495 0)
(-2.12881e-05 0.00228166 0)
(-6.05982e-05 0.00226022 0)
(-9.44315e-05 0.00223342 0)
(-0.000123711 0.00220218 0)
(-0.000148962 0.00216687 0)
(-0.000170461 0.00212812 0)
(-0.000188414 0.00208671 0)
(-0.00020308 0.00204344 0)
(-0.000214702 0.00199892 0)
(-0.000223437 0.00195372 0)
(-0.000229395 0.00190841 0)
(-0.000232681 0.00186356 0)
(-0.000233363 0.00181969 0)
(-0.000231487 0.00177734 0)
(-0.000227096 0.00173698 0)
(-0.000220223 0.00169911 0)
(-0.000210835 0.00166409 0)
(-0.000198847 0.00163236 0)
(-0.00018417 0.00160428 0)
(-0.000166665 0.00157998 0)
(-0.000146758 0.00156989 0)
(-0.000123244 0.00156845 0)
(-9.57185e-05 0.0015735 0)
(-6.29668e-05 0.00158467 0)
(-2.42888e-05 0.00160245 0)
(1.97544e-05 0.00162625 0)
(6.82217e-05 0.00165477 0)
(0.000119301 0.00168778 0)
(0.000170047 0.00172534 0)
(0.00021648 0.00176769 0)
(0.000253936 0.00181453 0)
(0.000278157 0.00186411 0)
(0.000286689 0.00191238 0)
(0.000280163 0.00195328 0)
(0.000262687 0.00198094 0)
(0.000240689 0.00199251 0)
(0.000220625 0.00199063 0)
(0.000207225 0.00199163 0)
(0.000199682 0.00200265 0)
(0.000191315 0.00202327 0)
(0.000173022 0.00205764 0)
(0.000136929 0.00210389 0)
(7.69795e-05 0.00215734 0)
(-1.25905e-05 0.00221136 0)
(-0.000134318 0.0022565 0)
(-0.000286349 0.00228249 0)
(-0.000463597 0.00227955 0)
(-0.000657807 0.00224101 0)
(-0.000859645 0.00216593 0)
(-0.0010624 0.00206036 0)
(-0.00126588 0.00193523 0)
(-0.00149567 0.00182724 0)
(-0.00175589 0.00173636 0)
(-0.00202581 0.00168395 0)
(-0.00223796 0.00173736 0)
)
;
    }
    frontAndBack
    {
        type            empty;
    }
}


// ************************************************************************* //
