/*--------------------------------*- C++ -*----------------------------------*\
  =========                 |
  \\      /  F ield         | OpenFOAM: The Open Source CFD Toolbox
   \\    /   O peration     | Website:  https://openfoam.org
    \\  /    A nd           | Version:  7
     \\/     M anipulation  |
\*---------------------------------------------------------------------------*/
FoamFile
{
    version     2.0;
    format      ascii;
    class       volScalarField;
    location    "0.1";
    object      yPlus;
}
// * * * * * * * * * * * * * * * * * * * * * * * * * * * * * * * * * * * * * //

dimensions      [0 0 0 0 0 0 0];

internalField   uniform 0;

boundaryField
{
    velocityInlet
    {
        type            calculated;
        value           uniform 0;
    }
    pressureOutlet
    {
        type            calculated;
        value           uniform 0;
    }
    fixedWalls
    {
        type            calculated;
        value           nonuniform List<scalar> 
100
(
0.963658
1.05179
0.922777
0.844605
0.805568
0.782413
0.76993
0.770399
0.795481
0.857371
0.949449
1.03532
1.05782
0.934259
0.471239
0.779156
1.04192
1.0081
0.753657
0.21782
0.624262
0.818936
0.912968
0.958226
0.977613
0.983684
0.98505
0.987051
0.984462
0.955633
0.875272
0.741524
0.582871
0.432736
0.301485
0.169694
0.107191
0.152432
0.0683394
0.211756
0.34315
0.451507
0.54095
0.612716
0.668276
0.709616
0.739053
0.758864
0.77097
0.776459
0.775389
0.767228
0.751739
0.730053
0.705285
0.682202
0.666054
0.660889
0.668403
0.687921
0.716912
0.751416
0.786279
0.816154
0.837428
0.849383
0.852296
0.842632
0.808594
0.729943
0.582987
0.336771
0.264571
0.357089
0.168261
0.447536
0.697522
0.860066
0.930687
0.893545
0.735729
0.430429
0.379377
0.564052
0.539371
0.344964
0.309549
0.52477
0.627239
0.675463
0.703076
0.726098
0.765038
0.821896
0.899539
1.01149
1.0892
1.17653
0.944895
0.512025
)
;
    }
    bottomWall
    {
        type            calculated;
        value           nonuniform List<scalar> 
800
(
2.94479
1.9839
1.61344
1.44033
1.3552
1.29658
1.24764
1.20653
1.17199
1.14242
1.11661
1.09377
1.07335
1.05494
1.03823
1.02296
1.00895
0.996011
0.984029
0.972887
0.962493
0.952767
0.943643
0.935062
0.926974
0.919334
0.912105
0.905253
0.898748
0.892561
0.886672
0.881056
0.875696
0.870573
0.865673
0.860979
0.85648
0.852164
0.848019
0.844036
0.840203
0.836515
0.832962
0.829538
0.826235
0.823048
0.81997
0.816996
0.81412
0.81134
0.80901
0.807081
0.805173
0.803291
0.801434
0.799601
0.797792
0.796005
0.794241
0.7925
0.79078
0.789081
0.787403
0.785745
0.784108
0.782489
0.780891
0.779311
0.77775
0.776208
0.774683
0.773175
0.771686
0.770213
0.768756
0.767318
0.765893
0.764486
0.763095
0.761718
0.760357
0.759012
0.757679
0.756363
0.755061
0.753771
0.752497
0.751236
0.749988
0.748754
0.747532
0.746324
0.745127
0.743944
0.742774
0.741614
0.740467
0.739331
0.738208
0.737095
0.735995
0.734904
0.733825
0.732757
0.731699
0.730652
0.729614
0.728588
0.727571
0.726564
0.725567
0.724579
0.723601
0.722633
0.721673
0.720723
0.719781
0.718849
0.717926
0.71701
0.716104
0.715206
0.714316
0.713434
0.712561
0.711694
0.710836
0.709987
0.709144
0.708309
0.707481
0.706662
0.705849
0.705043
0.704245
0.703453
0.702669
0.701891
0.70112
0.700355
0.699598
0.698846
0.698102
0.697365
0.696632
0.695906
0.695187
0.694474
0.693765
0.693064
0.692476
0.691995
0.691513
0.69103
0.690547
0.690064
0.68958
0.689095
0.688611
0.688125
0.687639
0.687152
0.686665
0.686177
0.68569
0.685201
0.684712
0.684223
0.683733
0.683242
0.682751
0.682261
0.68177
0.681278
0.680786
0.680292
0.679799
0.679306
0.678812
0.678319
0.677824
0.677329
0.676834
0.676339
0.675843
0.675347
0.674851
0.674354
0.673856
0.673359
0.672862
0.672364
0.671865
0.671367
0.670868
0.670368
0.669869
0.669368
0.668867
0.668367
0.667865
0.667365
0.666862
0.666359
0.665857
0.665354
0.66485
0.664345
0.663841
0.663335
0.66283
0.662324
0.661817
0.661309
0.6608
0.660292
0.659783
0.659272
0.658761
0.658249
0.657737
0.657222
0.656708
0.656192
0.655676
0.655158
0.65464
0.654119
0.653598
0.653075
0.652551
0.652025
0.651499
0.650969
0.650442
0.649903
0.649378
0.648827
0.648308
0.647735
0.647236
0.646622
0.646168
0.645474
0.645112
0.644277
0.64408
0.643025
0.643066
0.641721
2.94479
1.98393
1.61351
1.44047
1.35541
1.29687
1.24803
1.20704
1.17262
1.14319
1.11754
1.09487
1.07464
1.05642
1.03991
1.02486
1.01106
0.998359
0.986618
0.975729
0.965601
0.956155
0.947326
0.939058
0.931302
0.924016
0.917165
0.910716
0.904645
0.898926
0.893541
0.888472
0.883706
0.879229
0.875034
0.871114
0.867459
0.864075
0.860936
0.858109
0.855455
0.853267
0.850998
0.849718
0.847513
0.847912
0.844777
0.848803
0.843885
0.823154
0.359171
0.543965
0.654544
0.704082
0.68696
0.586417
0.332293
0.551413
0.904393
1.21594
1.51154
1.79781
2.07574
2.34414
2.601
2.84442
3.07287
3.285
3.47984
3.65702
3.81663
3.95904
4.0848
4.19454
4.28895
4.36877
4.43481
4.48794
4.52915
4.55948
4.58009
4.59203
4.59655
4.59434
4.58639
4.57355
4.55637
4.53526
4.51045
4.48208
4.45006
4.41423
4.37445
4.33058
4.28255
4.2304
4.17432
4.11456
4.05153
3.98564
3.91736
3.84707
3.77515
3.70183
3.62725
3.55142
3.47418
3.39524
3.31417
3.2304
3.14319
3.05177
2.95532
2.85317
2.74492
2.63071
2.51148
2.38912
2.26658
2.14764
2.03634
1.93615
1.84884
1.77396
1.70921
1.65175
1.59933
1.55063
1.50456
1.45961
1.41337
1.36323
1.30672
1.24189
1.16769
1.08382
0.990299
0.886665
0.771684
0.642954
0.497893
0.36815
0.42314
0.549937
0.656498
0.743009
0.814168
0.873296
0.922614
0.963662
0.997622
1.02549
1.0481
1.06615
1.08017
1.09064
1.09794
1.10244
1.10447
1.10437
1.10246
1.0991
1.09448
1.08884
1.0824
1.07532
1.06771
1.05964
1.05112
1.04209
1.03242
1.02195
1.01045
0.997673
0.983343
0.967172
0.948875
0.928186
0.904865
0.878715
0.849589
0.817401
0.78213
0.743828
0.702621
0.6587
0.612324
0.563829
0.513601
0.461921
0.409172
0.355818
0.302591
0.251202
0.206578
0.180114
0.178229
0.186166
0.190597
0.186815
0.173173
0.148684
0.119313
0.132096
0.179991
0.226471
0.267582
0.303334
0.333781
0.358799
0.378131
0.391439
0.398283
0.398063
0.390017
0.373262
0.346925
0.311059
0.272358
0.263371
0.312699
0.386454
0.462442
0.536
0.606455
0.673859
0.738353
0.800044
0.859007
0.9154
0.969334
1.02065
1.06938
1.11558
1.1593
1.20063
1.23963
1.27637
1.31087
1.3431
1.37281
1.39949
1.42219
1.43944
1.44744
1.44316
1.43244
1.45948
1.66103
2.14534
0.317888
0.566872
0.702738
0.816787
0.913834
0.998515
1.07371
1.14244
1.20838
1.2766
1.35333
1.4457
1.56028
1.70188
1.8714
2.06452
2.27209
2.48374
2.68485
2.86455
3.01893
3.16253
3.29699
3.32635
3.24332
3.08327
2.80114
2.32795
2.20082
2.45095
2.54839
2.73156
3.00578
3.23269
3.4159
3.57849
3.7237
3.85325
3.96709
4.06367
4.1399
4.19141
4.21271
4.19632
4.13705
4.02994
3.87013
3.65279
3.37566
3.02594
2.57644
1.97378
1.32309
1.85476
2.61655
3.26634
3.84687
4.38015
4.87581
5.33546
5.75644
6.13317
6.45745
6.71945
6.90943
7.01782
7.03916
6.96657
6.79478
6.50174
6.07236
5.48353
4.70334
3.71103
2.77546
3.62744
5.17022
5.56136
4.72449
3.77135
3.56528
4.00483
4.72341
5.3095
5.63242
5.74045
5.73608
5.62434
5.45299
5.24858
4.9905
4.69997
4.36348
3.96332
3.47604
2.87752
2.13534
1.31453
1.48935
1.17745
1.33037
1.69374
1.4355
0.823997
1.61601
2.12051
2.48932
2.77349
2.95985
3.01493
2.87838
2.48706
1.72646
1.53552
2.60877
3.34753
3.81955
4.04212
4.01819
3.74726
3.18431
2.31761
1.4566
2.09772
2.55215
2.65408
2.55397
2.32802
2.0435
1.79524
1.6444
1.57668
1.58668
1.63473
1.58621
1.38047
1.41884
1.94544
2.51469
3.01462
3.41046
3.67276
3.7691
3.72227
3.5134
3.02335
2.23268
1.68132
2.38101
3.00094
3.43102
3.7196
3.88034
3.87387
3.72598
3.67261
3.80947
3.98922
4.08995
4.27457
4.76167
5.32335
5.65728
5.80757
5.89903
5.99801
6.0583
6.08159
6.10003
6.10899
6.10211
6.09008
6.07285
6.04702
6.01595
5.97983
5.93772
5.89085
5.83984
5.78476
5.72645
5.66565
5.60285
5.53872
5.4739
5.40885
5.34402
5.2798
5.21651
5.15434
5.09353
5.03417
4.97635
4.92011
4.86546
4.81235
4.76074
4.71052
4.66158
4.61378
4.56695
4.52093
4.47556
4.43066
4.38607
4.34163
4.29723
4.25275
4.20816
4.16346
4.11875
4.07421
4.03022
3.9872
3.94577
3.90698
3.87175
3.84013
3.81257
3.78931
3.77031
3.75546
3.74463
3.73785
3.73548
3.73831
3.74767
3.7643
3.78926
3.82364
3.86867
3.92569
3.99581
4.07931
4.17732
4.28232
4.38473
4.47611
4.55234
4.61329
4.6604
4.69508
4.71826
4.73032
4.73186
4.72404
4.70861
4.68647
4.65848
4.6255
4.5883
4.54763
4.5042
4.45869
4.41175
4.36402
4.31615
4.26876
4.2225
4.17801
4.13599
4.09707
4.06198
4.03141
4.00604
3.99947
4.00486
4.02003
4.04433
4.07729
4.11732
4.1616
4.20808
4.25461
4.29907
4.33958
4.37477
4.40372
4.4257
4.44038
4.44804
4.45035
4.46014
4.47678
4.49002
4.49855
4.5002
4.49359
4.47763
4.45094
4.41334
4.36527
4.30743
4.2405
4.16508
4.08174
4.01636
3.95719
3.91841
3.94611
)
;
    }
    frontAndBack
    {
        type            empty;
    }
}


// ************************************************************************* //
