/*--------------------------------*- C++ -*----------------------------------*\
  =========                 |
  \\      /  F ield         | OpenFOAM: The Open Source CFD Toolbox
   \\    /   O peration     | Website:  https://openfoam.org
    \\  /    A nd           | Version:  7
     \\/     M anipulation  |
\*---------------------------------------------------------------------------*/
FoamFile
{
    version     2.0;
    format      ascii;
    class       volVectorField;
    location    "0.49";
    object      wallShearStress;
}
// * * * * * * * * * * * * * * * * * * * * * * * * * * * * * * * * * * * * * //

dimensions      [0 2 -2 0 0 0 0];

internalField   uniform (0 0 0);

boundaryField
{
    velocityInlet
    {
        type            calculated;
        value           uniform (0 0 0);
    }
    pressureOutlet
    {
        type            calculated;
        value           uniform (0 0 0);
    }
    fixedWalls
    {
        type            calculated;
        value           nonuniform List<vector> 
100
(
(-0.0231418 -0.00685482 0)
(-0.00535191 -0.00145558 0)
(-0.00391386 0.000117271 0)
(-0.00436702 0.000191334 0)
(-0.0045476 6.86339e-05 0)
(-0.00442275 9.97159e-06 0)
(-0.00412678 -1.03709e-05 0)
(-0.00380258 -1.40148e-05 0)
(-0.00352964 -1.00913e-05 0)
(-0.00333493 -4.52462e-06 0)
(-0.00321525 -8.09163e-07 0)
(-0.00316669 1.6288e-06 0)
(-0.00316632 -5.498e-07 0)
(-0.00324107 4.68805e-06 0)
(-0.00378958 9.98647e-05 0)
(-0.00547045 0.000285395 0)
(-0.00814157 0.000417267 0)
(-0.0104812 0.000392077 0)
(-0.0104699 -2.32977e-05 0)
(-0.00592342 -0.000939525 0)
(0.00235866 -0.00130354 0)
(0.00918979 -0.00106124 0)
(0.0119287 -0.000384492 0)
(0.0103587 0.000280588 0)
(0.00613776 0.000598424 0)
(0.00148133 0.000571942 0)
(-0.00211045 0.000400142 0)
(-0.00424757 0.000214911 0)
(-0.00525797 9.3755e-05 0)
(-0.00565909 4.10531e-05 0)
(-0.0058363 3.37053e-05 0)
(-0.00586797 2.18974e-05 0)
(-0.0055842 -2.84591e-05 0)
(-0.00490199 -8.39675e-05 0)
(-0.00404816 -9.90925e-05 0)
(-0.00334358 -7.2659e-05 0)
(-0.00289209 -4.26657e-05 0)
(-0.00257458 -3.34197e-05 0)
(-0.00223777 -4.30669e-05 0)
(-0.00181445 -5.80511e-05 0)
(-0.00133202 -6.69355e-05 0)
(-0.000873707 -6.30567e-05 0)
(-0.000535385 -4.61149e-05 0)
(-0.000389417 -2.2731e-05 0)
(-0.000456607 4.63838e-06 0)
(-0.000702307 2.63996e-05 0)
(-0.0010598 3.96118e-05 0)
(-0.00145754 4.40781e-05 0)
(-0.00183748 4.19327e-05 0)
(-0.00216096 3.5701e-05 0)
(-0.00240642 2.71719e-05 0)
(-0.00256537 1.7657e-05 0)
(-0.0026421 8.8328e-06 0)
(-0.0026543 1.65989e-06 0)
(-0.00263186 -2.08641e-06 0)
(-0.00261204 -1.76832e-06 0)
(-0.00262991 2.98502e-06 0)
(-0.00270881 1.07977e-05 0)
(-0.00284797 1.8553e-05 0)
(-0.00301197 2.21234e-05 0)
(-0.00313373 1.87164e-05 0)
(-0.00313478 6.80516e-06 0)
(-0.00295327 -1.25094e-05 0)
(-0.00256278 -3.50714e-05 0)
(-0.00197329 -5.81032e-05 0)
(-0.00123368 -7.70091e-05 0)
(-0.00045817 -8.21993e-05 0)
(0.000163853 -6.40235e-05 0)
(0.000422914 -2.62456e-05 0)
(0.000215515 2.26731e-05 0)
(-0.000376182 5.50196e-05 0)
(-0.00113657 7.0921e-05 0)
(-0.0018545 6.44898e-05 0)
(-0.00240262 4.74846e-05 0)
(-0.00273489 2.7994e-05 0)
(-0.00286187 1.12978e-05 0)
(-0.00281837 -3.64442e-06 0)
(-0.00264736 -1.47382e-05 0)
(-0.00239488 -2.19154e-05 0)
(-0.00210578 -2.53158e-05 0)
(-0.00181969 -2.54794e-05 0)
(-0.00157062 -2.28996e-05 0)
(-0.00139071 -1.74789e-05 0)
(-0.00131593 -1.00687e-05 0)
(-0.00138126 2.1344e-06 0)
(-0.0016113 1.5789e-05 0)
(-0.00201082 2.99834e-05 0)
(-0.00256677 4.34462e-05 0)
(-0.00324555 5.44765e-05 0)
(-0.00397686 6.0562e-05 0)
(-0.00469088 6.2156e-05 0)
(-0.0052531 5.5269e-05 0)
(-0.00552138 3.87815e-05 0)
(-0.00511108 -1.80402e-05 0)
(-0.0038776 -9.76771e-05 0)
(-0.00157407 -0.000210024 0)
(0.00132528 -0.000229415 0)
(0.00345208 -0.00019432 0)
(0.00550457 -0.000103462 0)
(0.00312382 0.000216899 0)
)
;
    }
    bottomWall
    {
        type            calculated;
        value           nonuniform List<vector> 
800
(
(-0.0353488 0.00214398 0)
(-0.0160265 0.000524836 0)
(-0.0106076 0.000100719 0)
(-0.00845564 3.52611e-05 0)
(-0.00748591 1.986e-05 0)
(-0.00685226 1.612e-05 0)
(-0.00634481 1.33537e-05 0)
(-0.00593369 1.08976e-05 0)
(-0.00559893 9.07636e-06 0)
(-0.00532009 7.76068e-06 0)
(-0.00508257 6.76493e-06 0)
(-0.00487693 5.97863e-06 0)
(-0.00469668 5.34169e-06 0)
(-0.00453711 4.81679e-06 0)
(-0.00439463 4.37808e-06 0)
(-0.00426646 4.00673e-06 0)
(-0.00415044 3.68903e-06 0)
(-0.0040448 3.41466e-06 0)
(-0.00394815 3.17552e-06 0)
(-0.00385932 2.96572e-06 0)
(-0.00377735 2.78039e-06 0)
(-0.00370144 2.61548e-06 0)
(-0.00363092 2.46807e-06 0)
(-0.0035652 2.33572e-06 0)
(-0.00350379 2.21614e-06 0)
(-0.00344627 2.10776e-06 0)
(-0.00339225 2.00916e-06 0)
(-0.00334143 1.91904e-06 0)
(-0.00329353 1.8365e-06 0)
(-0.00324827 1.76068e-06 0)
(-0.00320546 1.69076e-06 0)
(-0.00316489 1.62622e-06 0)
(-0.00312638 1.56634e-06 0)
(-0.00308978 1.51078e-06 0)
(-0.00305495 1.45907e-06 0)
(-0.00302176 1.41088e-06 0)
(-0.00299009 1.36581e-06 0)
(-0.00295986 1.32362e-06 0)
(-0.00293094 1.28413e-06 0)
(-0.00290327 1.24696e-06 0)
(-0.00287676 1.21205e-06 0)
(-0.00285135 1.17907e-06 0)
(-0.00282696 1.14814e-06 0)
(-0.00280353 1.11878e-06 0)
(-0.00278101 1.09103e-06 0)
(-0.00275936 1.06465e-06 0)
(-0.0027385 1.03999e-06 0)
(-0.00271842 1.0158e-06 0)
(-0.00269905 9.94155e-07 0)
(-0.00268039 9.71064e-07 0)
(-0.00266478 9.51965e-07 0)
(-0.00265189 9.4101e-07 0)
(-0.00263917 9.27194e-07 0)
(-0.00262664 9.12522e-07 0)
(-0.0026143 8.98675e-07 0)
(-0.00260214 8.85571e-07 0)
(-0.00259016 8.7268e-07 0)
(-0.00257835 8.60191e-07 0)
(-0.00256671 8.4796e-07 0)
(-0.00255523 8.35817e-07 0)
(-0.00254392 8.24254e-07 0)
(-0.00253276 8.12765e-07 0)
(-0.00252176 8.01517e-07 0)
(-0.00251091 7.90673e-07 0)
(-0.0025002 7.79898e-07 0)
(-0.00248964 7.69523e-07 0)
(-0.00247921 7.59379e-07 0)
(-0.00246893 7.49132e-07 0)
(-0.00245878 7.39278e-07 0)
(-0.00244877 7.29817e-07 0)
(-0.00243888 7.20413e-07 0)
(-0.00242912 7.11064e-07 0)
(-0.00241948 7.01937e-07 0)
(-0.00240997 6.93196e-07 0)
(-0.00240057 6.84505e-07 0)
(-0.00239129 6.76032e-07 0)
(-0.00238213 6.67774e-07 0)
(-0.00237307 6.59397e-07 0)
(-0.00236413 6.51398e-07 0)
(-0.0023553 6.43611e-07 0)
(-0.00234657 6.357e-07 0)
(-0.00233795 6.28165e-07 0)
(-0.00232943 6.20837e-07 0)
(-0.00232101 6.1355e-07 0)
(-0.00231268 6.063e-07 0)
(-0.00230446 5.99256e-07 0)
(-0.00229633 5.92414e-07 0)
(-0.00228829 5.85609e-07 0)
(-0.00228034 5.79005e-07 0)
(-0.00227248 5.72268e-07 0)
(-0.00226472 5.65897e-07 0)
(-0.00225703 5.59725e-07 0)
(-0.00224943 5.53251e-07 0)
(-0.00224192 5.4714e-07 0)
(-0.00223449 5.41225e-07 0)
(-0.00222714 5.35339e-07 0)
(-0.00221987 5.29481e-07 0)
(-0.00221268 5.2365e-07 0)
(-0.00220557 5.18012e-07 0)
(-0.00219854 5.12566e-07 0)
(-0.00219157 5.07145e-07 0)
(-0.00218468 5.01748e-07 0)
(-0.00217786 4.96374e-07 0)
(-0.00217112 4.9119e-07 0)
(-0.00216444 4.86027e-07 0)
(-0.00215784 4.80886e-07 0)
(-0.0021513 4.76101e-07 0)
(-0.00214483 4.71169e-07 0)
(-0.00213843 4.66258e-07 0)
(-0.00213209 4.61534e-07 0)
(-0.00212581 4.5683e-07 0)
(-0.0021196 4.52146e-07 0)
(-0.00211345 4.47649e-07 0)
(-0.00210736 4.4317e-07 0)
(-0.00210133 4.38711e-07 0)
(-0.00209536 4.3427e-07 0)
(-0.00208946 4.30016e-07 0)
(-0.0020836 4.25945e-07 0)
(-0.00207781 4.21726e-07 0)
(-0.00207207 4.17526e-07 0)
(-0.00206639 4.13509e-07 0)
(-0.00206075 4.09509e-07 0)
(-0.00205518 4.05526e-07 0)
(-0.00204966 4.01727e-07 0)
(-0.00204419 3.97944e-07 0)
(-0.00203877 3.94177e-07 0)
(-0.0020334 3.90425e-07 0)
(-0.00202808 3.86857e-07 0)
(-0.00202281 3.83302e-07 0)
(-0.00201758 3.79598e-07 0)
(-0.00201241 3.76072e-07 0)
(-0.00200728 3.72728e-07 0)
(-0.0020022 3.6923e-07 0)
(-0.00199717 3.65915e-07 0)
(-0.00199218 3.62612e-07 0)
(-0.00198724 3.59157e-07 0)
(-0.00198234 3.56049e-07 0)
(-0.00197748 3.52951e-07 0)
(-0.00197267 3.49873e-07 0)
(-0.00196789 3.46633e-07 0)
(-0.00196317 3.43587e-07 0)
(-0.00195848 3.40699e-07 0)
(-0.00195383 3.37691e-07 0)
(-0.00194922 3.34812e-07 0)
(-0.00194465 3.31852e-07 0)
(-0.00194012 3.28968e-07 0)
(-0.00193563 3.26409e-07 0)
(-0.00193117 3.23495e-07 0)
(-0.00192675 3.20834e-07 0)
(-0.00192237 3.17785e-07 0)
(-0.0019187 3.1535e-07 0)
(-0.00191569 3.14046e-07 0)
(-0.00191269 3.12211e-07 0)
(-0.00190967 3.10304e-07 0)
(-0.00190666 3.08414e-07 0)
(-0.00190364 3.06614e-07 0)
(-0.00190062 3.0479e-07 0)
(-0.00189759 3.03223e-07 0)
(-0.00189456 3.01423e-07 0)
(-0.00189153 2.99638e-07 0)
(-0.00188849 2.97854e-07 0)
(-0.00188545 2.96085e-07 0)
(-0.00188241 2.94311e-07 0)
(-0.00187936 2.92358e-07 0)
(-0.00187631 2.90614e-07 0)
(-0.00187326 2.89101e-07 0)
(-0.0018702 2.87369e-07 0)
(-0.00186715 2.85659e-07 0)
(-0.00186408 2.83955e-07 0)
(-0.00186102 2.82049e-07 0)
(-0.00185795 2.80356e-07 0)
(-0.00185488 2.78884e-07 0)
(-0.0018518 2.77208e-07 0)
(-0.00184873 2.7535e-07 0)
(-0.00184565 2.73695e-07 0)
(-0.00184257 2.72058e-07 0)
(-0.00183948 2.70222e-07 0)
(-0.0018364 2.68603e-07 0)
(-0.00183331 2.6718e-07 0)
(-0.00183021 2.65572e-07 0)
(-0.00182712 2.63779e-07 0)
(-0.00182402 2.61999e-07 0)
(-0.00182092 2.60625e-07 0)
(-0.00181781 2.59059e-07 0)
(-0.00181471 2.57308e-07 0)
(-0.0018116 2.55763e-07 0)
(-0.00180849 2.54215e-07 0)
(-0.00180538 2.52693e-07 0)
(-0.00180226 2.50978e-07 0)
(-0.00179915 2.49484e-07 0)
(-0.00179602 2.47982e-07 0)
(-0.0017929 2.46502e-07 0)
(-0.00178977 2.45023e-07 0)
(-0.00178665 2.43555e-07 0)
(-0.00178351 2.42092e-07 0)
(-0.00178038 2.40479e-07 0)
(-0.00177724 2.39034e-07 0)
(-0.0017741 2.37607e-07 0)
(-0.00177096 2.36008e-07 0)
(-0.00176782 2.34786e-07 0)
(-0.00176466 2.33405e-07 0)
(-0.00176152 2.31855e-07 0)
(-0.00175836 2.30647e-07 0)
(-0.0017552 2.29295e-07 0)
(-0.00175204 2.27763e-07 0)
(-0.00174888 2.26434e-07 0)
(-0.00174572 2.25255e-07 0)
(-0.00174254 2.23958e-07 0)
(-0.00173937 2.22647e-07 0)
(-0.00173619 2.21369e-07 0)
(-0.00173301 2.20082e-07 0)
(-0.00172982 2.18985e-07 0)
(-0.00172663 2.17714e-07 0)
(-0.00172344 2.16463e-07 0)
(-0.00172024 2.15187e-07 0)
(-0.00171704 2.14011e-07 0)
(-0.00171384 2.12943e-07 0)
(-0.00171063 2.119e-07 0)
(-0.00170741 2.10679e-07 0)
(-0.00170419 2.09523e-07 0)
(-0.00170097 2.08498e-07 0)
(-0.00169774 2.07505e-07 0)
(-0.0016945 2.06472e-07 0)
(-0.00169126 2.0535e-07 0)
(-0.00168801 2.04315e-07 0)
(-0.00168476 2.03409e-07 0)
(-0.0016815 2.02394e-07 0)
(-0.00167823 2.01538e-07 0)
(-0.00167496 2.00456e-07 0)
(-0.00167168 1.99735e-07 0)
(-0.0016684 1.98655e-07 0)
(-0.0016651 1.98213e-07 0)
(-0.0016618 1.96803e-07 0)
(-0.00165848 1.96857e-07 0)
(-0.00165518 1.94753e-07 0)
(-0.00165182 1.96284e-07 0)
(-0.00164853 1.92368e-07 0)
(-0.0016451 1.96777e-07 0)
(-0.00164186 1.88373e-07 0)
(-0.0016383 1.99603e-07 0)
(-0.00163519 1.81298e-07 0)
(-0.00163138 2.0787e-07 0)
(-0.00162856 1.67477e-07 0)
(-0.00162426 2.26234e-07 0)
(-0.00162204 1.40074e-07 0)
(-0.00161687 2.63848e-07 0)
(-0.00161568 8.78928e-08 0)
(-0.00160917 3.30148e-07 0)
(-0.00160947 4.76309e-09 0)
(-0.00160122 3.6392e-07 0)
(-0.0353488 -0.00214397 0)
(-0.0160267 -0.000524827 0)
(-0.0106081 -0.000100706 0)
(-0.0084566 -3.52495e-05 0)
(-0.00748719 -1.98497e-05 0)
(-0.00685386 -1.61106e-05 0)
(-0.00634665 -1.33454e-05 0)
(-0.00593576 -1.08896e-05 0)
(-0.00560124 -9.06796e-06 0)
(-0.00532266 -7.75143e-06 0)
(-0.00508544 -6.75434e-06 0)
(-0.00488014 -5.96629e-06 0)
(-0.00470029 -5.32761e-06 0)
(-0.00454115 -4.80099e-06 0)
(-0.00439915 -4.36046e-06 0)
(-0.00427151 -3.98742e-06 0)
(-0.00415604 -3.66795e-06 0)
(-0.004051 -3.39153e-06 0)
(-0.00395499 -3.15019e-06 0)
(-0.00386686 -2.9377e-06 0)
(-0.00378565 -2.74932e-06 0)
(-0.00371055 -2.58112e-06 0)
(-0.00364092 -2.42985e-06 0)
(-0.00357617 -2.29295e-06 0)
(-0.00351583 -2.16824e-06 0)
(-0.00345948 -2.05401e-06 0)
(-0.00340677 -1.94854e-06 0)
(-0.0033574 -1.8504e-06 0)
(-0.0033111 -1.75835e-06 0)
(-0.00326766 -1.67138e-06 0)
(-0.00322689 -1.58811e-06 0)
(-0.00318862 -1.50803e-06 0)
(-0.00315273 -1.42932e-06 0)
(-0.00311912 -1.35181e-06 0)
(-0.0030877 -1.27314e-06 0)
(-0.00305847 -1.19326e-06 0)
(-0.0030313 -1.1095e-06 0)
(-0.00300642 -1.01973e-06 0)
(-0.00298349 -9.24997e-07 0)
(-0.00296332 -8.11444e-07 0)
(-0.00294476 -7.01289e-07 0)
(-0.00293037 -5.32879e-07 0)
(-0.00291643 -4.11613e-07 0)
(-0.00291017 -1.11681e-07 0)
(-0.0029011 -1.19677e-08 0)
(-0.00290773 6.27676e-07 0)
(-0.00290482 4.81816e-07 0)
(-0.00292945 2.47098e-06 0)
(-0.0029606 -5.32202e-06 0)
(-0.00272498 0.000206879 0)
(-0.000110829 7.81934e-05 0)
(-2.86365e-05 0.000204324 0)
(7.53814e-05 0.000119099 0)
(0.000123185 -5.64179e-05 0)
(0.000143734 -0.000260952 0)
(0.000152193 -0.000475582 0)
(0.000153167 -0.000697413 0)
(0.000145155 -0.000919452 0)
(0.000127358 -0.00112992 0)
(0.00010159 -0.00131728 0)
(6.44142e-05 -0.00147478 0)
(4.23213e-06 -0.0015878 0)
(-7.02681e-05 -0.00162722 0)
(-0.000115613 -0.00158647 0)
(-0.00010121 -0.00150471 0)
(-4.19428e-05 -0.0014319 0)
(2.40282e-05 -0.00139568 0)
(7.39082e-05 -0.00139867 0)
(0.000108157 -0.00143991 0)
(0.000131002 -0.00152225 0)
(0.000137709 -0.00164388 0)
(0.000118362 -0.00178881 0)
(7.40045e-05 -0.00192558 0)
(2.40144e-05 -0.00202214 0)
(-7.68216e-06 -0.00206975 0)
(-1.26991e-05 -0.00208394 0)
(-2.34948e-06 -0.00208632 0)
(5.9781e-06 -0.00208928 0)
(1.85774e-06 -0.00209098 0)
(-1.4099e-05 -0.00208349 0)
(-3.41654e-05 -0.00205957 0)
(-5.06783e-05 -0.00201669 0)
(-6.16629e-05 -0.00195607 0)
(-7.24867e-05 -0.00187838 0)
(-9.05245e-05 -0.00178104 0)
(-0.000119116 -0.00165778 0)
(-0.0001558 -0.00150459 0)
(-0.000194642 -0.00132298 0)
(-0.000229293 -0.00111775 0)
(-0.000254913 -0.000896617 0)
(-0.00026867 -0.0006688 0)
(-0.000269641 -0.000443719 0)
(-0.00025965 -0.000231461 0)
(-0.000243756 -3.87253e-05 0)
(-0.000228156 0.00013831 0)
(-0.000205164 0.000299571 0)
(-0.000170824 0.000425331 0)
(-0.000132235 0.000509295 0)
(-9.53778e-05 0.000558731 0)
(-6.253e-05 0.000580664 0)
(-3.53733e-05 0.000590122 0)
(-1.26368e-05 0.000587648 0)
(6.292e-06 0.000570301 0)
(2.1522e-05 0.000540876 0)
(3.31903e-05 0.00050208 0)
(4.15835e-05 0.000456403 0)
(4.69584e-05 0.000406106 0)
(4.93547e-05 0.000353353 0)
(4.91841e-05 0.000300058 0)
(4.66315e-05 0.000247795 0)
(4.18101e-05 0.000197971 0)
(3.47818e-05 0.000151896 0)
(2.55722e-05 0.000110767 0)
(1.41574e-05 7.56462e-05 0)
(3.90534e-07 4.76332e-05 0)
(-1.63619e-05 2.81394e-05 0)
(-3.68399e-05 1.77371e-05 0)
(-6.22031e-05 1.77647e-05 0)
(-9.37971e-05 3.01953e-05 0)
(-0.000133244 5.88707e-05 0)
(-0.000181546 0.000111159 0)
(-0.000231645 0.000201424 0)
(-0.000257311 0.00033792 0)
(-0.000218361 0.000493788 0)
(-0.000100756 0.000589395 0)
(3.9517e-05 0.000628354 0)
(0.000162554 0.00062516 0)
(0.000247067 0.000588509 0)
(0.000285807 0.000537163 0)
(0.000280108 0.000488824 0)
(0.000236493 0.000452636 0)
(0.000163409 0.000432082 0)
(8.11694e-05 0.000429302 0)
(1.94485e-05 0.000434996 0)
(-7.73966e-06 0.000431497 0)
(-1.47519e-05 0.000411226 0)
(-2.384e-05 0.000374751 0)
(-3.98756e-05 0.000344176 0)
(-4.66149e-05 0.000332444 0)
(-3.02336e-05 0.000331275 0)
(5.42684e-06 0.000323518 0)
(4.35927e-05 0.000299747 0)
(6.80315e-05 0.000264187 0)
(7.4366e-05 0.000228991 0)
(6.93764e-05 0.000202523 0)
(6.24503e-05 0.000183187 0)
(5.70904e-05 0.000165271 0)
(5.28099e-05 0.000146073 0)
(4.92524e-05 0.000125979 0)
(4.72567e-05 0.000105832 0)
(4.78051e-05 8.4958e-05 0)
(5.05355e-05 6.19814e-05 0)
(5.38889e-05 3.61749e-05 0)
(5.59885e-05 7.9202e-06 0)
(5.5051e-05 -2.13576e-05 0)
(5.03769e-05 -4.99293e-05 0)
(4.11059e-05 -7.5776e-05 0)
(2.71892e-05 -9.64673e-05 0)
(9.55019e-06 -0.000109843 0)
(-1.03981e-05 -0.000114182 0)
(-3.05536e-05 -0.000109872 0)
(-4.81336e-05 -9.52933e-05 0)
(-6.07224e-05 -7.15253e-05 0)
(-6.7338e-05 -4.21902e-05 0)
(-6.80274e-05 -1.06426e-05 0)
(-6.27704e-05 2.03829e-05 0)
(-5.32262e-05 4.84068e-05 0)
(-4.14643e-05 7.21718e-05 0)
(-2.96043e-05 9.13749e-05 0)
(-1.9844e-05 0.000106982 0)
(-1.39795e-05 0.000120965 0)
(-1.31267e-05 0.000135604 0)
(-1.79137e-05 0.000152403 0)
(-2.92505e-05 0.000171944 0)
(-4.82888e-05 0.000195193 0)
(-7.48171e-05 0.000224493 0)
(-0.000105648 0.000262522 0)
(-0.000134946 0.000309994 0)
(-0.000156594 0.000364293 0)
(-0.000166823 0.000420365 0)
(-0.00016517 0.000473055 0)
(-0.000153509 0.000518892 0)
(-0.000134452 0.000556322 0)
(-0.00011033 0.000584955 0)
(-8.28873e-05 0.00060484 0)
(-5.32671e-05 0.000616101 0)
(-2.22056e-05 0.000618709 0)
(9.50714e-06 0.000612786 0)
(4.10382e-05 0.000598598 0)
(7.2074e-05 0.000576549 0)
(0.000102389 0.000546899 0)
(0.000131727 0.000509934 0)
(0.000159821 0.000465952 0)
(0.000186389 0.000415271 0)
(0.000211117 0.000358249 0)
(0.000233625 0.000295312 0)
(0.000253475 0.000227068 0)
(0.000270187 0.000154401 0)
(0.000283337 7.85215e-05 0)
(0.000292768 8.36831e-07 0)
(0.000299052 -7.77402e-05 0)
(0.000304257 -0.000157504 0)
(0.000306062 -0.000237184 0)
(0.000304694 -0.000316015 0)
(0.000300165 -0.000393327 0)
(0.000292679 -0.000468441 0)
(0.000282508 -0.0005408 0)
(0.000269871 -0.000609981 0)
(0.000254906 -0.00067561 0)
(0.00023776 -0.000737315 0)
(0.000218605 -0.000794758 0)
(0.000197633 -0.000847654 0)
(0.00017503 -0.000895779 0)
(0.000150972 -0.000938956 0)
(0.000125634 -0.00097705 0)
(9.91773e-05 -0.00100997 0)
(7.1755e-05 -0.00103766 0)
(4.35179e-05 -0.00106008 0)
(1.46173e-05 -0.00107723 0)
(-1.47482e-05 -0.00108912 0)
(-4.44764e-05 -0.00109581 0)
(-7.47655e-05 -0.00109722 0)
(-0.000105331 -0.00109301 0)
(-0.000135578 -0.00108333 0)
(-0.000165229 -0.00106836 0)
(-0.000194072 -0.00104821 0)
(-0.00022207 -0.00102427 0)
(-0.000248592 -0.000995326 0)
(-0.000273181 -0.000961334 0)
(-0.000295433 -0.000922607 0)
(-0.000314914 -0.000879475 0)
(-0.000331172 -0.000832307 0)
(-0.000343734 -0.00078152 0)
(-0.000352106 -0.000727579 0)
(-0.000355809 -0.000670989 0)
(-0.000354385 -0.000612298 0)
(-0.000347378 -0.000552186 0)
(-0.000334391 -0.000491437 0)
(-0.000315117 -0.000430969 0)
(-0.000289429 -0.00037195 0)
(-0.000257797 -0.000316421 0)
(-0.000220818 -0.000266685 0)
(-0.000180407 -0.000226696 0)
(-0.000140318 -0.000202623 0)
(-0.000107342 -0.000204186 0)
(-9.33741e-05 -0.000246685 0)
(-0.000119601 -0.000352969 0)
(-0.000223047 -0.00055139 0)
(-0.000452242 -0.000858563 0)
(-0.00079923 -0.00123171 0)
(5.87656e-06 0.000132999 0)
(-0.000126391 0.000137293 0)
(-0.000194749 0.0001048 0)
(-0.000217748 4.44991e-05 0)
(-0.000191122 -1.30975e-05 0)
(-0.000172823 -1.91243e-05 0)
(-0.000187689 7.2392e-06 0)
(-0.000227931 2.69155e-05 0)
(-0.000271258 3.09789e-05 0)
(-0.000303845 2.44257e-05 0)
(-0.000322053 1.55125e-05 0)
(-0.000328184 1.05124e-05 0)
(-0.000329733 1.29161e-05 0)
(-0.000336445 2.11303e-05 0)
(-0.000354189 3.1152e-05 0)
(-0.000387666 4.1639e-05 0)
(-0.000440438 5.29668e-05 0)
(-0.000510742 6.14216e-05 0)
(-0.000588059 5.8876e-05 0)
(-0.000657512 4.05091e-05 0)
(-0.000706125 6.08647e-06 0)
(-0.00072629 -3.83282e-05 0)
(-0.000719302 -8.58613e-05 0)
(-0.000687685 -0.000130524 0)
(-0.000632323 -0.000162297 0)
(-0.000566613 -0.000171265 0)
(-0.000496234 -0.000139048 0)
(-0.000419556 -6.1938e-05 0)
(-0.000346626 4.64499e-05 0)
(-0.00030242 0.000126991 0)
(-0.000285304 0.000136138 0)
(-0.000272182 5.12084e-05 0)
(-0.000201704 -0.00011868 0)
(-2.48985e-05 -0.000277741 0)
(0.00018718 -0.00024617 0)
(0.000298616 -0.000133918 0)
(0.000373235 -0.000100484 0)
(0.000477882 -9.55188e-05 0)
(0.000585629 -9.11654e-05 0)
(0.000696429 -0.000104492 0)
(0.000817757 -0.000122718 0)
(0.000944681 -0.000140215 0)
(0.00107437 -0.000154011 0)
(0.00120209 -0.000161045 0)
(0.00132252 -0.000161382 0)
(0.00143126 -0.000154643 0)
(0.00152346 -0.000140721 0)
(0.00159451 -0.0001198 0)
(0.00164069 -9.23585e-05 0)
(0.00165876 -5.91381e-05 0)
(0.0016452 -2.23613e-05 0)
(0.00160008 1.69822e-05 0)
(0.00152227 5.96982e-05 0)
(0.0014092 0.000105489 0)
(0.00125933 0.000153828 0)
(0.00107115 0.000203843 0)
(0.000844248 0.000253695 0)
(0.000579865 0.000300962 0)
(0.000281277 0.000342783 0)
(-4.59538e-05 0.000376383 0)
(-0.000395652 0.000399342 0)
(-0.000758113 0.000409885 0)
(-0.00112187 0.000406754 0)
(-0.00147738 0.000389863 0)
(-0.00181403 0.000357767 0)
(-0.00211938 0.00030997 0)
(-0.00238102 0.000247077 0)
(-0.00258698 0.000170532 0)
(-0.00272678 8.26732e-05 0)
(-0.00279182 -1.34919e-05 0)
(-0.00277529 -0.000113593 0)
(-0.00267818 -0.000210223 0)
(-0.00250348 -0.00029294 0)
(-0.00226241 -0.000349642 0)
(-0.00197964 -0.000372137 0)
(-0.00168673 -0.000359886 0)
(-0.00141284 -0.000319834 0)
(-0.00118007 -0.000262668 0)
(-0.000996061 -0.000202432 0)
(-0.000859764 -0.000145466 0)
(-0.000764199 -0.00010562 0)
(-0.000691995 -7.44229e-05 0)
(-0.000646175 -6.68342e-05 0)
(-0.000590288 -7.18323e-05 0)
(-0.000550216 -9.48542e-05 0)
(-0.00046734 -0.000159777 0)
(-0.000373986 -0.000223453 0)
(-0.000139557 -0.000418857 0)
(0.000317427 -0.000181994 0)
(0.000364616 0.000189469 0)
(0.000268684 0.000157411 0)
(0.000201311 5.44306e-05 0)
(0.000258944 -6.04918e-05 0)
(0.000400861 -0.000155198 0)
(0.000571338 -0.000148487 0)
(0.000627479 -9.72342e-06 0)
(0.000517054 0.000141746 0)
(0.000310315 0.000216779 0)
(7.12264e-05 0.00018121 0)
(-4.9051e-05 2.1779e-05 0)
(-2.04638e-05 2.56205e-06 0)
(9.72762e-05 9.32723e-05 0)
(0.000189719 0.000366526 0)
(0.000149635 0.000580245 0)
(0.000119453 0.000704633 0)
(0.00010887 0.000836194 0)
(7.91237e-05 0.000924888 0)
(5.37416e-05 0.000979794 0)
(1.97901e-05 0.000993809 0)
(-1.13267e-05 0.000965882 0)
(-3.6243e-05 0.00091026 0)
(-5.98872e-05 0.000840529 0)
(-8.42233e-05 0.00076347 0)
(-0.000108736 0.000679096 0)
(-0.000124317 0.000579257 0)
(-0.000129276 0.000459911 0)
(-0.000137695 0.000319066 0)
(-0.000160688 0.000151485 0)
(-0.000197779 -5.56335e-05 0)
(-0.000239703 -0.000315361 0)
(-0.000276499 -0.000626172 0)
(-0.00029894 -0.000975802 0)
(-0.000296921 -0.00134387 0)
(-0.000258713 -0.00169741 0)
(-0.000179159 -0.00199404 0)
(-6.20515e-05 -0.00219117 0)
(8.41073e-05 -0.00225962 0)
(0.00024885 -0.00217354 0)
(0.000402525 -0.00193092 0)
(0.000515234 -0.00154657 0)
(0.000554484 -0.00106935 0)
(0.000505889 -0.000577636 0)
(0.000384479 -0.000148158 0)
(0.000228069 0.000172732 0)
(7.32754e-05 0.000402172 0)
(-6.67922e-05 0.000523966 0)
(-0.000139578 0.000377688 0)
(-0.000197813 0.000268202 0)
(-0.000227416 0.000117936 0)
(-0.000175654 -6.54866e-05 0)
(-7.19548e-05 -0.000171612 0)
(-2.30524e-05 -0.000268554 0)
(7.17581e-05 -0.000400602 0)
(0.000196115 -0.00043102 0)
(0.00012089 -0.0003595 0)
(-0.000149303 -0.000367097 0)
(-0.000396974 -0.000493741 0)
(-0.00053106 -0.00063018 0)
(-0.000568687 -0.000715559 0)
(-0.000495286 -0.000719206 0)
(-0.000323537 -0.000640822 0)
(-6.13569e-05 -0.000468433 0)
(0.000237723 -0.000207488 0)
(0.000495067 6.30104e-05 0)
(0.00073321 0.000305205 0)
(0.00086647 0.000707625 0)
(0.000507273 0.00118436 0)
(-0.000141422 0.00146214 0)
(-0.000546115 0.0014565 0)
(-0.000553072 0.00139787 0)
(-0.000271751 0.00139612 0)
(0.00030771 0.00152839 0)
(0.00104598 0.00199378 0)
(0.00139651 0.0028499 0)
(0.000929429 0.00360734 0)
(0.000255386 0.00374424 0)
(0.000187259 0.00361393 0)
(0.000398356 0.00376769 0)
(0.000308535 0.00403073 0)
(0.000126411 0.00408637 0)
(0.000147598 0.004082 0)
(0.000185419 0.00417665 0)
(0.000114987 0.00425431 0)
(7.07356e-05 0.00425915 0)
(8.17221e-05 0.00427383 0)
(6.55548e-05 0.00430731 0)
(3.24926e-05 0.00431384 0)
(2.40009e-05 0.0043056 0)
(2.04826e-05 0.0043063 0)
(5.59069e-06 0.00430333 0)
(-4.64719e-06 0.0042894 0)
(-7.40854e-06 0.00427589 0)
(-1.29589e-05 0.00426358 0)
(-1.9592e-05 0.0042469 0)
(-2.29122e-05 0.00422794 0)
(-2.56144e-05 0.00420945 0)
(-2.94605e-05 0.00418972 0)
(-3.28262e-05 0.00416806 0)
(-3.55937e-05 0.00414564 0)
(-3.88983e-05 0.00412249 0)
(-4.27166e-05 0.00409791 0)
(-4.6693e-05 0.00407201 0)
(-5.1113e-05 0.00404498 0)
(-5.61856e-05 0.00401661 0)
(-6.17313e-05 0.0039868 0)
(-6.76229e-05 0.00395572 0)
(-7.3801e-05 0.00392351 0)
(-8.00377e-05 0.00389032 0)
(-8.59991e-05 0.0038565 0)
(-9.13621e-05 0.00382251 0)
(-9.57998e-05 0.00378886 0)
(-9.89577e-05 0.00375608 0)
(-0.000100511 0.00372474 0)
(-0.000100226 0.0036953 0)
(-9.78968e-05 0.00366804 0)
(-9.33149e-05 0.00364304 0)
(-8.62611e-05 0.00362019 0)
(-7.64627e-05 0.00359929 0)
(-6.36764e-05 0.00358019 0)
(-4.78142e-05 0.00356287 0)
(-2.89921e-05 0.00354748 0)
(-7.54891e-06 0.00353433 0)
(1.59198e-05 0.00352387 0)
(4.07054e-05 0.00351642 0)
(6.62741e-05 0.00351214 0)
(9.2366e-05 0.00351109 0)
(0.000119021 0.00351374 0)
(0.000145509 0.00352173 0)
(0.000168826 0.00353714 0)
(0.000183694 0.00356056 0)
(0.000184265 0.00358958 0)
(0.000166905 0.00361827 0)
(0.000132792 0.00363907 0)
(8.77429e-05 0.00364624 0)
(4.00074e-05 0.00363807 0)
(-3.55721e-06 0.0036177 0)
(-4.01841e-05 0.00358979 0)
(-7.01095e-05 0.00355763 0)
(-9.44252e-05 0.00352269 0)
(-0.000113995 0.00348581 0)
(-0.000129533 0.00344795 0)
(-0.000141894 0.00341005 0)
(-0.000151889 0.00337269 0)
(-0.000159985 0.00333615 0)
(-0.000166296 0.00330078 0)
(-0.000170663 0.00326699 0)
(-0.000172989 0.00324048 0)
(-0.000172543 0.00322002 0)
(-0.000168369 0.00320482 0)
(-0.00015906 0.00319579 0)
(-0.000142921 0.00319356 0)
(-0.000118344 0.00319836 0)
(-8.20807e-05 0.00321071 0)
(-3.05799e-05 0.00323263 0)
(3.9353e-05 0.00326489 0)
(0.000131726 0.0033079 0)
(0.000250268 0.00336337 0)
(0.000396001 0.00343512 0)
(0.000564355 0.00353098 0)
(0.000741967 0.00366339 0)
(0.000906393 0.00384429 0)
(0.00103195 0.00407467 0)
(0.00110105 0.00433755 0)
(0.00111421 0.00460376 0)
(0.00108843 0.00484548 0)
(0.00104517 0.00505322 0)
(0.00099811 0.00524065 0)
(0.000947509 0.00541629 0)
(0.000888187 0.00557908 0)
(0.000816898 0.00572449 0)
(0.000733539 0.00584909 0)
(0.000639569 0.00595092 0)
(0.000537132 0.00602853 0)
(0.000428508 0.00608098 0)
(0.000314724 0.00610807 0)
(0.000195564 0.00610968 0)
(7.34679e-05 0.00609364 0)
(-4.70694e-05 0.00609853 0)
(-0.000165312 0.00608541 0)
(-0.000285726 0.00605731 0)
(-0.000409864 0.00601116 0)
(-0.000535588 0.00594746 0)
(-0.000663746 0.00586719 0)
(-0.000794455 0.00576984 0)
(-0.000927507 0.00565577 0)
(-0.0010633 0.00552539 0)
(-0.00120205 0.00537876 0)
(-0.00134402 0.00521619 0)
(-0.00148962 0.00503794 0)
(-0.00163928 0.00484417 0)
(-0.0017935 0.00463511 0)
(-0.00195289 0.00441089 0)
(-0.00211806 0.00417156 0)
(-0.00228945 0.00391719 0)
(-0.00246754 0.00364793 0)
(-0.00265389 0.00336388 0)
(-0.00285049 0.00306342 0)
(-0.00311002 0.00279301 0)
(-0.00346192 0.00255351 0)
(-0.0038579 0.0022819 0)
(-0.0042881 0.00196159 0)
(-0.00472752 0.00158292 0)
(-0.00514632 0.0011481 0)
(-0.00552972 0.000669279 0)
(-0.00587154 0.000161822 0)
(-0.00617409 -0.00034449 0)
(-0.00645849 -0.000939184 0)
(-0.00674121 -0.00117156 0)
(-0.00704225 -0.00227716 0)
(-0.00661428 -0.00140363 0)
)
;
    }
    frontAndBack
    {
        type            empty;
    }
}


// ************************************************************************* //
