/*--------------------------------*- C++ -*----------------------------------*\
  =========                 |
  \\      /  F ield         | OpenFOAM: The Open Source CFD Toolbox
   \\    /   O peration     | Website:  https://openfoam.org
    \\  /    A nd           | Version:  7
     \\/     M anipulation  |
\*---------------------------------------------------------------------------*/
FoamFile
{
    version     2.0;
    format      ascii;
    class       volVectorField;
    location    "0.28";
    object      wallShearStress;
}
// * * * * * * * * * * * * * * * * * * * * * * * * * * * * * * * * * * * * * //

dimensions      [0 2 -2 0 0 0 0];

internalField   uniform (0 0 0);

boundaryField
{
    velocityInlet
    {
        type            calculated;
        value           uniform (0 0 0);
    }
    pressureOutlet
    {
        type            calculated;
        value           uniform (0 0 0);
    }
    fixedWalls
    {
        type            calculated;
        value           nonuniform List<vector> 
100
(
(-0.0165882 -0.00841941 0)
(0.0109769 -0.000955366 0)
(-0.00179957 0.000842512 0)
(0.00257688 -0.000487097 0)
(0.00623794 -0.000972886 0)
(0.0113686 -0.000693353 0)
(0.0114046 9.7312e-06 0)
(0.00871966 0.000532807 0)
(0.00450587 0.000611999 0)
(0.000939969 0.000470349 0)
(-0.0014601 0.000286679 0)
(-0.00262033 0.000117104 0)
(-0.00291747 1.20836e-05 0)
(-0.00274243 -4.58994e-05 0)
(-0.0024009 -6.0611e-05 0)
(-0.00207798 -5.06711e-05 0)
(-0.00186872 -3.01527e-05 0)
(-0.00179308 -9.21542e-06 0)
(-0.00181402 5.99281e-06 0)
(-0.00187953 1.05436e-05 0)
(-0.00197258 1.21221e-05 0)
(-0.00212363 1.95189e-05 0)
(-0.00237199 3.29595e-05 0)
(-0.00271231 4.44354e-05 0)
(-0.00308282 4.62599e-05 0)
(-0.00340446 3.77602e-05 0)
(-0.00362253 2.4319e-05 0)
(-0.00372062 1.09792e-05 0)
(-0.00371406 -5.45658e-07 0)
(-0.00363267 -8.82642e-06 0)
(-0.00350755 -1.31584e-05 0)
(-0.00336565 -1.43339e-05 0)
(-0.00322527 -1.35621e-05 0)
(-0.00309532 -1.21184e-05 0)
(-0.00297768 -1.08563e-05 0)
(-0.00287168 -1.002e-05 0)
(-0.0027781 -9.39974e-06 0)
(-0.00270226 -8.31626e-06 0)
(-0.00265867 -5.99773e-06 0)
(-0.00266967 -3.23605e-07 0)
(-0.00275184 7.08023e-06 0)
(-0.00290371 1.25288e-05 0)
(-0.00312608 1.85673e-05 0)
(-0.00346832 3.53864e-05 0)
(-0.00403529 6.97025e-05 0)
(-0.00491596 0.000115741 0)
(-0.00605175 0.000152533 0)
(-0.00710945 0.000150212 0)
(-0.00748198 7.87226e-05 0)
(-0.00651012 -0.000101518 0)
(-0.00397004 -0.000310887 0)
(-0.000378627 -0.000446453 0)
(0.00303296 -0.000409618 0)
(0.00507692 -0.000237923 0)
(0.00530223 -1.56617e-05 0)
(0.00395293 0.000158191 0)
(0.00182489 0.000229067 0)
(-0.000341055 0.000212422 0)
(-0.00202846 0.000155712 0)
(-0.00312035 9.4639e-05 0)
(-0.0037309 5.08845e-05 0)
(-0.00404751 2.74663e-05 0)
(-0.0042162 1.7563e-05 0)
(-0.00431191 1.33786e-05 0)
(-0.00436392 1.23905e-05 0)
(-0.00438442 1.40244e-05 0)
(-0.00436405 1.42046e-05 0)
(-0.00424356 5.68233e-06 0)
(-0.00389028 -2.37602e-05 0)
(-0.00313348 -7.69397e-05 0)
(-0.00193379 -0.000130673 0)
(-0.000565167 -0.000144409 0)
(0.00047316 -0.000101258 0)
(0.000783011 -2.34486e-05 0)
(0.000362427 4.46904e-05 0)
(-0.000468948 7.49875e-05 0)
(-0.00135755 7.72442e-05 0)
(-0.00208173 5.85319e-05 0)
(-0.00258963 3.85408e-05 0)
(-0.00295467 2.79338e-05 0)
(-0.003259 2.36635e-05 0)
(-0.00349041 1.36191e-05 0)
(-0.00363275 2.54542e-06 0)
(-0.0038306 1.23544e-05 0)
(-0.00428973 4.24907e-05 0)
(-0.00505259 7.23659e-05 0)
(-0.00598497 9.07899e-05 0)
(-0.00673986 7.93781e-05 0)
(-0.00674834 1.6102e-05 0)
(-0.00560941 -8.22641e-05 0)
(-0.00345644 -0.000168792 0)
(-0.000685241 -0.00023241 0)
(0.00205256 -0.000229874 0)
(0.00409796 -0.00017044 0)
(0.0049388 -6.52495e-05 0)
(0.00458717 3.05119e-05 0)
(0.00341834 9.28485e-05 0)
(0.00148285 0.000132207 0)
(-7.82474e-05 0.000149417 0)
(-0.00311008 0.000118587 0)
)
;
    }
    bottomWall
    {
        type            calculated;
        value           nonuniform List<vector> 
800
(
(-0.0353512 0.00216562 0)
(-0.0160365 0.000524963 0)
(-0.0105906 0.000100554 0)
(-0.00845573 3.45903e-05 0)
(-0.00749162 1.96854e-05 0)
(-0.00685585 1.60153e-05 0)
(-0.00634693 1.32161e-05 0)
(-0.00593557 1.07673e-05 0)
(-0.00560082 8.96713e-06 0)
(-0.00532195 7.66769e-06 0)
(-0.00508439 6.68304e-06 0)
(-0.00487872 5.90501e-06 0)
(-0.00469848 5.27471e-06 0)
(-0.00453893 4.75523e-06 0)
(-0.0043965 4.32097e-06 0)
(-0.00426841 3.95341e-06 0)
(-0.00415247 3.63888e-06 0)
(-0.00404694 3.36713e-06 0)
(-0.00395042 3.13035e-06 0)
(-0.00386173 2.92249e-06 0)
(-0.00377992 2.73879e-06 0)
(-0.00370419 2.57548e-06 0)
(-0.00363384 2.42948e-06 0)
(-0.00356831 2.29833e-06 0)
(-0.0035071 2.17996e-06 0)
(-0.00344978 2.07269e-06 0)
(-0.00339597 1.97512e-06 0)
(-0.00334536 1.88604e-06 0)
(-0.00329765 1.80447e-06 0)
(-0.00325261 1.72955e-06 0)
(-0.00320999 1.66054e-06 0)
(-0.00316962 1.59682e-06 0)
(-0.00313131 1.53784e-06 0)
(-0.0030949 1.48312e-06 0)
(-0.00306025 1.43225e-06 0)
(-0.00302723 1.38484e-06 0)
(-0.00299574 1.34059e-06 0)
(-0.00296566 1.29921e-06 0)
(-0.0029369 1.26044e-06 0)
(-0.00290937 1.22406e-06 0)
(-0.002883 1.18987e-06 0)
(-0.00285771 1.15769e-06 0)
(-0.00283344 1.12738e-06 0)
(-0.00281013 1.09873e-06 0)
(-0.00278771 1.07179e-06 0)
(-0.00276615 1.04605e-06 0)
(-0.00274538 1.02215e-06 0)
(-0.00272538 9.98664e-07 0)
(-0.00270608 9.77593e-07 0)
(-0.00268748 9.55116e-07 0)
(-0.00267192 9.36704e-07 0)
(-0.00265906 9.26322e-07 0)
(-0.00264637 9.12991e-07 0)
(-0.00263386 8.98756e-07 0)
(-0.00262154 8.85433e-07 0)
(-0.00260941 8.72771e-07 0)
(-0.00259744 8.6042e-07 0)
(-0.00258564 8.48337e-07 0)
(-0.00257401 8.36549e-07 0)
(-0.00256253 8.25051e-07 0)
(-0.00255122 8.13826e-07 0)
(-0.00254005 8.02859e-07 0)
(-0.00252904 7.92144e-07 0)
(-0.00251817 7.81671e-07 0)
(-0.00250745 7.71434e-07 0)
(-0.00249686 7.61423e-07 0)
(-0.00248642 7.51633e-07 0)
(-0.0024761 7.42056e-07 0)
(-0.00246592 7.32686e-07 0)
(-0.00245586 7.23517e-07 0)
(-0.00244593 7.14542e-07 0)
(-0.00243612 7.05755e-07 0)
(-0.00242643 6.97151e-07 0)
(-0.00241686 6.88724e-07 0)
(-0.00240741 6.8047e-07 0)
(-0.00239807 6.72381e-07 0)
(-0.00238883 6.64454e-07 0)
(-0.00237971 6.56684e-07 0)
(-0.00237069 6.49067e-07 0)
(-0.00236178 6.41597e-07 0)
(-0.00235297 6.34271e-07 0)
(-0.00234426 6.27084e-07 0)
(-0.00233565 6.20034e-07 0)
(-0.00232713 6.13116e-07 0)
(-0.00231871 6.06326e-07 0)
(-0.00231038 5.99663e-07 0)
(-0.00230214 5.93122e-07 0)
(-0.002294 5.86699e-07 0)
(-0.00228594 5.80393e-07 0)
(-0.00227796 5.74199e-07 0)
(-0.00227008 5.68117e-07 0)
(-0.00226227 5.62141e-07 0)
(-0.00225455 5.5627e-07 0)
(-0.00224691 5.50501e-07 0)
(-0.00223934 5.44832e-07 0)
(-0.00223186 5.39257e-07 0)
(-0.00222445 5.33777e-07 0)
(-0.00221712 5.28386e-07 0)
(-0.00220986 5.23085e-07 0)
(-0.00220267 5.17868e-07 0)
(-0.00219556 5.12735e-07 0)
(-0.00218851 5.07682e-07 0)
(-0.00218154 5.02707e-07 0)
(-0.00217463 4.97807e-07 0)
(-0.00216779 4.92982e-07 0)
(-0.00216102 4.88227e-07 0)
(-0.00215431 4.83542e-07 0)
(-0.00214767 4.78924e-07 0)
(-0.00214109 4.74373e-07 0)
(-0.00213457 4.69886e-07 0)
(-0.00212812 4.65462e-07 0)
(-0.00212172 4.611e-07 0)
(-0.00211539 4.56798e-07 0)
(-0.00210912 4.52554e-07 0)
(-0.0021029 4.48369e-07 0)
(-0.00209674 4.4424e-07 0)
(-0.00209064 4.40167e-07 0)
(-0.00208459 4.36149e-07 0)
(-0.0020786 4.32184e-07 0)
(-0.00207267 4.28271e-07 0)
(-0.00206678 4.24409e-07 0)
(-0.00206096 4.20598e-07 0)
(-0.00205518 4.16837e-07 0)
(-0.00204945 4.13124e-07 0)
(-0.00204378 4.09459e-07 0)
(-0.00203816 4.0584e-07 0)
(-0.00203258 4.02269e-07 0)
(-0.00202706 3.98742e-07 0)
(-0.00202158 3.95259e-07 0)
(-0.00201616 3.91817e-07 0)
(-0.00201078 3.8842e-07 0)
(-0.00200544 3.85064e-07 0)
(-0.00200016 3.8175e-07 0)
(-0.00199491 3.78473e-07 0)
(-0.00198972 3.75236e-07 0)
(-0.00198457 3.72037e-07 0)
(-0.00197946 3.6888e-07 0)
(-0.00197439 3.65758e-07 0)
(-0.00196937 3.62678e-07 0)
(-0.00196439 3.59627e-07 0)
(-0.00195946 3.56624e-07 0)
(-0.00195456 3.53639e-07 0)
(-0.00194971 3.50718e-07 0)
(-0.00194489 3.47789e-07 0)
(-0.00194012 3.44958e-07 0)
(-0.00193538 3.42069e-07 0)
(-0.00193069 3.39346e-07 0)
(-0.00192603 3.36464e-07 0)
(-0.00192141 3.33841e-07 0)
(-0.00191683 3.30875e-07 0)
(-0.00191299 3.28248e-07 0)
(-0.00190985 3.26871e-07 0)
(-0.0019067 3.25202e-07 0)
(-0.00190355 3.23281e-07 0)
(-0.0019004 3.21389e-07 0)
(-0.00189724 3.19536e-07 0)
(-0.00189408 3.1772e-07 0)
(-0.00189091 3.15894e-07 0)
(-0.00188774 3.14077e-07 0)
(-0.00188457 3.12259e-07 0)
(-0.00188139 3.10452e-07 0)
(-0.00187821 3.08647e-07 0)
(-0.00187502 3.06855e-07 0)
(-0.00187184 3.0505e-07 0)
(-0.00186864 3.03261e-07 0)
(-0.00186545 3.01466e-07 0)
(-0.00186225 2.99679e-07 0)
(-0.00185905 2.97891e-07 0)
(-0.00185585 2.96111e-07 0)
(-0.00185264 2.94332e-07 0)
(-0.00184943 2.92561e-07 0)
(-0.00184622 2.90792e-07 0)
(-0.00184301 2.89032e-07 0)
(-0.00183979 2.87263e-07 0)
(-0.00183657 2.85508e-07 0)
(-0.00183335 2.83746e-07 0)
(-0.00183012 2.81993e-07 0)
(-0.00182689 2.80241e-07 0)
(-0.00182366 2.78499e-07 0)
(-0.00182043 2.76759e-07 0)
(-0.0018172 2.7503e-07 0)
(-0.00181396 2.73295e-07 0)
(-0.00181072 2.71572e-07 0)
(-0.00180748 2.69847e-07 0)
(-0.00180424 2.68137e-07 0)
(-0.001801 2.66428e-07 0)
(-0.00179775 2.64729e-07 0)
(-0.0017945 2.63031e-07 0)
(-0.00179126 2.61347e-07 0)
(-0.001788 2.59661e-07 0)
(-0.00178475 2.57993e-07 0)
(-0.0017815 2.56321e-07 0)
(-0.00177824 2.54664e-07 0)
(-0.00177499 2.53015e-07 0)
(-0.00177173 2.51381e-07 0)
(-0.00176847 2.49747e-07 0)
(-0.00176521 2.48129e-07 0)
(-0.00176194 2.4652e-07 0)
(-0.00175868 2.44928e-07 0)
(-0.00175541 2.43335e-07 0)
(-0.00175215 2.41761e-07 0)
(-0.00174888 2.4019e-07 0)
(-0.00174561 2.38641e-07 0)
(-0.00174234 2.37093e-07 0)
(-0.00173906 2.35565e-07 0)
(-0.00173579 2.34042e-07 0)
(-0.00173251 2.32538e-07 0)
(-0.00172924 2.31037e-07 0)
(-0.00172596 2.29557e-07 0)
(-0.00172268 2.28074e-07 0)
(-0.00171939 2.26616e-07 0)
(-0.00171611 2.25155e-07 0)
(-0.00171282 2.23721e-07 0)
(-0.00170954 2.22299e-07 0)
(-0.00170625 2.20894e-07 0)
(-0.00170296 2.19486e-07 0)
(-0.00169967 2.181e-07 0)
(-0.00169637 2.16718e-07 0)
(-0.00169307 2.1536e-07 0)
(-0.00168978 2.14006e-07 0)
(-0.00168647 2.12677e-07 0)
(-0.00168317 2.11352e-07 0)
(-0.00167987 2.10059e-07 0)
(-0.00167656 2.08789e-07 0)
(-0.00167325 2.07524e-07 0)
(-0.00166993 2.06293e-07 0)
(-0.00166661 2.05044e-07 0)
(-0.00166329 2.0388e-07 0)
(-0.00165997 2.02633e-07 0)
(-0.00165664 2.01594e-07 0)
(-0.00165331 2.00262e-07 0)
(-0.00164997 1.99503e-07 0)
(-0.00164664 1.97916e-07 0)
(-0.00164328 1.97716e-07 0)
(-0.00163995 1.95395e-07 0)
(-0.00163655 1.96491e-07 0)
(-0.00163324 1.92374e-07 0)
(-0.00162978 1.96458e-07 0)
(-0.00162653 1.8802e-07 0)
(-0.00162295 1.98889e-07 0)
(-0.00161983 1.80574e-07 0)
(-0.001616 2.06421e-07 0)
(-0.00161318 1.66439e-07 0)
(-0.00160888 2.24146e-07 0)
(-0.00160665 1.38922e-07 0)
(-0.00160149 2.60606e-07 0)
(-0.00160029 8.73731e-08 0)
(-0.00159381 3.25184e-07 0)
(-0.0015941 6.49392e-09 0)
(-0.00158587 3.56853e-07 0)
(-0.0353511 -0.00216564 0)
(-0.0160357 -0.000524995 0)
(-0.0105889 -0.000100589 0)
(-0.00845321 -3.46217e-05 0)
(-0.00748831 -1.97161e-05 0)
(-0.00685175 -1.60463e-05 0)
(-0.00634204 -1.3248e-05 0)
(-0.00592985 -1.0801e-05 0)
(-0.00559422 -9.0033e-06 0)
(-0.00531439 -7.70707e-06 0)
(-0.00507577 -6.72621e-06 0)
(-0.00486894 -5.95259e-06 0)
(-0.0046874 -5.32735e-06 0)
(-0.00452642 -4.81365e-06 0)
(-0.00438238 -4.38591e-06 0)
(-0.00425251 -4.02563e-06 0)
(-0.0041346 -3.71911e-06 0)
(-0.00402689 -3.45605e-06 0)
(-0.00392797 -3.22863e-06 0)
(-0.00383665 -3.03076e-06 0)
(-0.00375198 -2.85773e-06 0)
(-0.00367313 -2.70576e-06 0)
(-0.00359941 -2.57189e-06 0)
(-0.00353024 -2.45368e-06 0)
(-0.00346511 -2.34921e-06 0)
(-0.00340358 -2.25686e-06 0)
(-0.00334525 -2.17534e-06 0)
(-0.00328979 -2.10363e-06 0)
(-0.0032369 -2.04077e-06 0)
(-0.00318629 -1.98625e-06 0)
(-0.00313773 -1.93919e-06 0)
(-0.00309099 -1.89976e-06 0)
(-0.00304587 -1.8667e-06 0)
(-0.00300215 -1.84138e-06 0)
(-0.0029597 -1.82133e-06 0)
(-0.00291829 -1.81013e-06 0)
(-0.00287779 -1.80292e-06 0)
(-0.00283805 -1.80663e-06 0)
(-0.00279879 -1.81366e-06 0)
(-0.0027602 -1.83263e-06 0)
(-0.00272128 -1.86003e-06 0)
(-0.0026836 -1.88957e-06 0)
(-0.00264353 -1.95931e-06 0)
(-0.00260735 -1.97247e-06 0)
(-0.00256289 -2.16107e-06 0)
(-0.00253133 -2.04403e-06 0)
(-0.00247411 -2.64919e-06 0)
(-0.00245723 -1.76183e-06 0)
(-0.00237096 -7.52639e-06 0)
(-0.00223259 0.000160197 0)
(-4.17127e-05 1.53682e-05 0)
(-5.50055e-05 6.63285e-05 0)
(-7.71462e-05 0.000153033 0)
(-6.96858e-05 0.000277012 0)
(-3.10243e-05 0.000351386 0)
(2.66132e-05 0.000337345 0)
(8.29436e-05 0.000242695 0)
(0.000129572 8.5902e-05 0)
(0.000160505 -0.000124082 0)
(0.000176397 -0.000355955 0)
(0.000182932 -0.000599467 0)
(0.000181047 -0.000846961 0)
(0.000171447 -0.00108843 0)
(0.000156222 -0.00131514 0)
(0.000137852 -0.00152154 0)
(0.000118709 -0.00170465 0)
(0.000102162 -0.00186438 0)
(8.83415e-05 -0.00200477 0)
(7.37614e-05 -0.00212822 0)
(6.03859e-05 -0.00223536 0)
(4.0239e-05 -0.00232989 0)
(-5.71227e-07 -0.00239798 0)
(-4.1469e-05 -0.00243203 0)
(-0.000116865 -0.0024567 0)
(-0.000331604 -0.00237854 0)
(-0.000537081 -0.00203252 0)
(-0.00044119 -0.00155132 0)
(-0.000116319 -0.00119382 0)
(0.00017715 -0.00101996 0)
(0.000373759 -0.00104528 0)
(0.000483572 -0.00127399 0)
(0.00044319 -0.00160156 0)
(0.000263403 -0.00183035 0)
(-2.9203e-05 -0.00181658 0)
(-0.000401499 -0.0015376 0)
(-0.000738985 -0.000958132 0)
(-0.000874246 -0.000181169 0)
(-0.00083598 0.000543025 0)
(-0.000737403 0.00114 0)
(-0.000622799 0.00162976 0)
(-0.000503864 0.0020213 0)
(-0.000386395 0.00231783 0)
(-0.000274359 0.00252453 0)
(-0.000170521 0.00264824 0)
(-7.69239e-05 0.00269663 0)
(4.89051e-06 0.00267932 0)
(7.5074e-05 0.00260809 0)
(0.000135189 0.00249 0)
(0.000185374 0.00233298 0)
(0.00022602 0.00214477 0)
(0.000257424 0.00193286 0)
(0.000279998 0.00170432 0)
(0.000294281 0.00146568 0)
(0.000300993 0.00122296 0)
(0.00030112 0.000981556 0)
(0.000295936 0.000746064 0)
(0.000286766 0.000519605 0)
(0.000273876 0.000301984 0)
(0.000254923 9.24292e-05 0)
(0.000229388 -9.99918e-05 0)
(0.000201915 -0.000270125 0)
(0.000174712 -0.000421054 0)
(0.000147445 -0.000553793 0)
(0.000120243 -0.000668398 0)
(9.33722e-05 -0.000764923 0)
(6.71894e-05 -0.000843743 0)
(4.20131e-05 -0.00090548 0)
(1.81505e-05 -0.000950928 0)
(-4.17657e-06 -0.000981167 0)
(-2.50586e-05 -0.000997238 0)
(-4.4452e-05 -0.000999916 0)
(-6.19454e-05 -0.000990538 0)
(-7.73115e-05 -0.000970707 0)
(-9.08791e-05 -0.000941745 0)
(-0.000103202 -0.000904784 0)
(-0.000114817 -0.000860732 0)
(-0.00012635 -0.000810549 0)
(-0.000138958 -0.00075443 0)
(-0.000152861 -0.000692974 0)
(-0.000170616 -0.000626936 0)
(-0.000194221 -0.000553542 0)
(-0.000223467 -0.000481439 0)
(-0.00028604 -0.000405169 0)
(-0.000370618 -0.000256009 0)
(-0.000345789 -2.86543e-05 0)
(-0.000183127 0.00016569 0)
(4.72532e-05 0.000278774 0)
(0.000244393 0.000283875 0)
(0.000324372 0.000218317 0)
(0.00034188 0.000164217 0)
(0.000304589 0.000127188 0)
(0.000217728 0.000113571 0)
(0.000115664 0.000136593 0)
(4.66141e-05 0.000181822 0)
(3.18647e-05 0.000200876 0)
(3.11303e-05 0.000164739 0)
(2.62137e-06 0.000102568 0)
(-4.05708e-05 6.26787e-05 0)
(-6.2384e-05 5.68865e-05 0)
(-4.03862e-05 6.30777e-05 0)
(1.2237e-05 4.76228e-05 0)
(5.76716e-05 4.03719e-06 0)
(7.48182e-05 -4.3545e-05 0)
(7.26923e-05 -7.66812e-05 0)
(6.46525e-05 -9.66713e-05 0)
(5.53997e-05 -0.000110954 0)
(4.48489e-05 -0.000122937 0)
(3.29596e-05 -0.000132402 0)
(2.0938e-05 -0.000138617 0)
(9.87245e-06 -0.000141711 0)
(-7.56821e-08 -0.000142108 0)
(-9.14152e-06 -0.000139957 0)
(-1.76396e-05 -0.000135117 0)
(-2.55465e-05 -0.000127304 0)
(-3.25935e-05 -0.000116381 0)
(-3.8257e-05 -0.000102459 0)
(-4.19373e-05 -8.60294e-05 0)
(-4.31172e-05 -6.80191e-05 0)
(-4.16321e-05 -4.95814e-05 0)
(-3.76151e-05 -3.18859e-05 0)
(-3.15553e-05 -1.59575e-05 0)
(-2.42919e-05 -2.46758e-06 0)
(-1.68286e-05 8.48465e-06 0)
(-1.01382e-05 1.73253e-05 0)
(-5.02636e-06 2.49019e-05 0)
(-1.98265e-06 3.23084e-05 0)
(-1.14522e-06 4.05183e-05 0)
(-2.50634e-06 5.01976e-05 0)
(-6.08629e-06 6.16893e-05 0)
(-1.20187e-05 7.5155e-05 0)
(-2.04845e-05 9.07559e-05 0)
(-3.15388e-05 0.000108764 0)
(-4.49261e-05 0.000129556 0)
(-5.99694e-05 0.00015348 0)
(-7.56056e-05 0.000180666 0)
(-9.05805e-05 0.000210849 0)
(-0.000103729 0.000243349 0)
(-0.000114216 0.000277187 0)
(-0.000121634 0.000311315 0)
(-0.000125962 0.000344804 0)
(-0.000127427 0.000376938 0)
(-0.000126371 0.000407216 0)
(-0.000123148 0.000435301 0)
(-0.000118082 0.000460963 0)
(-0.000111443 0.000484041 0)
(-0.000103457 0.000504411 0)
(-9.43077e-05 0.000521978 0)
(-8.41505e-05 0.000536657 0)
(-7.31292e-05 0.000548376 0)
(-6.13925e-05 0.00055708 0)
(-4.90763e-05 0.000562758 0)
(-3.62442e-05 0.000565411 0)
(-2.30445e-05 0.000564966 0)
(-9.64201e-06 0.000561517 0)
(3.92705e-06 0.000555139 0)
(1.75932e-05 0.000545879 0)
(3.12842e-05 0.000533787 0)
(4.49262e-05 0.000518923 0)
(5.84385e-05 0.000501359 0)
(7.17342e-05 0.00048118 0)
(8.47198e-05 0.000458487 0)
(9.72953e-05 0.000433394 0)
(0.000109355 0.00040603 0)
(0.000120785 0.00037654 0)
(0.000131469 0.000345085 0)
(0.000141284 0.000311842 0)
(0.000150103 0.000277006 0)
(0.000157794 0.000240791 0)
(0.000164228 0.000203428 0)
(0.000169274 0.000165172 0)
(0.000172807 0.000126301 0)
(0.000174714 8.71176e-05 0)
(0.000174901 4.79486e-05 0)
(0.000173266 9.14076e-06 0)
(0.000169753 -2.89271e-05 0)
(0.000164374 -6.58756e-05 0)
(0.000157145 -0.000101333 0)
(0.000148109 -0.000134922 0)
(0.000137376 -0.00016629 0)
(0.000125099 -0.000195112 0)
(0.000111467 -0.000221098 0)
(9.671e-05 -0.000243995 0)
(8.10921e-05 -0.000263601 0)
(6.49087e-05 -0.000279757 0)
(4.84784e-05 -0.000292363 0)
(3.21351e-05 -0.000301375 0)
(1.62166e-05 -0.000306814 0)
(1.05534e-06 -0.000308774 0)
(-1.30358e-05 -0.000307438 0)
(-2.56926e-05 -0.000303092 0)
(-3.67373e-05 -0.000296309 0)
(-4.63235e-05 -0.000288002 0)
(-5.4955e-05 -0.000279815 0)
(-6.40071e-05 -0.000274764 0)
(-7.65167e-05 -0.000278392 0)
(-9.86395e-05 -0.000300564 0)
(-0.000142764 -0.000357355 0)
(-0.000232593 -0.000471959 0)
(-0.00039778 -0.000667912 0)
(-0.000643088 -0.000947161 0)
(-3.82878e-06 3.8772e-05 0)
(-3.52586e-05 4.72878e-05 0)
(-9.3734e-05 8.14518e-05 0)
(-0.000187841 8.85683e-05 0)
(-0.000257439 5.70159e-05 0)
(-0.00028247 2.81578e-05 0)
(-0.000282267 2.31969e-05 0)
(-0.00028389 4.06172e-05 0)
(-0.000305529 6.73382e-05 0)
(-0.000349294 8.80821e-05 0)
(-0.000399634 9.21239e-05 0)
(-0.000439868 7.51427e-05 0)
(-0.000462656 2.98375e-05 0)
(-0.000464919 -3.02094e-05 0)
(-0.000463321 -5.21042e-05 0)
(-0.000505392 -1.44123e-05 0)
(-0.000598034 2.83006e-05 0)
(-0.000700696 3.03281e-05 0)
(-0.000766931 -1.34306e-05 0)
(-0.000765976 -8.80245e-05 0)
(-0.000684058 -0.000165224 0)
(-0.000533283 -0.000214462 0)
(-0.000352635 -0.000219874 0)
(-0.000182267 -0.000189323 0)
(-4.49669e-05 -0.00013909 0)
(5.28788e-05 -8.68892e-05 0)
(0.000119413 -4.67446e-05 0)
(0.000161417 -1.65489e-05 0)
(0.000173078 2.00082e-05 0)
(0.000139018 5.548e-05 0)
(7.73875e-05 8.0626e-05 0)
(-1.67031e-05 0.000142014 0)
(-9.15598e-05 0.000214175 0)
(-0.000112479 0.000308902 0)
(-0.000127614 0.000350169 0)
(-0.000195975 0.000249735 0)
(-7.14112e-05 -0.000156651 0)
(0.000274024 -0.000478049 0)
(0.000711922 -0.000471588 0)
(0.000938845 -0.000302442 0)
(0.00108105 -0.000270651 0)
(0.00125164 -0.000237624 0)
(0.00137798 -0.000196734 0)
(0.00148601 -0.000167516 0)
(0.00157082 -0.000131295 0)
(0.0016352 -0.000106092 0)
(0.0016903 -8.76296e-05 0)
(0.00173717 -7.73419e-05 0)
(0.00178087 -7.12354e-05 0)
(0.00181961 -6.55589e-05 0)
(0.00185296 -5.96493e-05 0)
(0.00187969 -5.22848e-05 0)
(0.00189889 -4.38313e-05 0)
(0.00191031 -3.4289e-05 0)
(0.00191331 -2.38129e-05 0)
(0.00190743 -1.19812e-05 0)
(0.00189107 2.00476e-06 0)
(0.00186214 1.85616e-05 0)
(0.00181827 3.78611e-05 0)
(0.0017573 5.94735e-05 0)
(0.00167771 8.27582e-05 0)
(0.00157861 0.000107023 0)
(0.00145972 0.000131678 0)
(0.00132112 0.000156322 0)
(0.00116315 0.000180655 0)
(0.000986454 0.000204411 0)
(0.000792138 0.000227384 0)
(0.000581999 0.000249713 0)
(0.000357303 0.000272468 0)
(0.000113046 0.000296401 0)
(-0.000155446 0.000310443 0)
(-0.000420966 0.000308236 0)
(-0.00067623 0.000303033 0)
(-0.000931519 0.000297419 0)
(-0.00118444 0.000288218 0)
(-0.00142943 0.000274287 0)
(-0.00166177 0.00025568 0)
(-0.00187757 0.000232879 0)
(-0.00207373 0.00020647 0)
(-0.00224763 0.000177022 0)
(-0.00239744 0.0001452 0)
(-0.00252179 0.000110442 0)
(-0.00261795 7.24908e-05 0)
(-0.00268462 3.10016e-05 0)
(-0.00271934 -1.54295e-05 0)
(-0.00272095 -6.81615e-05 0)
(-0.0026852 -0.000134501 0)
(-0.00259537 -0.000216047 0)
(-0.00244693 -0.000313254 0)
(-0.00221543 -0.000412205 0)
(-0.00192638 -0.000510921 0)
(-0.00154548 -0.000599123 0)
(-0.0011565 -0.000692223 0)
(-0.00048936 -0.000812279 0)
(0.000215069 -0.000275198 0)
(0.000257607 0.000259837 0)
(0.000261319 7.16405e-05 0)
(0.000293988 -1.17631e-05 0)
(0.000315441 0.000121953 0)
(4.4782e-05 0.000226483 0)
(0.000251717 9.51934e-05 0)
(0.0002053 0.000518991 0)
(-3.37178e-05 0.000698982 0)
(-0.000369274 0.000348791 0)
(-0.000488371 -0.000309238 0)
(-0.00048782 -0.00100869 0)
(-0.000400721 -0.00161824 0)
(-0.000276357 -0.00210528 0)
(-0.000130113 -0.00243606 0)
(4.0371e-05 -0.00260072 0)
(0.000243127 -0.00256838 0)
(0.000472884 -0.00230171 0)
(0.000680849 -0.00177779 0)
(0.000748368 -0.000989325 0)
(0.000423279 -0.000127608 0)
(-0.000137605 0.000259094 0)
(-0.000260973 0.000284082 0)
(-0.000165313 0.000209294 0)
(-0.000167245 7.4869e-05 0)
(-0.000133895 -5.00775e-05 0)
(3.08125e-05 -7.82055e-05 0)
(0.000184318 7.31203e-05 0)
(0.000184323 0.00028944 0)
(3.53468e-05 0.000341391 0)
(-0.000133063 0.000196901 0)
(-0.000240001 -8.72165e-05 0)
(-0.00028598 -0.000421302 0)
(-0.000306679 -0.000767092 0)
(-0.000309684 -0.00112557 0)
(-0.000270492 -0.00146053 0)
(-0.000175699 -0.00172641 0)
(-3.4137e-05 -0.00187261 0)
(0.000144393 -0.00187763 0)
(0.00034281 -0.0017156 0)
(0.00050864 -0.00137441 0)
(0.000567787 -0.000897149 0)
(0.000502128 -0.000393355 0)
(0.00039085 4.11771e-05 0)
(0.000308228 0.000386418 0)
(0.000240611 0.000629039 0)
(0.000159837 0.000796559 0)
(6.03226e-05 0.000902957 0)
(-2.04401e-05 0.000951641 0)
(-3.42301e-05 0.000944685 0)
(1.74109e-05 0.000912315 0)
(5.16339e-06 0.000909088 0)
(-0.000129709 0.000789447 0)
(-0.00013431 0.000501133 0)
(7.35864e-05 0.000390379 0)
(-3.35326e-05 0.00051354 0)
(-0.000512705 0.000388944 0)
(-0.000773396 5.87002e-05 0)
(-0.000867648 -0.000143121 0)
(-0.000892869 -0.000271246 0)
(-0.000807601 -0.000457051 0)
(-0.000489299 -0.000614207 0)
(0.000112441 -0.000421926 0)
(0.000534669 -1.87881e-05 0)
(0.000634561 0.00044636 0)
(0.000371301 0.000737357 0)
(0.000274712 0.000768607 0)
(0.000345966 0.000857873 0)
(0.000423135 0.000977173 0)
(0.000596047 0.00110001 0)
(0.000714968 0.00128346 0)
(0.000701613 0.00144421 0)
(0.000556758 0.00159598 0)
(0.000277168 0.0018341 0)
(-0.000166318 0.00219417 0)
(-0.000698427 0.0024455 0)
(-0.000962761 0.00249098 0)
(-0.000716209 0.00260767 0)
(0.000677721 0.00430884 0)
(0.00295933 0.00444915 0)
(0.00331495 0.00514769 0)
(0.00257642 0.00778746 0)
(0.000701417 0.00752818 0)
(0.000495375 0.0068448 0)
(0.000756183 0.00717009 0)
(0.000310109 0.00755555 0)
(-1.66011e-05 0.00735328 0)
(8.23684e-05 0.00726289 0)
(3.13921e-06 0.00734628 0)
(-0.000165486 0.00724859 0)
(-0.000143926 0.00710943 0)
(-0.000125257 0.00707385 0)
(-0.000176211 0.00700865 0)
(-0.00016499 0.0069093 0)
(-0.000125812 0.00685979 0)
(-0.000121487 0.00682642 0)
(-0.000109891 0.00677913 0)
(-8.15395e-05 0.00674875 0)
(-6.73934e-05 0.00673423 0)
(-6.06315e-05 0.00671526 0)
(-4.87853e-05 0.00669812 0)
(-4.14578e-05 0.00668798 0)
(-4.04458e-05 0.00667658 0)
(-3.87053e-05 0.00666324 0)
(-3.70763e-05 0.00665187 0)
(-3.74497e-05 0.00664092 0)
(-3.72163e-05 0.00662934 0)
(-3.55434e-05 0.00661912 0)
(-3.34565e-05 0.0066107 0)
(-3.04748e-05 0.0066036 0)
(-2.60389e-05 0.00659849 0)
(-2.05384e-05 0.00659589 0)
(-1.40497e-05 0.0065956 0)
(-6.21601e-06 0.00659761 0)
(3.16306e-06 0.00660213 0)
(1.43292e-05 0.00660914 0)
(2.77515e-05 0.00661865 0)
(4.38355e-05 0.00663086 0)
(6.28036e-05 0.00664592 0)
(8.46492e-05 0.0066641 0)
(0.00010879 0.00668578 0)
(0.000133842 0.00671124 0)
(0.000157521 0.00674052 0)
(0.000176747 0.00677302 0)
(0.000188095 0.00680716 0)
(0.000188595 0.00684012 0)
(0.000176695 0.00686802 0)
(0.00015295 0.00688659 0)
(0.000120116 0.0068921 0)
(8.29917e-05 0.00688271 0)
(4.55495e-05 0.00686049 0)
(8.50523e-06 0.00682801 0)
(-2.88267e-05 0.00678633 0)
(-6.6969e-05 0.00673511 0)
(-0.00010568 0.00667391 0)
(-0.000144361 0.00660295 0)
(-0.000182618 0.00652285 0)
(-0.000220236 0.00643416 0)
(-0.000256974 0.00633731 0)
(-0.000292519 0.0062328 0)
(-0.000326592 0.00612128 0)
(-0.000359039 0.00600343 0)
(-0.000389791 0.00587991 0)
(-0.00041881 0.0057513 0)
(-0.000446082 0.00561817 0)
(-0.000471627 0.00548109 0)
(-0.000495501 0.00534058 0)
(-0.00051778 0.00519713 0)
(-0.000538554 0.00505118 0)
(-0.00055792 0.00490313 0)
(-0.000575987 0.00475336 0)
(-0.000592868 0.0046022 0)
(-0.000608679 0.00444996 0)
(-0.000623538 0.00429689 0)
(-0.000637563 0.00414323 0)
(-0.000650872 0.00398919 0)
(-0.000663581 0.00383495 0)
(-0.000675808 0.00368064 0)
(-0.000687667 0.00352641 0)
(-0.000699273 0.00337236 0)
(-0.000710741 0.00321857 0)
(-0.000722185 0.00306512 0)
(-0.000733722 0.00291204 0)
(-0.000745472 0.00275939 0)
(-0.000757558 0.00260718 0)
(-0.000770109 0.00245542 0)
(-0.000783263 0.00230409 0)
(-0.000797165 0.00215316 0)
(-0.00081197 0.00200255 0)
(-0.000827838 0.00185216 0)
(-0.000844934 0.00170182 0)
(-0.000863414 0.00155128 0)
(-0.000883415 0.00140025 0)
(-0.000905043 0.00124834 0)
(-0.000928355 0.00109515 0)
(-0.000953368 0.000940305 0)
(-0.000980064 0.000783502 0)
(-0.00100844 0.000624603 0)
(-0.00103856 0.000463628 0)
(-0.00107033 0.000300649 0)
(-0.00110428 0.00013599 0)
(-0.00114132 -3.04369e-05 0)
(-0.00118132 -0.000198795 0)
(-0.00122444 -0.000368882 0)
(-0.00127167 -0.000540908 0)
(-0.00132378 -0.00071521 0)
(-0.00138155 -0.000892245 0)
(-0.00144583 -0.00107254 0)
(-0.00151761 -0.00125666 0)
(-0.00159791 -0.00144526 0)
(-0.00168765 -0.00163918 0)
(-0.00178761 -0.00183918 0)
(-0.00189891 -0.002046 0)
(-0.00202284 -0.00226 0)
(-0.00216118 -0.00248271 0)
(-0.00231518 -0.00271326 0)
(-0.00248782 -0.00295659 0)
(-0.00267883 -0.0032053 0)
(-0.00289572 -0.00347843 0)
(-0.0031304 -0.00374098 0)
(-0.00340727 -0.00406683 0)
(-0.00368565 -0.00431578 0)
(-0.00404861 -0.00475973 0)
(-0.00432931 -0.00488591 0)
(-0.00479329 -0.00563859 0)
(-0.00476476 -0.00521874 0)
)
;
    }
    frontAndBack
    {
        type            empty;
    }
}


// ************************************************************************* //
