/*--------------------------------*- C++ -*----------------------------------*\
  =========                 |
  \\      /  F ield         | OpenFOAM: The Open Source CFD Toolbox
   \\    /   O peration     | Website:  https://openfoam.org
    \\  /    A nd           | Version:  7
     \\/     M anipulation  |
\*---------------------------------------------------------------------------*/
FoamFile
{
    version     2.0;
    format      ascii;
    class       volScalarField;
    location    "0.09";
    object      yPlus;
}
// * * * * * * * * * * * * * * * * * * * * * * * * * * * * * * * * * * * * * //

dimensions      [0 0 0 0 0 0 0];

internalField   uniform 0;

boundaryField
{
    velocityInlet
    {
        type            calculated;
        value           uniform 0;
    }
    pressureOutlet
    {
        type            calculated;
        value           uniform 0;
    }
    fixedWalls
    {
        type            calculated;
        value           nonuniform List<scalar> 
100
(
2.02747
1.86357
1.64156
1.48935
1.41841
1.35728
1.28685
1.2125
1.14114
1.07873
1.0294
0.994054
0.973577
0.964765
0.965819
1.02111
1.19141
1.41723
1.55227
1.42421
0.68998
1.20581
1.56657
1.52464
1.19249
0.587725
0.709266
0.996694
1.10065
1.12468
1.11045
1.09164
1.10981
1.18233
1.2725
1.31723
1.25636
1.04522
0.634611
0.532857
0.842401
0.839366
0.454353
0.777099
1.16939
1.36932
1.48804
1.59632
1.66942
1.63015
1.38838
0.783515
0.936938
1.39931
1.54343
1.46253
1.20935
0.817686
0.173451
0.702024
0.882845
0.960508
0.987352
0.987721
0.974249
0.953353
0.927805
0.898517
0.865975
0.831426
0.797656
0.769049
0.750497
0.744882
0.749521
0.754204
0.743714
0.704351
0.634149
0.551881
0.497213
0.507016
0.574922
0.662911
0.742827
0.800545
0.831542
0.832291
0.801632
0.738076
0.645074
0.533995
0.419795
0.355751
0.350696
0.448112
0.542494
0.660251
0.777005
0.812231
)
;
    }
    bottomWall
    {
        type            calculated;
        value           nonuniform List<scalar> 
800
(
2.94479
1.98389
1.61341
1.44028
1.35515
1.29652
1.24758
1.20649
1.17197
1.14243
1.11666
1.09386
1.07349
1.05514
1.03849
1.02329
1.00933
0.996465
0.984548
0.973471
0.96314
0.953476
0.944412
0.935888
0.927855
0.920266
0.913085
0.906278
0.899813
0.893665
0.88781
0.882226
0.876893
0.871797
0.866918
0.862244
0.857763
0.853462
0.849331
0.845359
0.841538
0.837859
0.834315
0.830899
0.827603
0.824423
0.82135
0.818383
0.815511
0.812738
0.810412
0.808488
0.806583
0.804705
0.802852
0.801023
0.799218
0.797436
0.795675
0.793938
0.79222
0.790525
0.78885
0.787196
0.785562
0.783946
0.78235
0.780773
0.779215
0.777674
0.77615
0.774645
0.773157
0.771685
0.77023
0.768791
0.767368
0.76596
0.764568
0.76319
0.761828
0.76048
0.759148
0.757828
0.756523
0.755232
0.753953
0.752689
0.751437
0.750198
0.748973
0.747759
0.746558
0.745368
0.744191
0.743025
0.741872
0.740729
0.739598
0.738478
0.737369
0.73627
0.735183
0.734107
0.733039
0.731983
0.730937
0.729901
0.728874
0.727857
0.726851
0.725853
0.724865
0.723886
0.722916
0.721955
0.721003
0.720061
0.719126
0.718201
0.717283
0.716374
0.715474
0.714582
0.713699
0.712822
0.711954
0.711093
0.710241
0.709396
0.708559
0.707729
0.706907
0.706092
0.705284
0.704483
0.70369
0.702904
0.702123
0.701351
0.700585
0.699825
0.699073
0.698326
0.697587
0.696853
0.696127
0.695405
0.694691
0.693983
0.693389
0.692904
0.692418
0.691932
0.691445
0.690957
0.690469
0.689981
0.689493
0.689003
0.688514
0.688024
0.687534
0.687043
0.686552
0.686062
0.68557
0.685078
0.684587
0.684094
0.683602
0.683109
0.682616
0.682122
0.68163
0.681136
0.680642
0.680148
0.679655
0.679161
0.678667
0.678172
0.677679
0.677184
0.676689
0.676194
0.6757
0.675206
0.67471
0.674216
0.673722
0.673226
0.672732
0.672237
0.671743
0.671248
0.670753
0.670258
0.669764
0.669269
0.668775
0.66828
0.667786
0.667291
0.666796
0.666302
0.665808
0.665314
0.664819
0.664325
0.66383
0.663337
0.662842
0.662348
0.661853
0.66136
0.660864
0.66037
0.659875
0.659382
0.658886
0.658391
0.657896
0.657401
0.656906
0.65641
0.655914
0.655417
0.654921
0.654423
0.653925
0.653426
0.652928
0.652425
0.651928
0.65142
0.650924
0.650408
0.64992
0.649384
0.648915
0.648341
0.647915
0.647268
0.64693
0.646152
0.645965
0.644986
0.64502
0.643772
2.94479
1.98393
1.6135
1.44043
1.35534
1.29674
1.24781
1.2067
1.17214
1.14254
1.11669
1.0938
1.07332
1.05484
1.03805
1.02269
1.00857
0.995524
0.983425
0.97216
0.961636
0.951776
0.942511
0.933786
0.925548
0.917756
0.91037
0.903358
0.896689
0.890338
0.884282
0.878501
0.872982
0.867704
0.862663
0.857844
0.853246
0.848871
0.844703
0.840802
0.837062
0.833762
0.830429
0.828083
0.825019
0.824514
0.821262
0.824441
0.822411
0.798515
0.178124
0.143944
0.145447
0.265161
0.436025
0.616434
0.800538
0.983848
1.164
1.3387
1.50613
1.66502
1.81432
1.95317
2.08105
2.19767
2.30297
2.39706
2.48024
2.55296
2.61581
2.66952
2.71491
2.75294
2.78464
2.81109
2.83344
2.85283
2.87039
2.88716
2.90409
2.92198
2.94145
2.96291
2.98653
3.01226
3.03978
3.06859
3.09796
3.12702
3.15479
3.1802
3.20214
3.21954
3.23129
3.23621
3.23345
3.22258
3.20328
3.17548
3.13927
3.09495
3.04298
2.98398
2.91868
2.84788
2.77241
2.69309
2.61072
2.52605
2.43975
2.35242
2.26455
2.17656
2.0888
2.00153
1.91493
1.82914
1.74424
1.66027
1.57725
1.49512
1.41383
1.33329
1.25336
1.1739
1.09469
1.01547
0.935899
0.855541
0.773793
0.689812
0.60236
0.509568
0.408802
0.300924
0.251696
0.329574
0.411016
0.476875
0.530572
0.575118
0.612515
0.644125
0.670908
0.693558
0.712592
0.728405
0.741303
0.751526
0.759271
0.764705
0.767935
0.769015
0.768072
0.765267
0.760749
0.754602
0.746983
0.738087
0.728166
0.717535
0.706575
0.695712
0.685416
0.676144
0.668265
0.662007
0.657434
0.654357
0.652325
0.650694
0.648657
0.645337
0.639782
0.631068
0.61835
0.60084
0.577873
0.548889
0.513428
0.471151
0.421807
0.365317
0.302994
0.244061
0.226196
0.261806
0.305469
0.341961
0.370783
0.393593
0.41206
0.427449
0.44052
0.451518
0.460242
0.466156
0.468519
0.466582
0.459672
0.44716
0.428457
0.403058
0.370453
0.329913
0.280052
0.217453
0.129805
0.111389
0.19439
0.243128
0.274404
0.292637
0.299562
0.295781
0.281704
0.260437
0.24526
0.263195
0.315539
0.380499
0.447323
0.512944
0.576524
0.637815
0.696736
0.753256
0.807364
0.859205
0.908772
0.955958
1.00081
1.0434
1.08381
1.12214
1.15854
1.1931
1.22591
1.25693
1.28592
1.31229
1.33511
1.35212
1.35908
1.35321
1.344
1.38842
1.62604
2.12112
0.157651
0.143931
0.301416
0.369249
0.416079
0.443687
0.452316
0.438234
0.395651
0.32508
0.330886
0.48256
0.653829
0.824925
0.9973
1.17161
1.34888
1.52913
1.71237
1.89814
2.08614
2.27638
2.46785
2.65902
2.84708
3.02619
3.19073
3.34052
3.48072
3.61835
3.75914
3.91117
4.08573
4.29178
4.52946
4.78955
5.05773
5.32221
5.5788
5.82765
6.06598
6.28627
6.48158
6.64625
6.77405
6.85597
6.88019
6.82792
6.69172
6.46722
6.15035
5.74356
5.24717
4.65162
3.93052
3.02969
2.05144
2.67127
3.76013
4.6746
5.47157
6.18872
6.84733
7.46032
8.03197
8.56309
9.04802
9.47635
9.83657
10.0992
10.2562
10.263
10.0832
9.71187
9.09148
8.26183
7.34561
6.47532
5.71215
5.05174
4.42917
3.79292
3.03432
2.39093
3.20434
4.30312
4.49554
4.35222
3.96698
3.60348
3.53743
3.65325
3.83766
3.98498
4.00699
3.86258
3.54004
3.00131
2.17847
0.804467
0.908941
1.95306
2.81389
3.26281
3.42042
3.42558
3.30163
3.10668
2.87763
2.66838
2.5253
2.48965
2.58313
2.75865
2.91219
2.96166
2.88546
2.74346
2.64018
2.63461
2.69239
2.73821
2.72295
2.6165
2.38363
1.97514
1.30588
1.43706
2.24051
2.79419
3.12192
3.22115
3.10599
2.76444
2.15402
1.16449
1.56895
2.27203
2.64031
2.79754
2.74974
2.51702
2.36864
2.66339
2.90032
2.69792
2.22828
2.65642
3.58187
4.05994
4.23538
4.34864
4.47227
4.53044
4.55409
4.57293
4.57123
4.56373
4.55413
4.5394
4.52465
4.50874
4.49226
4.47587
4.45891
4.44154
4.4232
4.40327
4.38092
4.35493
4.32374
4.28527
4.23667
4.1743
4.09334
3.98795
3.85162
3.67833
3.46451
3.21144
2.92669
2.62499
2.33608
2.12691
2.01104
1.84815
1.61181
1.62365
2.21137
2.91232
3.42544
3.75792
4.09282
4.76977
5.62062
6.08499
6.31257
6.50097
6.69202
6.83677
6.93354
7.01504
7.07681
7.11593
7.14321
7.1586
7.16256
7.15917
7.14962
7.13531
7.11755
7.09719
7.07524
7.05261
7.02993
7.00785
6.98693
6.96759
6.95023
6.93515
6.92263
6.91285
6.90665
6.90498
6.90687
6.91207
6.92077
6.9334
6.9502
6.97131
6.99686
7.02696
7.06161
7.10081
7.1445
7.19252
7.24475
7.30102
7.36117
7.42497
7.49213
7.5622
7.63445
7.70793
7.7817
7.85392
7.92623
8.00137
8.08041
8.16341
8.2495
8.33759
8.4267
8.51591
8.60421
8.69031
8.77261
8.84934
8.91929
8.98299
9.04315
9.10725
9.165
9.21476
9.25496
9.28457
9.30308
9.31016
9.30622
9.29262
9.27084
9.24053
9.20192
9.15527
9.10063
9.03806
8.96766
8.88947
8.80352
8.70981
8.60829
8.49891
8.38154
8.25607
8.12238
7.98034
7.8299
7.67109
7.50414
7.32957
7.14811
6.98775
6.85899
6.74391
6.64572
6.56679
6.51071
6.50689
6.59681
6.78592
)
;
    }
    frontAndBack
    {
        type            empty;
    }
}


// ************************************************************************* //
