/*--------------------------------*- C++ -*----------------------------------*\
  =========                 |
  \\      /  F ield         | OpenFOAM: The Open Source CFD Toolbox
   \\    /   O peration     | Website:  https://openfoam.org
    \\  /    A nd           | Version:  7
     \\/     M anipulation  |
\*---------------------------------------------------------------------------*/
FoamFile
{
    version     2.0;
    format      ascii;
    class       volScalarField;
    location    "0.06";
    object      yPlus;
}
// * * * * * * * * * * * * * * * * * * * * * * * * * * * * * * * * * * * * * //

dimensions      [0 0 0 0 0 0 0];

internalField   uniform 0;

boundaryField
{
    velocityInlet
    {
        type            calculated;
        value           uniform 0;
    }
    pressureOutlet
    {
        type            calculated;
        value           uniform 0;
    }
    fixedWalls
    {
        type            calculated;
        value           nonuniform List<scalar> 
100
(
2.27261
1.94468
1.64958
1.48173
1.38953
1.3216
1.26164
1.2076
1.16025
1.11873
1.07967
1.039
0.99689
0.960992
0.942606
0.946612
0.966839
0.992077
1.01331
1.02637
1.03078
1.02772
1.01866
1.00474
0.986743
0.965571
0.943368
0.92433
0.914017
0.916173
0.927251
0.933304
0.913289
0.84599
0.720185
0.54646
0.368235
0.288048
0.371057
0.503625
0.618116
0.702644
0.760445
0.798201
0.822129
0.836959
0.845982
0.851217
0.853624
0.853392
0.850302
0.8442
0.835509
0.825562
0.81654
0.810782
0.809538
0.811737
0.813452
0.80808
0.786368
0.735963
0.640637
0.475551
0.118715
0.444158
0.584447
0.619706
0.556815
0.381848
0.245005
0.508644
0.647275
0.72798
0.771311
0.789521
0.790536
0.779403
0.759678
0.734294
0.706065
0.677498
0.650821
0.627929
0.611758
0.605866
0.61461
0.636802
0.668246
0.700037
0.734596
0.773089
0.825374
0.886564
0.947891
1.00469
0.98826
0.954168
0.57026
0.421959
)
;
    }
    bottomWall
    {
        type            calculated;
        value           nonuniform List<scalar> 
800
(
2.94479
1.98386
1.61332
1.44013
1.35492
1.2962
1.24717
1.20597
1.17133
1.14167
1.11577
1.09284
1.07234
1.05386
1.03707
1.02173
1.00764
0.994642
0.982594
0.971387
0.960931
0.951144
0.94196
0.933321
0.925176
0.917481
0.910197
0.903292
0.896733
0.890496
0.884556
0.878891
0.873483
0.868313
0.863365
0.858627
0.854084
0.849725
0.845537
0.841513
0.837642
0.833915
0.830326
0.826867
0.82353
0.82031
0.817201
0.8142
0.811295
0.80849
0.80614
0.804194
0.80227
0.800373
0.7985
0.796654
0.794832
0.793033
0.791258
0.789506
0.787776
0.786068
0.784382
0.782718
0.781074
0.77945
0.777848
0.776264
0.774701
0.773157
0.771632
0.770126
0.768638
0.76717
0.765718
0.764283
0.762868
0.761468
0.760086
0.758722
0.757372
0.75604
0.754724
0.753423
0.752139
0.75087
0.749618
0.748379
0.747156
0.745948
0.744754
0.743575
0.742411
0.741261
0.740126
0.739003
0.737895
0.736801
0.73572
0.734654
0.7336
0.732559
0.731532
0.730518
0.729517
0.728528
0.727553
0.72659
0.725639
0.724701
0.723775
0.722862
0.721961
0.721072
0.720195
0.71933
0.718477
0.717635
0.716805
0.715987
0.715181
0.714386
0.713602
0.71283
0.712069
0.71132
0.710581
0.709853
0.709137
0.708432
0.707737
0.707053
0.70638
0.705717
0.705065
0.704424
0.703793
0.703173
0.702563
0.701963
0.701373
0.700794
0.700225
0.699665
0.699115
0.698576
0.698047
0.697527
0.697016
0.696516
0.696101
0.695765
0.69543
0.695097
0.694767
0.69444
0.694114
0.693791
0.693471
0.693154
0.692839
0.692528
0.692218
0.691912
0.691609
0.691309
0.691011
0.690717
0.690426
0.690137
0.689854
0.689572
0.689294
0.68902
0.688748
0.688481
0.688217
0.687956
0.6877
0.687447
0.687198
0.686953
0.686711
0.686473
0.686239
0.686009
0.685783
0.685562
0.685343
0.68513
0.684919
0.684713
0.684512
0.684314
0.684121
0.683931
0.683745
0.683564
0.683387
0.683213
0.683044
0.682879
0.682718
0.682561
0.682407
0.682258
0.682112
0.68197
0.681831
0.681696
0.681565
0.681438
0.681314
0.681193
0.681075
0.680961
0.680849
0.680741
0.680635
0.680532
0.680432
0.680334
0.680238
0.680146
0.680054
0.679965
0.679879
0.679792
0.679709
0.679627
0.679546
0.679465
0.679387
0.679307
0.679231
0.679153
0.679078
0.678998
0.678927
0.678844
0.678777
0.678684
0.678629
0.678521
0.678481
0.678349
0.678332
0.678167
0.678175
0.677967
2.94481
1.98406
1.61386
1.44109
1.35631
1.29808
1.24956
1.20891
1.17484
1.14577
1.12048
1.09819
1.07834
1.06053
1.04444
1.02982
1.01649
1.00428
0.993071
0.982749
0.97323
0.964444
0.956327
0.948833
0.941918
0.93555
0.929703
0.924354
0.919489
0.915097
0.911173
0.907716
0.904731
0.902228
0.900219
0.898727
0.897768
0.897399
0.897609
0.898546
0.900076
0.902629
0.905645
0.910377
0.914974
0.923029
0.92911
0.942614
0.952794
0.934098
0.0436273
0.216051
0.384371
0.537242
0.678426
0.805101
0.918454
1.02013
1.11195
1.19554
1.27221
1.34304
1.40886
1.4703
1.52784
1.58191
1.63281
1.68076
1.72601
1.76871
1.809
1.84703
1.88289
1.91668
1.94846
1.97829
2.00626
2.03241
2.05678
2.07942
2.10036
2.11961
2.13723
2.15322
2.16761
2.18044
2.19171
2.20143
2.20963
2.21631
2.22148
2.22516
2.22735
2.22807
2.22733
2.22517
2.2216
2.21661
2.21022
2.20243
2.19325
2.18264
2.17063
2.15724
2.14245
2.12623
2.10862
2.08961
2.06923
2.04745
2.02425
1.99971
1.97383
1.94657
1.91802
1.8882
1.85712
1.82484
1.79141
1.75685
1.72123
1.68463
1.64711
1.60878
1.56964
1.52976
1.48939
1.44848
1.40722
1.36574
1.32418
1.28293
1.24234
1.20274
1.16483
1.12938
1.09723
1.0693
1.04488
1.01957
0.983969
0.930684
0.860321
0.775347
0.674716
0.559401
0.460184
0.474168
0.563294
0.634518
0.663618
0.641567
0.556156
0.385823
0.4001
0.648673
0.843606
0.994356
1.10466
1.17544
1.20942
1.22574
1.21488
1.1642
1.08833
1.00355
0.9198
0.839472
0.758176
0.663812
0.536288
0.367798
0.472041
0.706647
0.914479
1.10048
1.26782
1.41816
1.55291
1.6735
1.7812
1.87705
1.96188
2.03641
2.10131
2.15713
2.2044
2.24362
2.27524
2.29971
2.31744
2.32885
2.33431
2.33412
2.32862
2.31811
2.30288
2.2832
2.25933
2.23147
2.19983
2.16459
2.1259
2.08388
2.03864
1.99025
1.93878
1.88422
1.82659
1.76582
1.70184
1.63451
1.56368
1.48937
1.41122
1.32874
1.24148
1.14897
1.05086
0.94743
0.841207
0.742017
0.677354
0.683987
0.753598
0.846718
0.94112
1.02973
1.11098
1.18563
1.25365
1.31513
1.37049
1.42004
1.46404
1.50271
1.53621
1.56467
1.58818
1.60678
1.62042
1.62934
1.63303
1.6297
1.61754
1.59573
1.57408
1.60821
1.86294
2.44515
0.0386128
0.212812
0.330262
0.418918
0.492366
0.555131
0.610374
0.660215
0.705972
0.748499
0.788382
0.826083
0.86192
0.896164
0.92906
0.960798
0.991563
1.02152
1.05083
1.0797
1.10823
1.1366
1.16498
1.1935
1.22235
1.25168
1.28167
1.31246
1.34424
1.37717
1.4114
1.44712
1.48449
1.52367
1.56486
1.60823
1.65396
1.70227
1.75334
1.80736
1.86454
1.92505
1.989
2.05647
2.12748
2.20194
2.27965
2.36031
2.44348
2.52857
2.61486
2.7015
2.78754
2.87194
2.95368
3.03173
3.1051
3.17279
3.23368
3.28653
3.33
3.36254
3.38239
3.38755
3.37569
3.34437
3.2902
3.20908
3.09583
2.94359
2.74302
2.48038
2.13344
1.66295
1.10055
1.49494
2.13366
2.65246
3.08446
3.44242
3.72909
3.94426
4.08783
4.16076
4.16729
4.11022
3.99943
3.84546
3.65912
3.45056
3.22766
2.99596
2.75883
2.51743
2.27052
2.01438
1.74197
1.4411
1.08037
0.488514
0.551956
1.10364
1.54366
1.86377
2.11594
2.31855
2.48097
2.6077
2.70074
2.76129
2.79068
2.791
2.7646
2.71613
2.65104
2.57605
2.49855
2.42599
2.36531
2.3223
2.30101
2.3035
2.32964
2.3777
2.44461
2.52678
2.62051
2.72227
2.82899
2.93715
3.04407
3.14693
3.24009
3.32276
3.39073
3.433
3.4486
3.44054
3.39207
3.29174
3.15565
2.99014
2.76735
2.47125
2.12096
1.70254
1.19908
1.17755
1.5414
1.66842
1.72686
1.74424
1.61544
1.39561
1.23388
1.21595
1.23276
1.4393
1.5834
1.68321
1.78983
1.9722
2.56772
3.35853
3.88174
4.16399
4.35273
4.53371
4.69175
4.80457
4.90097
4.98503
5.0522
5.11169
5.16419
5.20971
5.25125
5.28879
5.32285
5.35424
5.38296
5.40943
5.43382
5.45611
5.47633
5.49431
5.50969
5.52205
5.53081
5.53527
5.53472
5.52829
5.51505
5.49336
5.46081
5.41426
5.34981
5.26319
5.15245
5.01929
4.86657
4.70305
4.54222
4.43412
4.43991
4.56565
4.7889
5.05792
5.35435
5.77621
6.40005
6.97116
7.31086
7.54025
7.73531
7.8913
7.98942
8.04911
8.08412
8.09127
8.07722
8.05205
8.01572
7.97016
7.91906
7.86357
7.80538
7.74638
7.68769
7.63052
7.57606
7.52521
7.47887
7.43781
7.40268
7.37402
7.35849
7.35349
7.35777
7.37115
7.39224
7.42067
7.45639
7.49884
7.54708
7.59863
7.65357
7.71176
7.77204
7.83332
7.89508
7.95711
8.0193
8.08112
8.14168
8.19985
8.25434
8.30399
8.34778
8.38493
8.415
8.43775
8.4531
8.46104
8.46187
8.4564
8.44537
8.43168
8.41457
8.39178
8.36314
8.32857
8.28795
8.2411
8.18787
8.12805
8.06146
7.98788
7.9071
7.8189
7.72303
7.61924
7.50727
7.38687
7.25778
7.11974
6.97258
6.81615
6.65042
6.50018
6.35278
6.20407
6.05553
5.91005
5.77358
5.65624
5.5738
5.56412
5.69455
6.03271
)
;
    }
    frontAndBack
    {
        type            empty;
    }
}


// ************************************************************************* //
