/*--------------------------------*- C++ -*----------------------------------*\
  =========                 |
  \\      /  F ield         | OpenFOAM: The Open Source CFD Toolbox
   \\    /   O peration     | Website:  https://openfoam.org
    \\  /    A nd           | Version:  7
     \\/     M anipulation  |
\*---------------------------------------------------------------------------*/
FoamFile
{
    version     2.0;
    format      ascii;
    class       volScalarField;
    location    "0.01";
    object      yPlus;
}
// * * * * * * * * * * * * * * * * * * * * * * * * * * * * * * * * * * * * * //

dimensions      [0 0 0 0 0 0 0];

internalField   uniform 0;

boundaryField
{
    velocityInlet
    {
        type            calculated;
        value           uniform 0;
    }
    pressureOutlet
    {
        type            calculated;
        value           uniform 0;
    }
    fixedWalls
    {
        type            calculated;
        value           nonuniform List<scalar> 
100
(
1.62374
1.90127
0.235475
1.36177
0.887072
1.47983
1.17671
0.794875
0.968969
1.10448
1.15242
0.860222
0.925935
1.81773
2.36696
2.6314
2.64938
2.40747
1.72659
1.32616
2.54539
2.94973
2.8065
1.9794
1.03779
0.430943
0.7718
0.431853
1.20943
1.29268
1.37618
1.61341
1.77067
1.6549
0.801822
1.50945
2.21846
2.59605
2.77742
2.8197
2.75624
2.61124
2.4037
2.14897
1.85789
1.53467
1.17502
0.753218
0.298387
0.776513
0.99779
1.13232
1.21749
1.27047
1.3013
1.31658
1.32084
1.31736
1.30845
1.29577
1.28049
1.26348
1.24537
1.22667
1.20779
1.18908
1.17086
1.15337
1.13682
1.12135
1.10707
1.09398
1.08206
1.07124
1.06143
1.05255
1.04452
1.03733
1.03097
1.02545
1.02071
1.01661
1.01294
1.00947
1.00607
1.00271
0.999525
0.996673
0.994281
0.992388
0.991045
0.990293
0.990258
0.990611
0.991228
0.990957
0.990327
0.987997
0.986273
0.983011
)
;
    }
    bottomWall
    {
        type            calculated;
        value           nonuniform List<scalar> 
800
(
2.94481
1.9841
1.61398
1.44136
1.35683
1.29894
1.25094
1.21098
1.17786
1.15002
1.12632
1.10603
1.08865
1.07385
1.06136
1.05099
1.04257
1.03596
1.03094
1.02728
1.02463
1.02267
1.02111
1.01975
1.0185
1.01734
1.01626
1.01526
1.01434
1.01348
1.01267
1.01191
1.0112
1.01054
1.00996
1.00945
1.00901
1.00865
1.00834
1.00808
1.00784
1.00762
1.00741
1.00722
1.00706
1.00694
1.00685
1.00682
1.00682
1.00685
1.0069
1.00696
1.00702
1.00708
1.00716
1.00724
1.00732
1.00741
1.00751
1.00761
1.00771
1.00781
1.00792
1.00803
1.00814
1.00825
1.00836
1.00847
1.00859
1.0087
1.00882
1.00894
1.00906
1.00918
1.0093
1.00942
1.00954
1.00966
1.00979
1.00991
1.01004
1.01017
1.01029
1.01042
1.01055
1.01068
1.01081
1.01095
1.01108
1.01121
1.01134
1.01148
1.01161
1.01174
1.01188
1.01201
1.01215
1.01228
1.01242
1.01255
1.01269
1.01282
1.01296
1.01309
1.01322
1.01336
1.01349
1.01362
1.01375
1.01388
1.01401
1.01414
1.01427
1.0144
1.01452
1.01465
1.01477
1.0149
1.01502
1.01514
1.01526
1.01537
1.01549
1.01561
1.01572
1.01583
1.01594
1.01605
1.01616
1.01626
1.01636
1.01646
1.01656
1.01666
1.01676
1.01685
1.01694
1.01703
1.01712
1.0172
1.01728
1.01736
1.01744
1.01752
1.01759
1.01766
1.01773
1.0178
1.01787
1.01793
1.01798
1.01802
1.01806
1.0181
1.01813
1.01817
1.01821
1.01824
1.01828
1.01831
1.01834
1.01837
1.0184
1.01843
1.01846
1.01849
1.01851
1.01854
1.01856
1.01858
1.0186
1.01862
1.01864
1.01866
1.01867
1.01869
1.0187
1.01871
1.01872
1.01873
1.01874
1.01875
1.01875
1.01876
1.01876
1.01876
1.01877
1.01877
1.01876
1.01876
1.01876
1.01875
1.01875
1.01874
1.01873
1.01872
1.01871
1.0187
1.01869
1.01867
1.01866
1.01864
1.01862
1.01861
1.01859
1.01857
1.01855
1.01853
1.01851
1.01849
1.01847
1.01845
1.01843
1.0184
1.01838
1.01836
1.01834
1.01831
1.01829
1.01827
1.01825
1.01823
1.01821
1.01819
1.01817
1.01815
1.01813
1.01812
1.0181
1.01809
1.01808
1.01806
1.01806
1.01805
1.01804
1.01804
1.01804
1.01804
1.01804
1.01805
1.01805
1.01807
1.01807
1.0181
1.01811
1.01815
1.01815
1.01822
1.0182
1.01829
2.94478
1.98385
1.61334
1.44024
1.3552
1.29676
1.24818
1.20762
1.17389
1.14545
1.12116
1.10029
1.08236
1.06702
1.05404
1.0432
1.03435
1.02735
1.02198
1.01799
1.01505
1.01283
1.01103
1.00946
1.00803
1.0067
1.00545
1.00428
1.00317
1.0021
1.00103
0.999951
0.998835
0.997651
0.996381
0.994947
0.993348
0.991396
0.989149
0.986231
0.982802
0.978295
0.972646
0.965939
0.955462
0.947033
0.923692
0.921016
0.851778
0.904293
0.302869
0.471929
0.596371
0.699468
0.789036
0.869528
0.943351
1.01208
1.0768
1.13831
1.19718
1.2539
1.30882
1.36222
1.41435
1.46543
1.51562
1.56506
1.61386
1.66215
1.71004
1.75757
1.80483
1.8519
1.89882
1.94564
1.99241
2.03917
2.08595
2.13278
2.17971
2.22674
2.27389
2.32122
2.36871
2.41639
2.46427
2.51236
2.56068
2.60924
2.65804
2.70709
2.7564
2.80597
2.8558
2.9059
2.95627
3.00689
3.05778
3.10894
3.16034
3.21201
3.26391
3.31605
3.3684
3.42099
3.47376
3.52674
3.57988
3.63318
3.68661
3.74017
3.79381
3.84753
3.9013
3.95507
4.00884
4.06255
4.1162
4.16972
4.22311
4.27629
4.32923
4.38191
4.43427
4.48625
4.53783
4.58893
4.63951
4.68951
4.73889
4.78758
4.83553
4.88267
4.92896
4.97433
5.01871
5.06206
5.1043
5.14538
5.18523
5.2238
5.26103
5.29685
5.33119
5.36403
5.39527
5.42488
5.45278
5.47894
5.5033
5.52578
5.54637
5.56498
5.58157
5.5961
5.60851
5.61875
5.62676
5.63248
5.63586
5.63691
5.63548
5.63148
5.62486
5.61558
5.6036
5.58885
5.57128
5.55084
5.52746
5.50112
5.47174
5.43922
5.40352
5.36453
5.3222
5.27641
5.22709
5.17412
5.1174
5.05679
4.99218
4.9234
4.85031
4.77275
4.69051
4.60343
4.51131
4.41388
4.31086
4.20198
4.08688
3.96522
3.83661
3.70059
3.55669
3.40437
3.24305
3.07214
2.89158
2.70107
2.50139
2.29573
2.09313
1.9157
1.80712
1.818
1.95598
2.18824
2.48941
2.84206
3.21655
3.55725
3.84413
4.07698
4.24482
4.37181
4.48477
4.59183
4.67866
4.72086
4.70217
4.62613
4.51301
4.38653
4.26308
4.14941
4.04559
3.94885
3.85636
3.76654
3.6798
3.62533
3.56862
3.49709
3.41105
3.3114
3.21049
3.11616
3.01194
2.89792
2.77483
2.64259
2.4982
2.33433
2.14089
1.92173
1.70544
1.70911
0.268057
0.489487
0.606107
0.705076
0.791349
0.869036
0.939811
1.00498
1.06544
1.12183
1.17463
1.22422
1.27087
1.31483
1.3563
1.39543
1.43234
1.46715
1.49997
1.53086
1.5599
1.58717
1.61271
1.63656
1.6588
1.67947
1.69857
1.71615
1.73228
1.74697
1.76026
1.77218
1.78275
1.792
1.79997
1.80667
1.81215
1.81643
1.81952
1.82145
1.82225
1.82195
1.82059
1.81819
1.81477
1.81038
1.80503
1.79872
1.7915
1.78341
1.77448
1.76472
1.75419
1.74289
1.73086
1.71806
1.70451
1.6903
1.67537
1.65978
1.64353
1.62662
1.60909
1.59093
1.57217
1.55281
1.53285
1.5123
1.4912
1.46948
1.44717
1.4243
1.40084
1.3768
1.35213
1.32683
1.30089
1.2743
1.24702
1.21904
1.19029
1.16074
1.13038
1.09909
1.06681
1.0335
0.999031
0.963296
0.926164
0.887461
0.846983
0.804473
0.759602
0.711943
0.660941
0.605761
0.545523
0.477429
0.399775
0.232876
0.26312
0.382262
0.463196
0.532768
0.59286
0.647033
0.696348
0.741768
0.783927
0.823291
0.860213
0.894962
0.927758
0.958757
0.988098
1.0159
1.04225
1.06722
1.09087
1.11325
1.1344
1.15435
1.17312
1.19073
1.20719
1.2225
1.23668
1.24973
1.26163
1.27237
1.28194
1.29031
1.29746
1.30337
1.30805
1.31141
1.3134
1.31405
1.31332
1.31113
1.30742
1.30217
1.29531
1.28674
1.27641
1.26426
1.25011
1.23387
1.2155
1.19482
1.17163
1.14568
1.11683
1.08482
1.04932
1.00984
0.965879
0.916828
0.86171
0.799292
0.727695
0.643936
0.542787
0.413899
0.254221
0.356969
0.515621
0.644903
0.757268
0.85895
0.953264
1.04218
1.12696
1.20848
1.28736
1.36406
1.43894
1.51227
1.58426
1.65509
1.72492
1.79384
1.86197
1.92939
1.99618
2.06238
2.12806
2.19326
2.25802
2.32237
2.38635
2.44999
2.51331
2.57633
2.63907
2.70154
2.76377
2.82577
2.88755
2.94913
3.01051
3.07171
3.13274
3.1936
3.25431
3.31485
3.37528
3.43556
3.49573
3.55577
3.6157
3.67554
3.73526
3.7949
3.85446
3.91394
3.97335
4.03269
4.09197
4.15122
4.2104
4.26955
4.32867
4.38777
4.44685
4.50592
4.56499
4.62405
4.68314
4.74225
4.80138
4.86056
4.91978
4.97906
5.0384
5.09782
5.15732
5.21692
5.27663
5.33646
5.39641
5.45651
5.51676
5.57719
5.63779
5.69859
5.7596
5.82085
5.88234
5.94408
6.00611
6.06844
6.13109
6.19409
6.25744
6.32119
6.38536
6.44996
6.51503
6.58061
6.64672
6.7134
6.78069
6.84863
6.91726
6.98663
7.05678
7.12778
7.19967
7.27254
7.34644
7.42145
7.49764
7.57513
7.65399
7.73435
7.8163
7.89999
7.98555
8.07314
8.16293
8.25509
8.34985
8.4474
8.54801
8.6519
8.75946
8.87083
8.98665
9.10681
9.23256
9.3629
9.50077
9.64252
9.79572
9.94893
10.1226
10.2823
10.4826
10.6196
)
;
    }
    frontAndBack
    {
        type            empty;
    }
}


// ************************************************************************* //
