/*--------------------------------*- C++ -*----------------------------------*\
  =========                 |
  \\      /  F ield         | OpenFOAM: The Open Source CFD Toolbox
   \\    /   O peration     | Website:  https://openfoam.org
    \\  /    A nd           | Version:  7
     \\/     M anipulation  |
\*---------------------------------------------------------------------------*/
FoamFile
{
    version     2.0;
    format      ascii;
    class       volVectorField;
    location    "0.12";
    object      wallShearStress;
}
// * * * * * * * * * * * * * * * * * * * * * * * * * * * * * * * * * * * * * //

dimensions      [0 2 -2 0 0 0 0];

internalField   uniform (0 0 0);

boundaryField
{
    velocityInlet
    {
        type            calculated;
        value           uniform (0 0 0);
    }
    pressureOutlet
    {
        type            calculated;
        value           uniform (0 0 0);
    }
    fixedWalls
    {
        type            calculated;
        value           nonuniform List<vector> 
100
(
(-0.013919 -0.0057026 0)
(0.00391912 -0.000826133 0)
(-0.00255265 0.000757883 0)
(-0.00338733 0.000182587 0)
(-0.00387206 4.71193e-05 0)
(-0.0035867 -5.37916e-05 0)
(-0.00301088 -9.41203e-05 0)
(-0.00235856 -0.000107499 0)
(-0.00173598 -0.00010316 0)
(-0.00121985 -8.57197e-05 0)
(-0.00086189 -6.06773e-05 0)
(-0.000687156 -3.31742e-05 0)
(-0.000692909 -3.68499e-06 0)
(-0.000852812 2.1436e-05 0)
(-0.00112592 3.97648e-05 0)
(-0.00146502 5.05069e-05 0)
(-0.00182534 5.42187e-05 0)
(-0.00216991 5.23371e-05 0)
(-0.00247309 4.67105e-05 0)
(-0.00272194 3.93793e-05 0)
(-0.00291524 3.2091e-05 0)
(-0.00305616 2.51453e-05 0)
(-0.00314026 1.6701e-05 0)
(-0.00315768 5.72664e-06 0)
(-0.00311199 -4.90795e-06 0)
(-0.00303574 -1.2745e-05 0)
(-0.00302342 -7.29902e-06 0)
(-0.00328588 4.23387e-05 0)
(-0.00406569 0.000127838 0)
(-0.00527742 0.000190554 0)
(-0.00630611 0.000168828 0)
(-0.00622419 -8.28191e-06 0)
(-0.00433183 -0.000295685 0)
(-0.000994425 -0.000483994 0)
(0.00221754 -0.000427359 0)
(0.00373692 -0.000181815 0)
(0.00318507 9.65524e-05 0)
(0.00133071 0.000231715 0)
(-0.000787341 0.000233077 0)
(-0.00247078 0.000172496 0)
(-0.00351117 0.000101221 0)
(-0.00401464 4.86004e-05 0)
(-0.00417124 1.81758e-05 0)
(-0.00413624 -5.00653e-07 0)
(-0.00401327 -8.63581e-06 0)
(-0.00387047 -9.4248e-06 0)
(-0.00374392 -6.47178e-06 0)
(-0.00363424 -4.2032e-06 0)
(-0.00351277 -6.04873e-06 0)
(-0.00334382 -1.22922e-05 0)
(-0.00310712 -2.07762e-05 0)
(-0.00280498 -2.9236e-05 0)
(-0.0024558 -3.62773e-05 0)
(-0.00208763 -4.08177e-05 0)
(-0.00173771 -4.14629e-05 0)
(-0.00145627 -3.63281e-05 0)
(-0.00131278 -2.44391e-05 0)
(-0.00140383 3.26945e-06 0)
(-0.00182513 4.13684e-05 0)
(-0.00258795 7.92985e-05 0)
(-0.00358002 0.000104716 0)
(-0.00462649 0.000114676 0)
(-0.00551658 0.000106015 0)
(-0.00594983 7.33625e-05 0)
(-0.00554686 -1.95796e-05 0)
(-0.004046 -0.000149284 0)
(-0.00147559 -0.000282064 0)
(0.00147727 -0.000304746 0)
(0.0037475 -0.000233248 0)
(0.0046943 -9.03279e-05 0)
(0.00428631 4.61425e-05 0)
(0.00305546 0.000116354 0)
(0.00159793 0.000128843 0)
(0.000282903 0.000110854 0)
(-0.000736456 8.34021e-05 0)
(-0.0014501 5.66775e-05 0)
(-0.00191512 3.60561e-05 0)
(-0.00219883 2.1481e-05 0)
(-0.00236133 1.2007e-05 0)
(-0.00244841 6.23778e-06 0)
(-0.00249111 2.84933e-06 0)
(-0.00251424 1.78748e-06 0)
(-0.00253872 2.29423e-06 0)
(-0.00257419 2.55869e-06 0)
(-0.00264458 6.11758e-06 0)
(-0.00280003 1.63622e-05 0)
(-0.00302806 2.41442e-05 0)
(-0.00315935 1.58469e-05 0)
(-0.00298006 -1.52455e-05 0)
(-0.00248366 -4.09154e-05 0)
(-0.00195021 -3.97552e-05 0)
(-0.00167803 -1.50527e-05 0)
(-0.00172043 1.09556e-05 0)
(-0.00200963 2.80685e-05 0)
(-0.00224702 2.98342e-05 0)
(-0.00256366 2.53013e-05 0)
(-0.00227034 -1.03017e-06 0)
(-0.0021677 -2.06887e-05 0)
(-0.000975538 -6.6668e-05 0)
(-0.000433331 -3.29712e-05 0)
)
;
    }
    bottomWall
    {
        type            calculated;
        value           nonuniform List<vector> 
800
(
(-0.0353512 0.00216563 0)
(-0.0160364 0.000524967 0)
(-0.0105903 0.00010056 0)
(-0.00845532 3.45955e-05 0)
(-0.00749104 1.96903e-05 0)
(-0.0068551 1.60196e-05 0)
(-0.00634605 1.32197e-05 0)
(-0.00593458 1.07701e-05 0)
(-0.00559976 8.96908e-06 0)
(-0.00532085 7.6688e-06 0)
(-0.00508327 6.68329e-06 0)
(-0.00487762 5.9044e-06 0)
(-0.00469743 5.2733e-06 0)
(-0.00453795 4.75314e-06 0)
(-0.0043956 4.31835e-06 0)
(-0.0042676 3.95039e-06 0)
(-0.00415176 3.63559e-06 0)
(-0.00404634 3.36367e-06 0)
(-0.00394992 3.12677e-06 0)
(-0.00386134 2.91881e-06 0)
(-0.00377963 2.73503e-06 0)
(-0.003704 2.57162e-06 0)
(-0.00363376 2.42553e-06 0)
(-0.00356833 2.29427e-06 0)
(-0.00350722 2.17581e-06 0)
(-0.00345 2.06847e-06 0)
(-0.00339629 1.97082e-06 0)
(-0.00334578 1.88169e-06 0)
(-0.00329817 1.80008e-06 0)
(-0.00325321 1.72513e-06 0)
(-0.00321069 1.6561e-06 0)
(-0.0031704 1.59236e-06 0)
(-0.00313218 1.53335e-06 0)
(-0.00309585 1.4786e-06 0)
(-0.00306129 1.42768e-06 0)
(-0.00302835 1.38022e-06 0)
(-0.00299694 1.33588e-06 0)
(-0.00296694 1.29439e-06 0)
(-0.00293827 1.25549e-06 0)
(-0.00291083 1.21895e-06 0)
(-0.00288454 1.18457e-06 0)
(-0.00285934 1.15217e-06 0)
(-0.00283516 1.12163e-06 0)
(-0.00281195 1.09269e-06 0)
(-0.00278963 1.06546e-06 0)
(-0.00276817 1.03939e-06 0)
(-0.00274751 1.01514e-06 0)
(-0.00272762 9.91289e-07 0)
(-0.00270844 9.69842e-07 0)
(-0.00268996 9.46953e-07 0)
(-0.00267451 9.28157e-07 0)
(-0.00266175 9.17499e-07 0)
(-0.00264916 9.03878e-07 0)
(-0.00263676 8.89318e-07 0)
(-0.00262455 8.75665e-07 0)
(-0.00261252 8.62675e-07 0)
(-0.00260067 8.49991e-07 0)
(-0.00258899 8.3757e-07 0)
(-0.00257748 8.25442e-07 0)
(-0.00256613 8.13601e-07 0)
(-0.00255495 8.02032e-07 0)
(-0.00254392 7.90721e-07 0)
(-0.00253305 7.7966e-07 0)
(-0.00252232 7.68839e-07 0)
(-0.00251175 7.58253e-07 0)
(-0.00250132 7.47891e-07 0)
(-0.00249102 7.37748e-07 0)
(-0.00248087 7.27817e-07 0)
(-0.00247085 7.1809e-07 0)
(-0.00246097 7.08563e-07 0)
(-0.00245121 6.99229e-07 0)
(-0.00244158 6.90082e-07 0)
(-0.00243207 6.81117e-07 0)
(-0.00242269 6.72327e-07 0)
(-0.00241343 6.63709e-07 0)
(-0.00240428 6.55257e-07 0)
(-0.00239525 6.46966e-07 0)
(-0.00238633 6.38832e-07 0)
(-0.00237752 6.30851e-07 0)
(-0.00236883 6.23017e-07 0)
(-0.00236023 6.15328e-07 0)
(-0.00235175 6.0778e-07 0)
(-0.00234336 6.00369e-07 0)
(-0.00233508 5.93092e-07 0)
(-0.00232689 5.85946e-07 0)
(-0.0023188 5.78926e-07 0)
(-0.00231081 5.72032e-07 0)
(-0.00230291 5.65259e-07 0)
(-0.00229511 5.58604e-07 0)
(-0.00228739 5.52065e-07 0)
(-0.00227977 5.45639e-07 0)
(-0.00227223 5.39323e-07 0)
(-0.00226477 5.33115e-07 0)
(-0.00225741 5.27011e-07 0)
(-0.00225012 5.21011e-07 0)
(-0.00224292 5.15109e-07 0)
(-0.0022358 5.09305e-07 0)
(-0.00222875 5.03593e-07 0)
(-0.00222179 4.97974e-07 0)
(-0.0022149 4.92444e-07 0)
(-0.00220809 4.87e-07 0)
(-0.00220135 4.8164e-07 0)
(-0.00219468 4.76362e-07 0)
(-0.00218809 4.71163e-07 0)
(-0.00218156 4.66042e-07 0)
(-0.00217511 4.60995e-07 0)
(-0.00216873 4.56022e-07 0)
(-0.00216241 4.51119e-07 0)
(-0.00215616 4.46287e-07 0)
(-0.00214998 4.41522e-07 0)
(-0.00214386 4.36826e-07 0)
(-0.00213781 4.32194e-07 0)
(-0.00213182 4.27628e-07 0)
(-0.00212589 4.23125e-07 0)
(-0.00212002 4.18686e-07 0)
(-0.00211421 4.14308e-07 0)
(-0.00210847 4.09992e-07 0)
(-0.00210278 4.05736e-07 0)
(-0.00209715 4.0154e-07 0)
(-0.00209158 3.97403e-07 0)
(-0.00208606 3.93325e-07 0)
(-0.0020806 3.89303e-07 0)
(-0.00207519 3.85339e-07 0)
(-0.00206984 3.8143e-07 0)
(-0.00206454 3.77577e-07 0)
(-0.00205929 3.73777e-07 0)
(-0.0020541 3.70034e-07 0)
(-0.00204895 3.66345e-07 0)
(-0.00204386 3.62708e-07 0)
(-0.00203882 3.5912e-07 0)
(-0.00203382 3.55583e-07 0)
(-0.00202887 3.52096e-07 0)
(-0.00202397 3.48661e-07 0)
(-0.00201912 3.45269e-07 0)
(-0.00201431 3.41925e-07 0)
(-0.00200955 3.38625e-07 0)
(-0.00200484 3.35376e-07 0)
(-0.00200016 3.32169e-07 0)
(-0.00199554 3.29014e-07 0)
(-0.00199095 3.25894e-07 0)
(-0.00198641 3.22829e-07 0)
(-0.00198191 3.19789e-07 0)
(-0.00197745 3.16819e-07 0)
(-0.00197303 3.13847e-07 0)
(-0.00196865 3.10978e-07 0)
(-0.00196431 3.08054e-07 0)
(-0.00196001 3.05303e-07 0)
(-0.00195576 3.02395e-07 0)
(-0.00195153 2.99751e-07 0)
(-0.00194735 2.96769e-07 0)
(-0.00194384 2.9413e-07 0)
(-0.00194098 2.92759e-07 0)
(-0.00193811 2.91089e-07 0)
(-0.00193524 2.89158e-07 0)
(-0.00193236 2.87277e-07 0)
(-0.00192949 2.85403e-07 0)
(-0.00192661 2.83597e-07 0)
(-0.00192373 2.81766e-07 0)
(-0.00192085 2.79938e-07 0)
(-0.00191797 2.78124e-07 0)
(-0.00191508 2.76309e-07 0)
(-0.0019122 2.74506e-07 0)
(-0.00190931 2.7275e-07 0)
(-0.00190642 2.70949e-07 0)
(-0.00190353 2.69196e-07 0)
(-0.00190064 2.67423e-07 0)
(-0.00189775 2.65665e-07 0)
(-0.00189485 2.63909e-07 0)
(-0.00189195 2.62163e-07 0)
(-0.00188906 2.60434e-07 0)
(-0.00188616 2.58702e-07 0)
(-0.00188326 2.56985e-07 0)
(-0.00188035 2.55302e-07 0)
(-0.00187745 2.53585e-07 0)
(-0.00187455 2.51917e-07 0)
(-0.00187164 2.50233e-07 0)
(-0.00186874 2.48552e-07 0)
(-0.00186583 2.46895e-07 0)
(-0.00186292 2.45234e-07 0)
(-0.00186001 2.43593e-07 0)
(-0.0018571 2.41987e-07 0)
(-0.00185419 2.40352e-07 0)
(-0.00185128 2.38757e-07 0)
(-0.00184837 2.37157e-07 0)
(-0.00184545 2.35568e-07 0)
(-0.00184254 2.34009e-07 0)
(-0.00183962 2.32442e-07 0)
(-0.0018367 2.30893e-07 0)
(-0.00183379 2.29383e-07 0)
(-0.00183087 2.27839e-07 0)
(-0.00182795 2.26356e-07 0)
(-0.00182503 2.24851e-07 0)
(-0.0018221 2.2336e-07 0)
(-0.00181918 2.21892e-07 0)
(-0.00181626 2.20442e-07 0)
(-0.00181333 2.19017e-07 0)
(-0.0018104 2.17576e-07 0)
(-0.00180748 2.16176e-07 0)
(-0.00180455 2.14819e-07 0)
(-0.00180162 2.13427e-07 0)
(-0.00179868 2.12086e-07 0)
(-0.00179575 2.1074e-07 0)
(-0.00179281 2.09412e-07 0)
(-0.00178988 2.08121e-07 0)
(-0.00178694 2.06826e-07 0)
(-0.001784 2.05564e-07 0)
(-0.00178105 2.04344e-07 0)
(-0.00177811 2.03092e-07 0)
(-0.00177516 2.01913e-07 0)
(-0.00177221 2.00706e-07 0)
(-0.00176926 1.99522e-07 0)
(-0.0017663 1.9837e-07 0)
(-0.00176335 1.97207e-07 0)
(-0.00176039 1.96114e-07 0)
(-0.00175742 1.95081e-07 0)
(-0.00175446 1.93972e-07 0)
(-0.00175149 1.92934e-07 0)
(-0.00174851 1.9188e-07 0)
(-0.00174553 1.90879e-07 0)
(-0.00174255 1.89877e-07 0)
(-0.00173957 1.88898e-07 0)
(-0.00173658 1.87959e-07 0)
(-0.00173358 1.87009e-07 0)
(-0.00173058 1.86148e-07 0)
(-0.00172758 1.85314e-07 0)
(-0.00172457 1.84455e-07 0)
(-0.00172155 1.83627e-07 0)
(-0.00171853 1.82847e-07 0)
(-0.0017155 1.8201e-07 0)
(-0.00171246 1.81407e-07 0)
(-0.00170943 1.80456e-07 0)
(-0.00170637 1.80137e-07 0)
(-0.00170332 1.79096e-07 0)
(-0.00170024 1.79255e-07 0)
(-0.00169718 1.7748e-07 0)
(-0.00169406 1.78875e-07 0)
(-0.00169102 1.75415e-07 0)
(-0.00168783 1.7968e-07 0)
(-0.00168483 1.72203e-07 0)
(-0.00168152 1.82848e-07 0)
(-0.00167863 1.6619e-07 0)
(-0.00167508 1.90852e-07 0)
(-0.00167246 1.53889e-07 0)
(-0.00166845 2.08481e-07 0)
(-0.00166637 1.28918e-07 0)
(-0.00166154 2.43781e-07 0)
(-0.00166042 8.13885e-08 0)
(-0.00165433 3.057e-07 0)
(-0.0016546 6.07219e-09 0)
(-0.00164684 3.36868e-07 0)
(-0.0353512 -0.00216563 0)
(-0.0160362 -0.000524969 0)
(-0.0105903 -0.000100557 0)
(-0.00845553 -3.45907e-05 0)
(-0.00749161 -1.96842e-05 0)
(-0.00685606 -1.60135e-05 0)
(-0.00634737 -1.32145e-05 0)
(-0.00593621 -1.07667e-05 0)
(-0.00560161 -8.9679e-06 0)
(-0.00532282 -7.67038e-06 0)
(-0.00508526 -6.68799e-06 0)
(-0.00487951 -5.91246e-06 0)
(-0.0046991 -5.28478e-06 0)
(-0.0045393 -4.76798e-06 0)
(-0.00439653 -4.33639e-06 0)
(-0.00426802 -3.97144e-06 0)
(-0.00415159 -3.65942e-06 0)
(-0.0040455 -3.39004e-06 0)
(-0.00394835 -3.15546e-06 0)
(-0.00385898 -2.9496e-06 0)
(-0.00377644 -2.76767e-06 0)
(-0.00369993 -2.60582e-06 0)
(-0.00362879 -2.46098e-06 0)
(-0.00356244 -2.33057e-06 0)
(-0.0035004 -2.2125e-06 0)
(-0.00344226 -2.10498e-06 0)
(-0.00338766 -2.00651e-06 0)
(-0.00333628 -1.91584e-06 0)
(-0.00328788 -1.83175e-06 0)
(-0.00324221 -1.75345e-06 0)
(-0.00319908 -1.67974e-06 0)
(-0.0031583 -1.61035e-06 0)
(-0.00311975 -1.54365e-06 0)
(-0.00308329 -1.48035e-06 0)
(-0.00304882 -1.4176e-06 0)
(-0.00301625 -1.35792e-06 0)
(-0.00298551 -1.29615e-06 0)
(-0.00295662 -1.23741e-06 0)
(-0.00292935 -1.1742e-06 0)
(-0.00290415 -1.11167e-06 0)
(-0.00288007 -1.04827e-06 0)
(-0.0028591 -9.68498e-07 0)
(-0.00283752 -9.21287e-07 0)
(-0.00282251 -7.79719e-07 0)
(-0.0028013 -8.19336e-07 0)
(-0.00279714 -4.64722e-07 0)
(-0.00276971 -8.76095e-07 0)
(-0.00278867 4.52456e-07 0)
(-0.00274538 -6.30113e-06 0)
(-0.00261498 0.000187401 0)
(1.57689e-05 -5.64008e-06 0)
(1.35417e-05 -1.84734e-05 0)
(1.25677e-05 -2.61877e-05 0)
(1.3012e-05 -3.55225e-05 0)
(1.49929e-05 -4.86734e-05 0)
(1.88428e-05 -6.81466e-05 0)
(2.36791e-05 -9.55867e-05 0)
(2.88118e-05 -0.000130962 0)
(3.34475e-05 -0.000173464 0)
(3.70093e-05 -0.000221362 0)
(3.92429e-05 -0.000272674 0)
(4.00162e-05 -0.000325472 0)
(3.94333e-05 -0.000377767 0)
(3.75007e-05 -0.000427924 0)
(3.43041e-05 -0.000474394 0)
(2.98192e-05 -0.00051571 0)
(2.40955e-05 -0.000550602 0)
(1.70225e-05 -0.00057763 0)
(8.59887e-06 -0.000595369 0)
(-1.3512e-06 -0.000602356 0)
(-1.29094e-05 -0.000597272 0)
(-2.58975e-05 -0.000578662 0)
(-4.04199e-05 -0.000545577 0)
(-5.65443e-05 -0.000496669 0)
(-7.4297e-05 -0.00043054 0)
(-9.39387e-05 -0.000346845 0)
(-0.000114614 -0.00024538 0)
(-0.000136855 -0.000126116 0)
(-0.000158289 1.50968e-05 0)
(-0.000171828 0.000171316 0)
(-0.00017662 0.000330894 0)
(-0.00017146 0.000487855 0)
(-0.000154205 0.000630736 0)
(-0.00012526 0.000747621 0)
(-8.72701e-05 0.000829444 0)
(-4.35346e-05 0.000870891 0)
(2.37089e-06 0.000869138 0)
(4.74332e-05 0.000824726 0)
(8.98735e-05 0.000740433 0)
(0.000128453 0.00062075 0)
(0.000162383 0.000471656 0)
(0.000192746 0.000298113 0)
(0.000216386 9.66249e-05 0)
(0.000226169 -0.000121839 0)
(0.00022716 -0.000340256 0)
(0.000222251 -0.000557167 0)
(0.000210969 -0.000769557 0)
(0.000192945 -0.000972391 0)
(0.000168317 -0.00116071 0)
(0.000137564 -0.00133014 0)
(0.000101185 -0.00147716 0)
(5.87214e-05 -0.001599 0)
(8.05548e-06 -0.00169243 0)
(-5.25159e-05 -0.00175214 0)
(-0.000120098 -0.00177193 0)
(-0.000188286 -0.00174917 0)
(-0.00025022 -0.00168396 0)
(-0.00029898 -0.00157671 0)
(-0.000322896 -0.00143271 0)
(-0.000311941 -0.00126439 0)
(-0.00026324 -0.0010895 0)
(-0.000184152 -0.000926577 0)
(-9.02432e-05 -0.000789537 0)
(-4.01309e-07 -0.000684618 0)
(7.01752e-05 -0.000610466 0)
(0.000112039 -0.000562669 0)
(0.000117433 -0.000534358 0)
(8.21179e-05 -0.000511671 0)
(2.11035e-05 -0.000475565 0)
(-2.81556e-05 -0.000418953 0)
(-3.4486e-05 -0.000356694 0)
(5.93584e-07 -0.000308411 0)
(5.55356e-05 -0.000281466 0)
(0.00010718 -0.000272625 0)
(0.000138783 -0.000276927 0)
(0.000141456 -0.000287809 0)
(0.000113675 -0.000297065 0)
(6.03193e-05 -0.00029566 0)
(-6.19119e-06 -0.000275264 0)
(-6.8219e-05 -0.000235035 0)
(-0.00011177 -0.000183061 0)
(-0.000134422 -0.000128865 0)
(-0.000141562 -7.59255e-05 0)
(-0.000139226 -2.29795e-05 0)
(-0.000130817 3.15605e-05 0)
(-0.000117853 8.7334e-05 0)
(-0.000101201 0.000141909 0)
(-8.28029e-05 0.000192116 0)
(-6.59124e-05 0.000235826 0)
(-5.36502e-05 0.000273429 0)
(-4.67764e-05 0.000306899 0)
(-4.36319e-05 0.000337623 0)
(-4.18249e-05 0.000365569 0)
(-3.9547e-05 0.000389916 0)
(-3.59205e-05 0.000409751 0)
(-3.10439e-05 0.000424551 0)
(-2.56834e-05 0.000434634 0)
(-2.05265e-05 0.000441135 0)
(-1.55761e-05 0.000445266 0)
(-1.05755e-05 0.000447706 0)
(-5.4774e-06 0.000448657 0)
(-5.11916e-07 0.000448229 0)
(3.90947e-06 0.000446576 0)
(7.34174e-06 0.000443979 0)
(9.50026e-06 0.000440912 0)
(1.03968e-05 0.000437834 0)
(1.0196e-05 0.000435075 0)
(9.12095e-06 0.000432852 0)
(7.39131e-06 0.000431318 0)
(5.22973e-06 0.000430559 0)
(2.80743e-06 0.000430589 0)
(2.44092e-07 0.000431398 0)
(-2.36582e-06 0.000432961 0)
(-4.94159e-06 0.000435227 0)
(-7.41269e-06 0.000438125 0)
(-9.71358e-06 0.00044157 0)
(-1.17865e-05 0.000445459 0)
(-1.35844e-05 0.000449686 0)
(-1.50783e-05 0.000454138 0)
(-1.6258e-05 0.000458711 0)
(-1.71307e-05 0.000463312 0)
(-1.77178e-05 0.000467863 0)
(-1.80514e-05 0.000472302 0)
(-1.81705e-05 0.000476583 0)
(-1.81174e-05 0.000480679 0)
(-1.79343e-05 0.000484574 0)
(-1.76602e-05 0.000488268 0)
(-1.73296e-05 0.000491767 0)
(-1.69707e-05 0.000495087 0)
(-1.66054e-05 0.000498245 0)
(-1.62489e-05 0.00050126 0)
(-1.59098e-05 0.000504151 0)
(-1.55914e-05 0.000506934 0)
(-1.52927e-05 0.000509618 0)
(-1.50096e-05 0.000512211 0)
(-1.47359e-05 0.000514714 0)
(-1.44638e-05 0.000517124 0)
(-1.41844e-05 0.000519432 0)
(-1.38875e-05 0.000521627 0)
(-1.35615e-05 0.000523692 0)
(-1.31932e-05 0.000525608 0)
(-1.27686e-05 0.00052735 0)
(-1.22711e-05 0.000528892 0)
(-1.16814e-05 0.000530205 0)
(-1.0978e-05 0.000531252 0)
(-1.01354e-05 0.000531996 0)
(-9.1323e-06 0.000532391 0)
(-7.95145e-06 0.000532394 0)
(-6.56364e-06 0.000531966 0)
(-4.93615e-06 0.000531054 0)
(-3.04706e-06 0.000529602 0)
(-8.72254e-07 0.000527557 0)
(1.61017e-06 0.000524861 0)
(4.41925e-06 0.000521456 0)
(7.57056e-06 0.000517283 0)
(1.10757e-05 0.000512285 0)
(1.49421e-05 0.000506407 0)
(1.91722e-05 0.000499593 0)
(2.37638e-05 0.000491794 0)
(2.87092e-05 0.000482963 0)
(3.39961e-05 0.000473056 0)
(3.96066e-05 0.000462036 0)
(4.55178e-05 0.000449871 0)
(5.17011e-05 0.000436535 0)
(5.81227e-05 0.000422011 0)
(6.47432e-05 0.000406285 0)
(7.15175e-05 0.000389356 0)
(7.83952e-05 0.000371229 0)
(8.53202e-05 0.000351917 0)
(9.22308e-05 0.000331446 0)
(9.906e-05 0.00030985 0)
(0.000105735 0.000287175 0)
(0.00011218 0.000263477 0)
(0.000118313 0.000238826 0)
(0.000124048 0.000213303 0)
(0.000129298 0.000187006 0)
(0.000133972 0.000160046 0)
(0.000137984 0.000132553 0)
(0.000141245 0.000104674 0)
(0.000143678 7.65778e-05 0)
(0.000145212 4.84489e-05 0)
(0.00014579 2.04892e-05 0)
(0.000145371 -7.08727e-06 0)
(0.000143932 -3.40591e-05 0)
(0.000141469 -6.02049e-05 0)
(0.000137996 -8.5314e-05 0)
(0.000133536 -0.000109198 0)
(0.000128111 -0.000131706 0)
(0.000121719 -0.00015275 0)
(0.000114299 -0.000172353 0)
(0.000105656 -0.000190738 0)
(9.5334e-05 -0.000208489 0)
(8.23797e-05 -0.0002269 0)
(6.49113e-05 -0.000248653 0)
(3.92893e-05 -0.000279135 0)
(-1.51288e-06 -0.000328469 0)
(-7.13495e-05 -0.000414589 0)
(-0.000197463 -0.000565626 0)
(-0.000415809 -0.000809649 0)
(-0.000729211 -0.0011405 0)
(3.99414e-06 -1.30157e-05 0)
(1.12113e-05 -3.27485e-06 0)
(5.33616e-06 -1.15935e-07 0)
(1.4205e-06 -1.63145e-07 0)
(-2.2077e-06 2.72795e-07 0)
(-5.8806e-06 1.59744e-06 0)
(-1.1061e-05 4.23609e-06 0)
(-1.89482e-05 8.17326e-06 0)
(-3.09115e-05 1.32069e-05 0)
(-4.78665e-05 1.86714e-05 0)
(-6.98749e-05 2.38867e-05 0)
(-9.67685e-05 2.8116e-05 0)
(-0.000127657 3.00878e-05 0)
(-0.000160308 2.83079e-05 0)
(-0.000191394 2.19626e-05 0)
(-0.000217063 1.07468e-05 0)
(-0.000233041 -6.05493e-06 0)
(-0.000233972 -2.88803e-05 0)
(-0.000213894 -5.76359e-05 0)
(-0.000168103 -9.00651e-05 0)
(-9.38182e-05 -0.00012218 0)
(1.00802e-05 -0.000145824 0)
(0.000133166 -0.000147679 0)
(0.000249991 -0.000117124 0)
(0.000337202 -6.00545e-05 0)
(0.000383367 5.86905e-06 0)
(0.000397373 5.4751e-05 0)
(0.000398535 7.04015e-05 0)
(0.000398868 5.37751e-05 0)
(0.000400814 2.30843e-05 0)
(0.000398772 9.3353e-06 0)
(0.000381434 3.63779e-05 0)
(0.000343492 0.000101902 0)
(0.00029942 0.000180793 0)
(0.00027297 0.000241573 0)
(0.000270439 0.000250845 0)
(0.000285619 0.00017979 0)
(0.000346682 2.81087e-06 0)
(0.000483927 -0.000264282 0)
(0.000751324 -0.000500975 0)
(0.0011281 -0.000540828 0)
(0.0013965 -0.000334615 0)
(0.00144023 -0.000123534 0)
(0.00142407 -6.8916e-05 0)
(0.00144077 -6.86833e-05 0)
(0.00145337 -3.91175e-05 0)
(0.00143413 -5.68153e-06 0)
(0.00140077 1.00835e-05 0)
(0.00136364 2.03655e-05 0)
(0.00131953 3.11661e-05 0)
(0.00126831 4.02279e-05 0)
(0.0012117 4.79441e-05 0)
(0.00114977 5.55131e-05 0)
(0.00108225 6.30591e-05 0)
(0.00100917 7.05202e-05 0)
(0.000930577 7.78621e-05 0)
(0.00084662 8.49833e-05 0)
(0.00075757 9.17915e-05 0)
(0.000663787 9.82697e-05 0)
(0.000565641 0.000104544 0)
(0.000463381 0.00011094 0)
(0.000356999 0.000118027 0)
(0.000246022 0.000126696 0)
(0.000128707 0.000138304 0)
(2.29211e-07 0.000153978 0)
(-0.00014259 0.000171239 0)
(-0.000297815 0.000192343 0)
(-0.000472226 0.000219446 0)
(-0.000673908 0.000252453 0)
(-0.000906946 0.000286038 0)
(-0.0011692 0.000313618 0)
(-0.00145279 0.000325555 0)
(-0.00174404 0.000310822 0)
(-0.00201635 0.000258848 0)
(-0.00223654 0.000165409 0)
(-0.00237184 3.13924e-05 0)
(-0.00239651 -0.000141123 0)
(-0.00228471 -0.000344122 0)
(-0.00201213 -0.000565466 0)
(-0.0015779 -0.000776482 0)
(-0.000921061 -0.000937558 0)
(-7.71226e-05 -0.000736275 0)
(0.00042244 -0.000169631 0)
(0.000499292 7.75918e-05 0)
(0.000495103 7.28047e-05 0)
(0.000476873 8.24347e-05 0)
(0.000433048 7.48615e-05 0)
(0.00040679 3.13093e-05 0)
(0.000422897 -2.7062e-05 0)
(0.000480997 -6.85247e-05 0)
(0.000539605 -5.19523e-05 0)
(0.000538223 1.92207e-05 0)
(0.00046182 9.35983e-05 0)
(0.000341479 0.000136076 0)
(0.000204434 0.000147452 0)
(7.01986e-05 0.000129188 0)
(-4.02111e-05 8.35434e-05 0)
(-9.53078e-05 1.11529e-05 0)
(-7.32373e-05 -4.5395e-05 0)
(8.9239e-07 -5.00503e-05 0)
(-4.15981e-05 -2.68061e-05 0)
(-1.6809e-05 -9.9341e-05 0)
(2.33781e-05 -0.000100916 0)
(3.53194e-05 -4.50653e-05 0)
(3.22647e-05 1.94909e-05 0)
(2.87178e-05 8.71041e-05 0)
(3.38197e-05 0.000160465 0)
(5.23871e-05 0.000248374 0)
(6.85858e-05 0.000345071 0)
(5.63812e-05 0.000421213 0)
(1.60271e-05 0.000445692 0)
(-3.57494e-05 0.000407647 0)
(-9.12998e-05 0.00030549 0)
(-0.000147191 0.000140439 0)
(-0.000189882 -8.85517e-05 0)
(-0.000202576 -0.000341631 0)
(-0.000199801 -0.00058607 0)
(-0.000199451 -0.000822418 0)
(-0.000201362 -0.00105867 0)
(-0.000197693 -0.00129628 0)
(-0.000179885 -0.0015268 0)
(-0.00014086 -0.00173196 0)
(-7.84891e-05 -0.00188756 0)
(4.83078e-06 -0.00196939 0)
(0.000101496 -0.00195934 0)
(0.000198267 -0.00184985 0)
(0.000283707 -0.00165082 0)
(0.000352079 -0.00137509 0)
(0.000393228 -0.00103764 0)
(0.000395677 -0.000666878 0)
(0.00036668 -0.000300695 0)
(0.000324181 4.06788e-05 0)
(0.000262169 0.000345454 0)
(0.000173953 0.000573277 0)
(7.5755e-05 0.000708267 0)
(-3.09957e-05 0.000770116 0)
(-0.000145781 0.000746829 0)
(-0.000236896 0.000640219 0)
(-0.000274752 0.000492314 0)
(-0.000261069 0.000350324 0)
(-0.000226614 0.000235015 0)
(-0.000194132 0.000150481 0)
(-0.000175302 0.000108573 0)
(-0.000182378 0.000112999 0)
(-0.000209606 0.000131263 0)
(-0.000226159 0.000130684 0)
(-0.000193015 0.000128018 0)
(-8.89411e-05 0.000157539 0)
(7.53436e-05 0.000245946 0)
(0.000239185 0.000410721 0)
(0.000312561 0.000638143 0)
(0.000250822 0.000845568 0)
(0.000154538 0.000964429 0)
(0.000133891 0.00103891 0)
(0.000148948 0.00113308 0)
(0.000139429 0.00123488 0)
(0.000125035 0.00131665 0)
(0.000121123 0.00138674 0)
(0.00011212 0.00145027 0)
(9.7515e-05 0.00149688 0)
(8.20759e-05 0.00152287 0)
(6.13286e-05 0.00152534 0)
(3.78848e-05 0.00149709 0)
(2.03598e-05 0.00143728 0)
(1.8949e-05 0.00135256 0)
(4.34319e-05 0.00125811 0)
(8.7343e-05 0.0011777 0)
(0.000110725 0.00112073 0)
(7.50636e-05 0.00106394 0)
(-7.17616e-06 0.000983638 0)
(-9.36742e-05 0.0009049 0)
(-0.000174134 0.000890727 0)
(-0.000282953 0.000949634 0)
(-0.000417697 0.00101235 0)
(-0.000517527 0.00102949 0)
(-0.000540865 0.00101471 0)
(-0.000478788 0.000998488 0)
(-0.000317778 0.00099971 0)
(-3.71465e-06 0.00107579 0)
(0.000532551 0.00125145 0)
(0.000962198 0.00146412 0)
(0.00106416 0.00204227 0)
(0.000623417 0.00257024 0)
(4.97127e-05 0.00252681 0)
(-0.000118128 0.00232337 0)
(-7.53707e-05 0.00233126 0)
(-0.000125847 0.00244804 0)
(-0.000196719 0.00250328 0)
(-0.000148202 0.00255445 0)
(-3.14993e-05 0.00268101 0)
(0.000124856 0.00284833 0)
(0.000378594 0.00305813 0)
(0.000712502 0.00335883 0)
(0.00103233 0.00377397 0)
(0.00123634 0.00431054 0)
(0.00124399 0.00487843 0)
(0.00110815 0.00534114 0)
(0.000985086 0.00566588 0)
(0.000957274 0.0059562 0)
(0.000984337 0.00628058 0)
(0.00100567 0.00662995 0)
(0.00100141 0.0069763 0)
(0.00096577 0.00730915 0)
(0.000889393 0.00761613 0)
(0.000779682 0.00787649 0)
(0.000659123 0.0080825 0)
(0.000546333 0.00824227 0)
(0.000450841 0.00836786 0)
(0.000375624 0.00847014 0)
(0.000318874 0.0085577 0)
(0.00027631 0.00863592 0)
(0.000243393 0.00870754 0)
(0.000215912 0.00877366 0)
(0.000190351 0.00883396 0)
(0.000164331 0.00888728 0)
(0.000136401 0.00893227 0)
(0.000105722 0.00896756 0)
(7.19889e-05 0.0089917 0)
(3.54386e-05 0.0090034 0)
(-2.69755e-06 0.00900181 0)
(-4.21375e-05 0.00898777 0)
(-8.29929e-05 0.00896051 0)
(-0.000124644 0.00892023 0)
(-0.000166864 0.00886689 0)
(-0.000209265 0.00880074 0)
(-0.00025151 0.00872205 0)
(-0.000293242 0.00863133 0)
(-0.000334215 0.0085291 0)
(-0.000374112 0.00841591 0)
(-0.000412657 0.00829249 0)
(-0.000449647 0.00815957 0)
(-0.000484877 0.0080179 0)
(-0.000518177 0.00786828 0)
(-0.000549417 0.00771153 0)
(-0.000578498 0.00754844 0)
(-0.000605339 0.0073798 0)
(-0.00062989 0.00720641 0)
(-0.00065212 0.00702902 0)
(-0.000672018 0.00684835 0)
(-0.000689588 0.0066651 0)
(-0.000704855 0.00647993 0)
(-0.000717859 0.00629348 0)
(-0.000728658 0.00610634 0)
(-0.000737334 0.00591907 0)
(-0.000743992 0.00573219 0)
(-0.000748762 0.00554618 0)
(-0.000751808 0.0053615 0)
(-0.000753325 0.00517854 0)
(-0.000753546 0.00499767 0)
(-0.000752736 0.0048192 0)
(-0.000751193 0.00464336 0)
(-0.000749241 0.00447037 0)
(-0.000747223 0.00430033 0)
(-0.000745487 0.00413331 0)
(-0.000744373 0.00396926 0)
(-0.000744198 0.00380811 0)
(-0.000745238 0.00364968 0)
(-0.000747716 0.00349375 0)
(-0.000751791 0.00334004 0)
(-0.000757553 0.00318827 0)
(-0.000765021 0.0030381 0)
(-0.000774157 0.00288924 0)
(-0.000784875 0.00274139 0)
(-0.000797056 0.00259429 0)
(-0.000810577 0.00244774 0)
(-0.000825333 0.00230155 0)
(-0.000841262 0.00215559 0)
(-0.000858355 0.00200972 0)
(-0.000876657 0.00186383 0)
(-0.000896275 0.00171776 0)
(-0.000917369 0.0015713 0)
(-0.000940137 0.00142417 0)
(-0.000964787 0.00127599 0)
(-0.00099151 0.00112631 0)
(-0.00102045 0.000974588 0)
(-0.00105169 0.000820331 0)
(-0.00108531 0.000663127 0)
(-0.00112138 0.000502728 0)
(-0.00115999 0.000339067 0)
(-0.0012013 0.000172279 0)
(-0.00124629 2.59415e-06 0)
(-0.00129584 -0.000170257 0)
(-0.0013501 -0.000346349 0)
(-0.00141007 -0.000525614 0)
(-0.0014772 -0.000708549 0)
(-0.00155243 -0.000895753 0)
(-0.00163681 -0.00108787 0)
(-0.00173155 -0.00128556 0)
(-0.001838 -0.0014896 0)
(-0.00195763 -0.00170074 0)
(-0.002092 -0.00192019 0)
(-0.00224279 -0.00214751 0)
(-0.00241243 -0.00238886 0)
(-0.00260048 -0.00263025 0)
(-0.0028169 -0.00291181 0)
(-0.00304221 -0.00314334 0)
(-0.00332715 -0.00352738 0)
(-0.00355009 -0.00363783 0)
(-0.0039289 -0.0043346 0)
(-0.00384548 -0.00385483 0)
)
;
    }
    frontAndBack
    {
        type            empty;
    }
}


// ************************************************************************* //
