/*--------------------------------*- C++ -*----------------------------------*\
  =========                 |
  \\      /  F ield         | OpenFOAM: The Open Source CFD Toolbox
   \\    /   O peration     | Website:  https://openfoam.org
    \\  /    A nd           | Version:  7
     \\/     M anipulation  |
\*---------------------------------------------------------------------------*/
FoamFile
{
    version     2.0;
    format      ascii;
    class       volVectorField;
    location    "0.22";
    object      wallShearStress;
}
// * * * * * * * * * * * * * * * * * * * * * * * * * * * * * * * * * * * * * //

dimensions      [0 2 -2 0 0 0 0];

internalField   uniform (0 0 0);

boundaryField
{
    velocityInlet
    {
        type            calculated;
        value           uniform (0 0 0);
    }
    pressureOutlet
    {
        type            calculated;
        value           uniform (0 0 0);
    }
    fixedWalls
    {
        type            calculated;
        value           nonuniform List<vector> 
100
(
(-0.0182218 -0.00857154 0)
(0.0108011 -0.00115895 0)
(-0.00126488 0.000787998 0)
(0.00155665 3.21999e-06 0)
(-0.000261533 3.95092e-05 0)
(0.00131047 -0.00014277 0)
(0.002157 -0.000238677 0)
(0.00378322 -0.000237916 0)
(0.00460352 -0.000155638 0)
(0.00492753 -3.42159e-05 0)
(0.00456676 3.84491e-05 0)
(0.0039844 6.89501e-05 0)
(0.00307957 0.000123715 0)
(0.00129116 0.000290718 0)
(-0.00171733 0.000414446 0)
(-0.00490656 0.000385168 0)
(-0.00730013 0.000276383 0)
(-0.00884209 0.000242043 0)
(-0.00910932 9.77267e-05 0)
(-0.00666956 -0.000370835 0)
(-0.00126531 -0.000827816 0)
(0.00525389 -0.00101661 0)
(0.0106714 -0.0008858 0)
(0.0135226 -0.000467391 0)
(0.0126504 0.000129621 0)
(0.00714724 0.000803288 0)
(-0.00212192 0.00104227 0)
(-0.00944519 0.000566246 0)
(-0.0113668 3.53111e-05 0)
(-0.0112098 4.76186e-05 0)
(-0.0131356 0.000462168 0)
(-0.0159873 0.000562038 0)
(-0.0142712 -0.000287907 0)
(-0.00532685 -0.00153272 0)
(0.00726899 -0.00181332 0)
(0.0162035 -0.00129695 0)
(0.0192721 -0.000415466 0)
(0.0170092 0.000317896 0)
(0.0114931 0.00068894 0)
(0.00507338 0.000694025 0)
(-0.000467419 0.000540669 0)
(-0.0043309 0.000331625 0)
(-0.00649865 0.000160518 0)
(-0.00735367 5.25729e-05 0)
(-0.0073885 -6.29903e-06 0)
(-0.0070066 -3.41508e-05 0)
(-0.00647147 -4.24492e-05 0)
(-0.00592369 -4.19361e-05 0)
(-0.00542317 -3.82599e-05 0)
(-0.00498931 -3.33727e-05 0)
(-0.00462866 -2.72873e-05 0)
(-0.00434316 -2.02698e-05 0)
(-0.0041232 -1.40266e-05 0)
(-0.00394126 -1.09872e-05 0)
(-0.00375831 -1.25554e-05 0)
(-0.00354032 -1.78986e-05 0)
(-0.00327581 -2.41229e-05 0)
(-0.00298419 -2.77803e-05 0)
(-0.00271479 -2.58726e-05 0)
(-0.00255122 -1.40449e-05 0)
(-0.00259369 9.52626e-06 0)
(-0.00284273 3.14968e-05 0)
(-0.0030843 3.01699e-05 0)
(-0.00298861 -8.00977e-06 0)
(-0.00237875 -6.2261e-05 0)
(-0.00146007 -8.96266e-05 0)
(-0.000674789 -7.15885e-05 0)
(-0.00033939 -2.71319e-05 0)
(-0.000477378 1.39047e-05 0)
(-0.000888458 3.67303e-05 0)
(-0.00135534 4.04577e-05 0)
(-0.00174972 3.31946e-05 0)
(-0.00202481 2.3093e-05 0)
(-0.00217992 1.33711e-05 0)
(-0.00222905 5.45712e-06 0)
(-0.00218524 -2.87295e-06 0)
(-0.00205854 -1.06601e-05 0)
(-0.00186105 -1.78144e-05 0)
(-0.00161446 -2.31534e-05 0)
(-0.00135486 -2.49859e-05 0)
(-0.00112979 -2.19158e-05 0)
(-0.000986506 -1.44235e-05 0)
(-0.000958117 -4.60261e-06 0)
(-0.00105534 6.38433e-06 0)
(-0.00127115 1.65466e-05 0)
(-0.00158749 2.5408e-05 0)
(-0.00197788 3.25279e-05 0)
(-0.00239522 3.62171e-05 0)
(-0.00276625 3.40532e-05 0)
(-0.00298681 2.39975e-05 0)
(-0.00295445 4.73189e-06 0)
(-0.00255877 -2.57676e-05 0)
(-0.0017982 -6.09778e-05 0)
(-0.000694183 -9.12352e-05 0)
(0.000365272 -8.91235e-05 0)
(0.0011654 -6.10477e-05 0)
(0.00109661 8.71375e-06 0)
(0.000353323 5.56779e-05 0)
(-0.000655955 9.16851e-05 0)
(-0.00259956 7.71304e-05 0)
)
;
    }
    bottomWall
    {
        type            calculated;
        value           nonuniform List<vector> 
800
(
(-0.0353512 0.00216562 0)
(-0.0160365 0.000524962 0)
(-0.0105906 0.000100551 0)
(-0.00845594 3.45853e-05 0)
(-0.00749209 1.96781e-05 0)
(-0.00685668 1.60055e-05 0)
(-0.0063482 1.32041e-05 0)
(-0.00593737 1.07531e-05 0)
(-0.00560321 8.95103e-06 0)
(-0.00532498 7.65003e-06 0)
(-0.0050881 6.66417e-06 0)
(-0.00488314 5.88527e-06 0)
(-0.00470361 5.25442e-06 0)
(-0.00454477 4.73475e-06 0)
(-0.00440303 4.30063e-06 0)
(-0.00427561 3.93349e-06 0)
(-0.00416032 3.61962e-06 0)
(-0.0040554 3.3487e-06 0)
(-0.00395944 3.11288e-06 0)
(-0.00387129 2.90606e-06 0)
(-0.00378996 2.72344e-06 0)
(-0.00371467 2.56121e-06 0)
(-0.00364474 2.41628e-06 0)
(-0.00357958 2.28616e-06 0)
(-0.0035187 2.16877e-06 0)
(-0.00346168 2.06241e-06 0)
(-0.00340816 1.96566e-06 0)
(-0.0033578 1.87732e-06 0)
(-0.00331033 1.79638e-06 0)
(-0.0032655 1.72199e-06 0)
(-0.00322309 1.65341e-06 0)
(-0.0031829 1.59001e-06 0)
(-0.00314477 1.53126e-06 0)
(-0.00310854 1.47667e-06 0)
(-0.00307406 1.42584e-06 0)
(-0.00304122 1.37841e-06 0)
(-0.00300989 1.33407e-06 0)
(-0.00297999 1.29255e-06 0)
(-0.0029514 1.25358e-06 0)
(-0.00292405 1.21698e-06 0)
(-0.00289786 1.18252e-06 0)
(-0.00287275 1.15004e-06 0)
(-0.00284867 1.11942e-06 0)
(-0.00282555 1.09042e-06 0)
(-0.00280333 1.06312e-06 0)
(-0.00278197 1.03701e-06 0)
(-0.0027614 1.01274e-06 0)
(-0.00274161 9.88857e-07 0)
(-0.00272253 9.67399e-07 0)
(-0.00270415 9.44501e-07 0)
(-0.00268879 9.25753e-07 0)
(-0.0026761 9.15129e-07 0)
(-0.00266358 9.01482e-07 0)
(-0.00265125 8.86935e-07 0)
(-0.00263911 8.73316e-07 0)
(-0.00262716 8.60364e-07 0)
(-0.00261538 8.47721e-07 0)
(-0.00260378 8.35348e-07 0)
(-0.00259234 8.23272e-07 0)
(-0.00258107 8.11489e-07 0)
(-0.00256996 7.99982e-07 0)
(-0.00255901 7.88739e-07 0)
(-0.00254821 7.77751e-07 0)
(-0.00253756 7.6701e-07 0)
(-0.00252706 7.56509e-07 0)
(-0.0025167 7.46242e-07 0)
(-0.00250648 7.36201e-07 0)
(-0.00249639 7.2638e-07 0)
(-0.00248644 7.16773e-07 0)
(-0.00247663 7.07373e-07 0)
(-0.00246694 6.98176e-07 0)
(-0.00245738 6.89174e-07 0)
(-0.00244794 6.80363e-07 0)
(-0.00243862 6.71736e-07 0)
(-0.00242941 6.63289e-07 0)
(-0.00242033 6.55017e-07 0)
(-0.00241135 6.46913e-07 0)
(-0.00240249 6.38974e-07 0)
(-0.00239374 6.31194e-07 0)
(-0.00238509 6.2357e-07 0)
(-0.00237655 6.16098e-07 0)
(-0.00236811 6.08773e-07 0)
(-0.00235977 6.01591e-07 0)
(-0.00235152 5.9455e-07 0)
(-0.00234338 5.87645e-07 0)
(-0.00233532 5.80873e-07 0)
(-0.00232737 5.74231e-07 0)
(-0.0023195 5.67716e-07 0)
(-0.00231172 5.61325e-07 0)
(-0.00230403 5.55055e-07 0)
(-0.00229642 5.48903e-07 0)
(-0.0022889 5.42865e-07 0)
(-0.00228146 5.3694e-07 0)
(-0.0022741 5.31125e-07 0)
(-0.00226682 5.25417e-07 0)
(-0.00225962 5.19813e-07 0)
(-0.0022525 5.14311e-07 0)
(-0.00224545 5.08909e-07 0)
(-0.00223848 5.03603e-07 0)
(-0.00223158 4.98392e-07 0)
(-0.00222475 4.93272e-07 0)
(-0.00221799 4.88243e-07 0)
(-0.00221129 4.83302e-07 0)
(-0.00220467 4.78446e-07 0)
(-0.00219811 4.73673e-07 0)
(-0.00219162 4.68982e-07 0)
(-0.00218519 4.64371e-07 0)
(-0.00217883 4.59837e-07 0)
(-0.00217253 4.5538e-07 0)
(-0.00216629 4.50996e-07 0)
(-0.00216011 4.46685e-07 0)
(-0.00215398 4.42445e-07 0)
(-0.00214792 4.38274e-07 0)
(-0.00214191 4.3417e-07 0)
(-0.00213596 4.30133e-07 0)
(-0.00213007 4.2616e-07 0)
(-0.00212423 4.2225e-07 0)
(-0.00211844 4.18402e-07 0)
(-0.00211271 4.14614e-07 0)
(-0.00210703 4.10886e-07 0)
(-0.0021014 4.07215e-07 0)
(-0.00209581 4.03601e-07 0)
(-0.00209028 4.00043e-07 0)
(-0.0020848 3.96539e-07 0)
(-0.00207937 3.93087e-07 0)
(-0.00207398 3.89689e-07 0)
(-0.00206864 3.8634e-07 0)
(-0.00206334 3.83042e-07 0)
(-0.0020581 3.79793e-07 0)
(-0.00205289 3.76593e-07 0)
(-0.00204773 3.7344e-07 0)
(-0.00204261 3.70333e-07 0)
(-0.00203754 3.67271e-07 0)
(-0.00203251 3.64254e-07 0)
(-0.00202751 3.61281e-07 0)
(-0.00202256 3.58351e-07 0)
(-0.00201765 3.55464e-07 0)
(-0.00201278 3.52616e-07 0)
(-0.00200795 3.49813e-07 0)
(-0.00200316 3.47043e-07 0)
(-0.0019984 3.44324e-07 0)
(-0.00199368 3.41628e-07 0)
(-0.001989 3.38995e-07 0)
(-0.00198436 3.36361e-07 0)
(-0.00197975 3.33823e-07 0)
(-0.00197518 3.31234e-07 0)
(-0.00197064 3.28801e-07 0)
(-0.00196613 3.26223e-07 0)
(-0.00196166 3.23884e-07 0)
(-0.00195723 3.21234e-07 0)
(-0.0019535 3.1888e-07 0)
(-0.00195046 3.17671e-07 0)
(-0.00194741 3.16196e-07 0)
(-0.00194435 3.14487e-07 0)
(-0.00194128 3.12792e-07 0)
(-0.00193821 3.11152e-07 0)
(-0.00193514 3.09528e-07 0)
(-0.00193206 3.07911e-07 0)
(-0.00192898 3.06295e-07 0)
(-0.00192589 3.04681e-07 0)
(-0.00192279 3.03074e-07 0)
(-0.00191969 3.01469e-07 0)
(-0.00191659 2.99864e-07 0)
(-0.00191348 2.98267e-07 0)
(-0.00191037 2.96668e-07 0)
(-0.00190725 2.95077e-07 0)
(-0.00190412 2.93489e-07 0)
(-0.00190099 2.91903e-07 0)
(-0.00189786 2.90322e-07 0)
(-0.00189472 2.88742e-07 0)
(-0.00189158 2.87169e-07 0)
(-0.00188843 2.85598e-07 0)
(-0.00188527 2.84029e-07 0)
(-0.00188212 2.82467e-07 0)
(-0.00187895 2.80907e-07 0)
(-0.00187579 2.79352e-07 0)
(-0.00187262 2.77802e-07 0)
(-0.00186944 2.76255e-07 0)
(-0.00186626 2.74714e-07 0)
(-0.00186308 2.73176e-07 0)
(-0.00185989 2.7164e-07 0)
(-0.0018567 2.70111e-07 0)
(-0.0018535 2.68586e-07 0)
(-0.0018503 2.67065e-07 0)
(-0.00184709 2.6555e-07 0)
(-0.00184389 2.64039e-07 0)
(-0.00184067 2.62535e-07 0)
(-0.00183746 2.61036e-07 0)
(-0.00183423 2.59541e-07 0)
(-0.00183101 2.58054e-07 0)
(-0.00182778 2.5657e-07 0)
(-0.00182455 2.55093e-07 0)
(-0.00182131 2.53623e-07 0)
(-0.00181807 2.52157e-07 0)
(-0.00181483 2.50698e-07 0)
(-0.00181158 2.49244e-07 0)
(-0.00180833 2.47798e-07 0)
(-0.00180507 2.46358e-07 0)
(-0.00180181 2.44921e-07 0)
(-0.00179855 2.43494e-07 0)
(-0.00179528 2.4207e-07 0)
(-0.00179201 2.40653e-07 0)
(-0.00178874 2.39242e-07 0)
(-0.00178546 2.37836e-07 0)
(-0.00178218 2.36434e-07 0)
(-0.0017789 2.35043e-07 0)
(-0.00177561 2.33649e-07 0)
(-0.00177232 2.32269e-07 0)
(-0.00176903 2.30887e-07 0)
(-0.00176573 2.29515e-07 0)
(-0.00176243 2.28147e-07 0)
(-0.00175913 2.26786e-07 0)
(-0.00175582 2.25428e-07 0)
(-0.00175251 2.24081e-07 0)
(-0.0017492 2.22734e-07 0)
(-0.00174588 2.21403e-07 0)
(-0.00174256 2.20072e-07 0)
(-0.00173924 2.18753e-07 0)
(-0.00173592 2.1744e-07 0)
(-0.00173259 2.16137e-07 0)
(-0.00172926 2.14841e-07 0)
(-0.00172592 2.1356e-07 0)
(-0.00172258 2.12281e-07 0)
(-0.00171924 2.11031e-07 0)
(-0.0017159 2.09768e-07 0)
(-0.00171255 2.08559e-07 0)
(-0.0017092 2.0731e-07 0)
(-0.00170584 2.06157e-07 0)
(-0.00170248 2.04894e-07 0)
(-0.00169912 2.03857e-07 0)
(-0.00169575 2.02507e-07 0)
(-0.00169238 2.01718e-07 0)
(-0.00168901 2.00097e-07 0)
(-0.00168561 1.99862e-07 0)
(-0.00168225 1.97527e-07 0)
(-0.00167882 1.98556e-07 0)
(-0.00167547 1.94425e-07 0)
(-0.00167198 1.98398e-07 0)
(-0.00166869 1.8999e-07 0)
(-0.00166508 2.00657e-07 0)
(-0.00166193 1.82471e-07 0)
(-0.00165808 2.07966e-07 0)
(-0.00165522 1.68283e-07 0)
(-0.0016509 2.25439e-07 0)
(-0.00164864 1.40719e-07 0)
(-0.00164346 2.61642e-07 0)
(-0.00164224 8.89762e-08 0)
(-0.00163573 3.26135e-07 0)
(-0.00163601 7.4308e-09 0)
(-0.00162775 3.58271e-07 0)
(-0.0353511 -0.00216564 0)
(-0.0160359 -0.000524988 0)
(-0.0105893 -0.000100584 0)
(-0.00845362 -3.46199e-05 0)
(-0.00748857 -1.97177e-05 0)
(-0.00685171 -1.60515e-05 0)
(-0.00634156 -1.32564e-05 0)
(-0.00592882 -1.08119e-05 0)
(-0.00559255 -9.01613e-06 0)
(-0.00531203 -7.72097e-06 0)
(-0.00507271 -6.74029e-06 0)
(-0.00486519 -5.96595e-06 0)
(-0.004683 -5.33903e-06 0)
(-0.00452144 -4.82267e-06 0)
(-0.00437694 -4.39135e-06 0)
(-0.00424672 -4.0266e-06 0)
(-0.00412861 -3.71482e-06 0)
(-0.00402086 -3.44581e-06 0)
(-0.00392207 -3.21177e-06 0)
(-0.00383108 -3.00673e-06 0)
(-0.00374691 -2.82595e-06 0)
(-0.00366878 -2.6657e-06 0)
(-0.00359598 -2.52295e-06 0)
(-0.00352793 -2.39529e-06 0)
(-0.00346415 -2.28067e-06 0)
(-0.00340417 -2.17747e-06 0)
(-0.00334765 -2.08423e-06 0)
(-0.00329422 -1.99987e-06 0)
(-0.00324362 -1.92322e-06 0)
(-0.00319557 -1.85365e-06 0)
(-0.00314987 -1.78998e-06 0)
(-0.00310627 -1.73229e-06 0)
(-0.00306465 -1.6787e-06 0)
(-0.00302479 -1.63081e-06 0)
(-0.00298661 -1.58472e-06 0)
(-0.0029499 -1.54536e-06 0)
(-0.00291466 -1.50432e-06 0)
(-0.00288066 -1.47298e-06 0)
(-0.00284787 -1.43508e-06 0)
(-0.00281635 -1.41126e-06 0)
(-0.00278542 -1.37826e-06 0)
(-0.00275653 -1.35709e-06 0)
(-0.0027262 -1.3467e-06 0)
(-0.00270129 -1.30107e-06 0)
(-0.00266801 -1.3909e-06 0)
(-0.00265207 -1.20721e-06 0)
(-0.00260476 -1.70119e-06 0)
(-0.00261417 -7.96122e-07 0)
(-0.00252211 -6.77112e-06 0)
(-0.00244384 0.000180668 0)
(2.08298e-05 -8.29407e-06 0)
(2.00388e-05 -3.454e-05 0)
(1.79391e-05 -4.98721e-05 0)
(1.46499e-05 -5.49004e-05 0)
(8.74729e-06 -4.92746e-05 0)
(2.51806e-06 -3.63871e-05 0)
(-8.94712e-07 -2.14667e-05 0)
(-3.72281e-06 -4.20256e-06 0)
(-1.10453e-05 2.11762e-05 0)
(-2.57342e-05 6.14573e-05 0)
(-4.74842e-05 0.000122591 0)
(-7.44606e-05 0.000209562 0)
(-0.000102975 0.000323898 0)
(-0.000126666 0.000459526 0)
(-0.000138964 0.000603752 0)
(-0.000136663 0.000742387 0)
(-0.000119733 0.000861538 0)
(-8.99069e-05 0.000947921 0)
(-5.0649e-05 0.000992009 0)
(-6.98742e-06 0.000988657 0)
(3.7645e-05 0.000937983 0)
(8.04415e-05 0.000841499 0)
(0.000118596 0.000704545 0)
(0.000150604 0.000534877 0)
(0.00017716 0.000341474 0)
(0.000200724 0.000127023 0)
(0.000213999 -0.000109115 0)
(0.000217618 -0.000345601 0)
(0.000217231 -0.000579376 0)
(0.000212876 -0.000810795 0)
(0.000203648 -0.00103512 0)
(0.000189393 -0.00124778 0)
(0.000169911 -0.00144503 0)
(0.000144431 -0.00162375 0)
(0.000111101 -0.00178099 0)
(6.68076e-05 -0.00191295 0)
(8.26024e-06 -0.00201328 0)
(-6.31356e-05 -0.0020718 0)
(-0.00013367 -0.00207862 0)
(-0.000183535 -0.00203748 0)
(-0.00020155 -0.00196215 0)
(-0.000189179 -0.00186766 0)
(-0.0001571 -0.00176582 0)
(-0.000118384 -0.0016631 0)
(-8.32142e-05 -0.00156325 0)
(-5.68854e-05 -0.00146926 0)
(-4.08489e-05 -0.00138351 0)
(-3.41372e-05 -0.00130678 0)
(-3.36307e-05 -0.00123823 0)
(-3.63092e-05 -0.00117571 0)
(-4.04561e-05 -0.0011165 0)
(-4.57791e-05 -0.00105813 0)
(-5.28592e-05 -0.000998466 0)
(-6.23383e-05 -0.00093557 0)
(-7.43405e-05 -0.000867603 0)
(-8.83129e-05 -0.000793122 0)
(-0.000103185 -0.00071144 0)
(-0.000117669 -0.000622831 0)
(-0.000130546 -0.000528484 0)
(-0.000140876 -0.000430256 0)
(-0.000148077 -0.00033033 0)
(-0.000151887 -0.000230902 0)
(-0.000152352 -0.000134147 0)
(-0.000149671 -4.20594e-05 0)
(-0.000143982 4.40105e-05 0)
(-0.000135709 0.000122723 0)
(-0.000125327 0.000193205 0)
(-0.000113491 0.000255454 0)
(-0.000100347 0.000309632 0)
(-8.57092e-05 0.000356205 0)
(-6.88753e-05 0.000395649 0)
(-4.91224e-05 0.000428276 0)
(-2.60604e-05 0.000454027 0)
(-3.60524e-08 0.000472418 0)
(2.79161e-05 0.000482994 0)
(5.61657e-05 0.000485398 0)
(8.20558e-05 0.000479374 0)
(0.000102841 0.000466147 0)
(0.000116442 0.000447005 0)
(0.000121377 0.000424313 0)
(0.000117234 0.000400527 0)
(0.000104728 0.000378117 0)
(8.5878e-05 0.000359715 0)
(6.28326e-05 0.00034604 0)
(3.84416e-05 0.00033641 0)
(1.63083e-05 0.000330912 0)
(-8.66676e-07 0.000329566 0)
(-1.17403e-05 0.00033036 0)
(-1.6793e-05 0.000330627 0)
(-1.70305e-05 0.000328936 0)
(-1.33413e-05 0.000324643 0)
(-6.30491e-06 0.000317393 0)
(3.93909e-06 0.000306731 0)
(1.7452e-05 0.000291764 0)
(3.39192e-05 0.00027095 0)
(5.17453e-05 0.000242824 0)
(6.85773e-05 0.000207045 0)
(8.23393e-05 0.000164738 0)
(9.20569e-05 0.000117676 0)
(9.76147e-05 6.75351e-05 0)
(9.90244e-05 1.60808e-05 0)
(9.66346e-05 -3.46228e-05 0)
(9.13543e-05 -8.25386e-05 0)
(8.45093e-05 -0.000126407 0)
(7.73051e-05 -0.000165952 0)
(7.04105e-05 -0.000201585 0)
(6.38824e-05 -0.00023389 0)
(5.73545e-05 -0.000263334 0)
(5.0247e-05 -0.00029013 0)
(4.19448e-05 -0.000314157 0)
(3.19641e-05 -0.000334964 0)
(2.00615e-05 -0.000351832 0)
(6.32772e-06 -0.000363814 0)
(-8.62472e-06 -0.000369845 0)
(-2.35091e-05 -0.000369093 0)
(-3.66639e-05 -0.000361366 0)
(-4.62705e-05 -0.000347032 0)
(-5.04304e-05 -0.00032718 0)
(-4.74554e-05 -0.000303793 0)
(-3.64563e-05 -0.000279817 0)
(-1.78152e-05 -0.000258759 0)
(7.19888e-06 -0.000243389 0)
(3.85842e-05 -0.000234695 0)
(7.84232e-05 -0.000234389 0)
(0.000122543 -0.000245923 0)
(0.000159562 -0.000268357 0)
(0.000197372 -0.000297449 0)
(0.000223304 -0.000307756 0)
(0.0002168 -0.000320571 0)
(0.000169887 -0.000365619 0)
(5.24963e-05 -0.000387939 0)
(-0.000110964 -0.000341834 0)
(-0.000264423 -0.000219772 0)
(-0.00037079 -6.12047e-05 0)
(-0.000430971 9.67282e-05 0)
(-0.000457466 0.000241966 0)
(-0.000460222 0.00037306 0)
(-0.000446875 0.000490612 0)
(-0.000422276 0.000594706 0)
(-0.00039001 0.000685458 0)
(-0.000352745 0.000763184 0)
(-0.000312441 0.000828342 0)
(-0.000270542 0.000881466 0)
(-0.000228121 0.000923134 0)
(-0.000185992 0.000953961 0)
(-0.000144778 0.000974611 0)
(-0.000104882 0.000985813 0)
(-6.62977e-05 0.000988285 0)
(-2.91207e-05 0.000982396 0)
(6.38103e-06 0.000968837 0)
(4.03585e-05 0.000948229 0)
(7.2956e-05 0.000920986 0)
(0.000104278 0.000887522 0)
(0.0001344 0.000848209 0)
(0.000163371 0.000803393 0)
(0.000191209 0.000753398 0)
(0.000217901 0.000698526 0)
(0.000243402 0.000639068 0)
(0.000267628 0.000575305 0)
(0.000290459 0.000507515 0)
(0.000311732 0.000435979 0)
(0.000331238 0.000360994 0)
(0.000348719 0.000282888 0)
(0.00036387 0.000202039 0)
(0.000376348 0.000118903 0)
(0.000385801 3.40369e-05 0)
(0.000391895 -5.19145e-05 0)
(0.000394312 -0.000138239 0)
(0.000392761 -0.000224156 0)
(0.000387003 -0.000308821 0)
(0.000376884 -0.000391372 0)
(0.00036233 -0.000470989 0)
(0.000343333 -0.000546829 0)
(0.000320042 -0.000618102 0)
(0.00029265 -0.000684155 0)
(0.000261405 -0.000744377 0)
(0.000226631 -0.000798208 0)
(0.000188724 -0.000845142 0)
(0.000148149 -0.000884739 0)
(0.00010544 -0.000916678 0)
(6.11481e-05 -0.000940866 0)
(1.58608e-05 -0.000957385 0)
(-3.01883e-05 -0.000966323 0)
(-7.70295e-05 -0.000967375 0)
(-0.000123919 -0.000960259 0)
(-0.000169919 -0.000945202 0)
(-0.000214459 -0.000922457 0)
(-0.000257018 -0.000892365 0)
(-0.000297086 -0.000855239 0)
(-0.000334112 -0.00081139 0)
(-0.000367499 -0.000761326 0)
(-0.000396744 -0.000705697 0)
(-0.000421386 -0.000645164 0)
(-0.000441012 -0.000580981 0)
(-0.000455708 -0.000516519 0)
(-0.000467497 -0.000460698 0)
(-0.000484562 -0.000433892 0)
(-0.000529323 -0.000473219 0)
(-0.000632364 -0.000623929 0)
(-0.000811008 -0.000912921 0)
(3.1285e-06 -1.94356e-05 0)
(2.2862e-05 -1.22962e-05 0)
(2.40551e-05 -1.67679e-06 0)
(1.36766e-05 8.35619e-06 0)
(-6.38068e-06 1.46924e-05 0)
(-3.01487e-05 1.49942e-05 0)
(-5.16665e-05 8.74562e-06 0)
(-6.51815e-05 -2.72323e-06 0)
(-6.61816e-05 -1.64352e-05 0)
(-5.26257e-05 -2.79158e-05 0)
(-2.65724e-05 -3.26942e-05 0)
(5.49414e-06 -2.93314e-05 0)
(3.60517e-05 -2.08832e-05 0)
(6.01794e-05 -1.12824e-05 0)
(7.60207e-05 -3.20915e-06 0)
(8.51888e-05 1.74414e-06 0)
(9.00335e-05 2.85654e-06 0)
(9.31196e-05 1.38082e-06 0)
(9.46293e-05 1.52921e-06 0)
(8.99269e-05 8.11743e-06 0)
(7.21576e-05 2.12366e-05 0)
(3.79814e-05 3.42633e-05 0)
(-6.87917e-06 3.66498e-05 0)
(-4.52342e-05 2.42858e-05 0)
(-6.40203e-05 5.22074e-06 0)
(-6.1632e-05 -1.19991e-05 0)
(-3.93963e-05 -2.28726e-05 0)
(-1.11212e-05 -3.06483e-05 0)
(1.49599e-05 -5.98659e-05 0)
(6.41487e-05 -0.000101028 0)
(0.000117569 -9.17974e-05 0)
(0.000143269 -4.38811e-05 0)
(0.000179144 3.22708e-05 0)
(0.00020718 0.000128991 0)
(0.000193148 0.000143377 0)
(0.000214073 1.20968e-05 0)
(0.000333658 -0.000176165 0)
(0.000555812 -0.000240737 0)
(0.000725816 -0.000162329 0)
(0.00081283 -0.000136327 0)
(0.000930791 -0.000163044 0)
(0.00105945 -0.000151062 0)
(0.0011661 -0.000142292 0)
(0.00127314 -0.000140603 0)
(0.00137482 -0.000132183 0)
(0.00146839 -0.00012565 0)
(0.0015555 -0.000117574 0)
(0.00163306 -0.000106979 0)
(0.00169931 -9.39801e-05 0)
(0.00175192 -7.74965e-05 0)
(0.00178821 -5.71264e-05 0)
(0.00180521 -3.20417e-05 0)
(0.00179913 -2.44704e-06 0)
(0.0017672 2.91679e-05 0)
(0.00170946 6.13132e-05 0)
(0.0016255 9.44201e-05 0)
(0.00151454 0.000128341 0)
(0.00137645 0.000162145 0)
(0.00121207 0.000195062 0)
(0.00102286 0.000226615 0)
(0.000811044 0.000256525 0)
(0.00057973 0.000285418 0)
(0.000329393 0.000315479 0)
(5.03758e-05 0.000344758 0)
(-0.000251959 0.00035607 0)
(-0.000543265 0.000349793 0)
(-0.000824996 0.000340061 0)
(-0.00110449 0.000327913 0)
(-0.001377 0.000310526 0)
(-0.00163539 0.000286765 0)
(-0.00187357 0.000257329 0)
(-0.00208689 0.000223433 0)
(-0.00227207 0.000186355 0)
(-0.00242701 0.000147417 0)
(-0.00255083 0.000108059 0)
(-0.00264377 6.92616e-05 0)
(-0.00270662 3.20656e-05 0)
(-0.00274125 -3.01337e-06 0)
(-0.00274944 -3.61732e-05 0)
(-0.0027328 -6.71312e-05 0)
(-0.0026923 -9.68032e-05 0)
(-0.00263052 -0.000124487 0)
(-0.00254826 -0.000152954 0)
(-0.002446 -0.00018158 0)
(-0.00232358 -0.000216269 0)
(-0.00217408 -0.000255668 0)
(-0.00199881 -0.000305613 0)
(-0.00177673 -0.000363681 0)
(-0.00152136 -0.000420444 0)
(-0.00119811 -0.00048337 0)
(-0.000857263 -0.000488983 0)
(-0.000463152 -0.000538229 0)
(4.25852e-05 -0.000365846 0)
(0.000280324 8.87489e-05 0)
(0.000254623 0.000236127 0)
(0.000187551 0.00018606 0)
(0.00011827 0.000126341 0)
(6.26774e-05 8.67462e-05 0)
(9.35532e-06 5.40674e-05 0)
(-1.57546e-05 1.3316e-05 0)
(-4.35588e-06 1.31886e-05 0)
(-2.10519e-05 2.08326e-05 0)
(-4.40772e-05 -8.25088e-06 0)
(-7.53114e-05 -0.000100663 0)
(-9.6495e-05 -0.00025697 0)
(-9.38308e-05 -0.00043323 0)
(-6.44232e-05 -0.000591157 0)
(-1.36469e-05 -0.000692086 0)
(4.77096e-05 -0.000713061 0)
(0.000106161 -0.000644943 0)
(0.000148232 -0.000498595 0)
(0.000170298 -0.000296763 0)
(0.000178546 -7.0183e-05 0)
(0.000188939 0.000157799 0)
(0.000198345 0.000374557 0)
(0.000181214 0.000571405 0)
(0.000110366 0.000738598 0)
(1.22692e-05 0.000837383 0)
(-5.4629e-05 0.00086271 0)
(-8.50773e-05 0.000827201 0)
(-0.000105086 0.000748239 0)
(-0.000125413 0.00064244 0)
(-0.000146839 0.000516859 0)
(-0.000174465 0.000367989 0)
(-0.000215466 0.000183598 0)
(-0.000264726 -6.13001e-05 0)
(-0.000303756 -0.000359926 0)
(-0.000321282 -0.000696777 0)
(-0.000300273 -0.00104124 0)
(-0.000235393 -0.00134873 0)
(-0.000127728 -0.00157503 0)
(1.70133e-05 -0.00168069 0)
(0.00018857 -0.00163581 0)
(0.000363045 -0.00143178 0)
(0.000515934 -0.00107744 0)
(0.000624465 -0.000592337 0)
(0.000651961 -5.00498e-06 0)
(0.000548196 0.000585427 0)
(0.000319543 0.00100634 0)
(6.62837e-05 0.00121867 0)
(-0.000133747 0.00122585 0)
(-0.000258505 0.00104417 0)
(-0.00026036 0.000736733 0)
(-0.00010489 0.000323849 0)
(0.000229321 4.05537e-05 0)
(0.00020077 -0.000117791 0)
(-1.58003e-05 -0.000225819 0)
(-0.000499499 -0.000122816 0)
(-0.00128338 -0.000122731 0)
(-0.00149879 -0.000431555 0)
(-0.00193305 -0.00130343 0)
(-0.000386034 -0.00142382 0)
(0.00109689 -0.000146202 0)
(0.00169845 0.00111168 0)
(0.00123192 0.00219887 0)
(0.000905295 0.00253186 0)
(0.000819845 0.00296439 0)
(0.000634367 0.00332766 0)
(0.000544998 0.00358747 0)
(0.000442806 0.00383278 0)
(0.000366484 0.00400751 0)
(0.00030282 0.00416186 0)
(0.000247251 0.00427829 0)
(0.000204059 0.00437385 0)
(0.000165799 0.00444837 0)
(0.000135767 0.00450656 0)
(0.000110005 0.00455212 0)
(8.94755e-05 0.00458667 0)
(7.2568e-05 0.00461347 0)
(5.92314e-05 0.00463364 0)
(4.87968e-05 0.00464943 0)
(4.08962e-05 0.00466184 0)
(3.51617e-05 0.00467229 0)
(3.12215e-05 0.00468169 0)
(2.87998e-05 0.00469096 0)
(2.76148e-05 0.00470069 0)
(2.74933e-05 0.00471146 0)
(2.82627e-05 0.00472368 0)
(2.98822e-05 0.00473769 0)
(3.23368e-05 0.00475384 0)
(3.56632e-05 0.00477245 0)
(3.9904e-05 0.00479385 0)
(4.50867e-05 0.00481835 0)
(5.12244e-05 0.00484625 0)
(5.83239e-05 0.00487785 0)
(6.63981e-05 0.00491343 0)
(7.54685e-05 0.00495324 0)
(8.55681e-05 0.00499756 0)
(9.67399e-05 0.00504666 0)
(0.000109046 0.00510081 0)
(0.000122563 0.00516033 0)
(0.00013738 0.0052255 0)
(0.000153597 0.00529668 0)
(0.000171326 0.00537421 0)
(0.000190679 0.00545847 0)
(0.000211759 0.00554987 0)
(0.000234654 0.0056488 0)
(0.000259434 0.00575562 0)
(0.000286127 0.00587069 0)
(0.000314693 0.00599434 0)
(0.000344971 0.00612686 0)
(0.000376635 0.00626852 0)
(0.000409182 0.00641943 0)
(0.000441952 0.00657954 0)
(0.00047418 0.00674847 0)
(0.000505019 0.00692555 0)
(0.000533536 0.00710978 0)
(0.000558701 0.00729981 0)
(0.000579389 0.00749395 0)
(0.000594428 0.00769019 0)
(0.000602697 0.00788618 0)
(0.000603243 0.0080793 0)
(0.000595405 0.00826682 0)
(0.000578865 0.008446 0)
(0.00055364 0.00861423 0)
(0.000520072 0.00876909 0)
(0.000478789 0.00890844 0)
(0.000430645 0.00903049 0)
(0.000376619 0.00913378 0)
(0.000317788 0.00921712 0)
(0.00025543 0.00927973 0)
(0.000190884 0.00932131 0)
(0.00012514 0.00934166 0)
(5.94916e-05 0.00934051 0)
(-3.27179e-06 0.00931886 0)
(-6.33554e-05 0.00928066 0)
(-0.000122628 0.00922539 0)
(-0.00017973 0.00915323 0)
(-0.000234482 0.009066 0)
(-0.000287148 0.00896432 0)
(-0.000337275 0.00884914 0)
(-0.000384808 0.00872172 0)
(-0.000429706 0.00858303 0)
(-0.000471797 0.0084341 0)
(-0.000511059 0.00827606 0)
(-0.000547469 0.00810988 0)
(-0.000581004 0.00793656 0)
(-0.000611705 0.00775709 0)
(-0.000639618 0.00757238 0)
(-0.000664814 0.00738329 0)
(-0.000687395 0.00719066 0)
(-0.000707471 0.00699526 0)
(-0.000725178 0.00679781 0)
(-0.000740663 0.00659896 0)
(-0.000754086 0.00639931 0)
(-0.000765623 0.0061994 0)
(-0.000775453 0.00599971 0)
(-0.000783767 0.00580066 0)
(-0.000790759 0.00560261 0)
(-0.000796624 0.00540586 0)
(-0.00080156 0.00521066 0)
(-0.000805764 0.00501721 0)
(-0.000809427 0.00482565 0)
(-0.000812739 0.0046361 0)
(-0.000815882 0.0044486 0)
(-0.000819034 0.00426318 0)
(-0.000822364 0.00407983 0)
(-0.000826035 0.00389852 0)
(-0.000830205 0.00371917 0)
(-0.000835027 0.0035417 0)
(-0.000840653 0.003366 0)
(-0.000847236 0.00319195 0)
(-0.000854925 0.00301942 0)
(-0.00086387 0.00284825 0)
(-0.000874233 0.00267828 0)
(-0.000886182 0.00250936 0)
(-0.000899902 0.00234131 0)
(-0.000915599 0.00217391 0)
(-0.000933499 0.00200695 0)
(-0.000953851 0.00184015 0)
(-0.000976921 0.00167316 0)
(-0.00100298 0.00150555 0)
(-0.0010323 0.00133682 0)
(-0.00106511 0.00116639 0)
(-0.00110162 0.00099362 0)
(-0.00114194 0.000817947 0)
(-0.00118608 0.000638916 0)
(-0.00123401 0.000456303 0)
(-0.00128645 0.000270158 0)
(-0.00134413 8.03825e-05 0)
(-0.00140701 -0.000113011 0)
(-0.0014758 -0.000309873 0)
(-0.00155196 -0.000510335 0)
(-0.00163679 -0.00071502 0)
(-0.00173111 -0.000924872 0)
(-0.00183583 -0.00114038 0)
(-0.00195232 -0.00136218 0)
(-0.00208219 -0.00159087 0)
(-0.00222741 -0.00182796 0)
(-0.00238951 -0.0020731 0)
(-0.00257179 -0.00233092 0)
(-0.00277415 -0.00259488 0)
(-0.00300504 -0.00288355 0)
(-0.00325549 -0.00316222 0)
(-0.00355379 -0.00350696 0)
(-0.00385269 -0.00377008 0)
(-0.00425071 -0.0042439 0)
(-0.00454971 -0.00436612 0)
(-0.0050745 -0.00518703 0)
(-0.00500842 -0.00467996 0)
)
;
    }
    frontAndBack
    {
        type            empty;
    }
}


// ************************************************************************* //
