/*--------------------------------*- C++ -*----------------------------------*\
  =========                 |
  \\      /  F ield         | OpenFOAM: The Open Source CFD Toolbox
   \\    /   O peration     | Website:  https://openfoam.org
    \\  /    A nd           | Version:  7
     \\/     M anipulation  |
\*---------------------------------------------------------------------------*/
FoamFile
{
    version     2.0;
    format      ascii;
    class       volVectorField;
    location    "0.18";
    object      wallShearStress;
}
// * * * * * * * * * * * * * * * * * * * * * * * * * * * * * * * * * * * * * //

dimensions      [0 2 -2 0 0 0 0];

internalField   uniform (0 0 0);

boundaryField
{
    velocityInlet
    {
        type            calculated;
        value           uniform (0 0 0);
    }
    pressureOutlet
    {
        type            calculated;
        value           uniform (0 0 0);
    }
    fixedWalls
    {
        type            calculated;
        value           nonuniform List<vector> 
100
(
(-0.0246431 -0.00837563 0)
(-0.000699595 -0.00164611 0)
(-0.00299173 0.000628784 0)
(-0.00456714 0.00037082 0)
(-0.00546895 0.000138179 0)
(-0.00557979 1.02581e-05 0)
(-0.00534755 -2.83531e-05 0)
(-0.00511589 -2.92302e-05 0)
(-0.00496513 -2.29367e-05 0)
(-0.00487764 -1.72858e-05 0)
(-0.0048266 -1.21282e-05 0)
(-0.004792 -6.4531e-06 0)
(-0.00476069 -6.06125e-07 0)
(-0.00472708 5.44985e-06 0)
(-0.00469305 1.12953e-05 0)
(-0.00465541 1.29207e-05 0)
(-0.00460318 8.50731e-06 0)
(-0.00456551 8.95866e-06 0)
(-0.00466214 3.92372e-05 0)
(-0.00501633 8.62743e-05 0)
(-0.00547478 0.000106544 0)
(-0.00546752 1.01677e-05 0)
(-0.00429197 -0.000208313 0)
(-0.00197574 -0.000363773 0)
(0.000240173 -0.000295998 0)
(0.00093878 -5.53684e-05 0)
(-8.35088e-05 0.000145978 0)
(-0.0018552 0.00022157 0)
(-0.00337693 0.00016911 0)
(-0.00426908 9.10574e-05 0)
(-0.00459533 3.52548e-05 0)
(-0.00457787 2.08575e-06 0)
(-0.00439002 -1.45667e-05 0)
(-0.00412703 -2.23113e-05 0)
(-0.00383062 -2.68518e-05 0)
(-0.00351399 -3.08099e-05 0)
(-0.00318202 -3.4559e-05 0)
(-0.00284526 -3.69122e-05 0)
(-0.00252696 -3.59831e-05 0)
(-0.00226147 -3.03005e-05 0)
(-0.00208585 -2.01857e-05 0)
(-0.00202928 -8.15679e-06 0)
(-0.00210182 6.131e-06 0)
(-0.0022883 1.70619e-05 0)
(-0.0025713 2.66106e-05 0)
(-0.00297672 4.38133e-05 0)
(-0.00356022 7.06097e-05 0)
(-0.00428864 9.11566e-05 0)
(-0.00496047 8.18624e-05 0)
(-0.00526163 3.45895e-05 0)
(-0.00493923 -5.05795e-05 0)
(-0.00407096 -0.000114254 0)
(-0.00311991 -0.000113959 0)
(-0.00263071 -5.30321e-05 0)
(-0.00284435 2.79139e-05 0)
(-0.00359621 8.11819e-05 0)
(-0.00458809 0.000100765 0)
(-0.00564707 0.000109181 0)
(-0.00675305 0.000124384 0)
(-0.00788005 0.000139432 0)
(-0.00879703 0.000134423 0)
(-0.00902289 7.97565e-05 0)
(-0.0078489 -8.39525e-05 0)
(-0.00458759 -0.000363026 0)
(0.000410528 -0.00054048 0)
(0.00564678 -0.000591494 0)
(0.0096033 -0.00044598 0)
(0.0113084 -0.000186877 0)
(0.0105734 8.3613e-05 0)
(0.00800152 0.000263862 0)
(0.00463315 0.000319703 0)
(0.00146393 0.000277575 0)
(-0.000994849 0.00020751 0)
(-0.00257866 0.000125117 0)
(-0.00346587 6.60937e-05 0)
(-0.00388997 3.00314e-05 0)
(-0.00406656 1.2536e-05 0)
(-0.0041479 7.68604e-06 0)
(-0.00421369 8.51992e-06 0)
(-0.00426768 7.4076e-06 0)
(-0.0042737 2.33346e-06 0)
(-0.00422317 -1.80571e-06 0)
(-0.00414443 -1.59758e-06 0)
(-0.00404571 -1.64222e-06 0)
(-0.00390173 -5.06215e-06 0)
(-0.00370905 -7.58973e-06 0)
(-0.00349937 -6.11725e-06 0)
(-0.00328248 -5.0823e-06 0)
(-0.00298347 -1.35523e-05 0)
(-0.00248634 -3.57763e-05 0)
(-0.00168158 -6.78263e-05 0)
(-0.000627499 -9.55573e-05 0)
(0.000507505 -9.87317e-05 0)
(0.00141839 -8.09412e-05 0)
(0.00186098 -3.972e-05 0)
(0.00178234 3.36383e-06 0)
(0.00112586 4.78422e-05 0)
(0.000301582 6.93717e-05 0)
(-0.00102404 8.9144e-05 0)
(-0.00213944 4.93596e-05 0)
)
;
    }
    bottomWall
    {
        type            calculated;
        value           nonuniform List<vector> 
800
(
(-0.0353512 0.00216563 0)
(-0.0160362 0.000524975 0)
(-0.0105899 0.000100569 0)
(-0.00845468 3.46029e-05 0)
(-0.00749022 1.9697e-05 0)
(-0.00685414 1.60256e-05 0)
(-0.00634496 1.3225e-05 0)
(-0.0059334 1.07747e-05 0)
(-0.00559851 8.97317e-06 0)
(-0.00531954 7.67256e-06 0)
(-0.00508192 6.6869e-06 0)
(-0.00487622 5.90803e-06 0)
(-0.00469596 5.27703e-06 0)
(-0.00453643 4.75699e-06 0)
(-0.00439402 4.32228e-06 0)
(-0.00426596 3.95437e-06 0)
(-0.00415007 3.63954e-06 0)
(-0.0040446 3.36754e-06 0)
(-0.00394813 3.13053e-06 0)
(-0.0038595 2.92247e-06 0)
(-0.00377776 2.73859e-06 0)
(-0.00370209 2.57512e-06 0)
(-0.00363181 2.42901e-06 0)
(-0.00356635 2.29777e-06 0)
(-0.00350521 2.17936e-06 0)
(-0.00344795 2.07209e-06 0)
(-0.00339421 1.97454e-06 0)
(-0.00334366 1.88553e-06 0)
(-0.00329601 1.80404e-06 0)
(-0.00325101 1.72921e-06 0)
(-0.00320845 1.6603e-06 0)
(-0.00316812 1.59667e-06 0)
(-0.00312985 1.53777e-06 0)
(-0.00309347 1.48312e-06 0)
(-0.00305886 1.43229e-06 0)
(-0.00302588 1.38493e-06 0)
(-0.00299442 1.3407e-06 0)
(-0.00296436 1.29933e-06 0)
(-0.00293563 1.26056e-06 0)
(-0.00290813 1.22416e-06 0)
(-0.00288179 1.18995e-06 0)
(-0.00285653 1.15772e-06 0)
(-0.00283228 1.12736e-06 0)
(-0.00280899 1.09863e-06 0)
(-0.0027866 1.0716e-06 0)
(-0.00276507 1.04575e-06 0)
(-0.00274432 1.02172e-06 0)
(-0.00272436 9.98082e-07 0)
(-0.00270509 9.76847e-07 0)
(-0.00268652 9.54192e-07 0)
(-0.00267099 9.35615e-07 0)
(-0.00265817 9.25086e-07 0)
(-0.0026455 9.11604e-07 0)
(-0.00263303 8.97221e-07 0)
(-0.00262075 8.8374e-07 0)
(-0.00260864 8.70913e-07 0)
(-0.00259671 8.58392e-07 0)
(-0.00258495 8.46135e-07 0)
(-0.00257336 8.34169e-07 0)
(-0.00256193 8.22489e-07 0)
(-0.00255066 8.11077e-07 0)
(-0.00253955 7.99922e-07 0)
(-0.00252859 7.89014e-07 0)
(-0.00251777 7.78346e-07 0)
(-0.0025071 7.67909e-07 0)
(-0.00249657 7.57697e-07 0)
(-0.00248619 7.47702e-07 0)
(-0.00247593 7.37916e-07 0)
(-0.00246582 7.28335e-07 0)
(-0.00245583 7.18951e-07 0)
(-0.00244597 7.0976e-07 0)
(-0.00243623 7.00755e-07 0)
(-0.00242662 6.91933e-07 0)
(-0.00241713 6.83288e-07 0)
(-0.00240775 6.74816e-07 0)
(-0.00239849 6.66512e-07 0)
(-0.00238935 6.58371e-07 0)
(-0.00238031 6.50389e-07 0)
(-0.00237139 6.42561e-07 0)
(-0.00236257 6.34882e-07 0)
(-0.00235385 6.27348e-07 0)
(-0.00234524 6.19955e-07 0)
(-0.00233673 6.12699e-07 0)
(-0.00232832 6.05574e-07 0)
(-0.00232001 5.98578e-07 0)
(-0.00231179 5.91707e-07 0)
(-0.00230366 5.84956e-07 0)
(-0.00229563 5.78322e-07 0)
(-0.00228769 5.71801e-07 0)
(-0.00227984 5.65392e-07 0)
(-0.00227207 5.5909e-07 0)
(-0.00226439 5.52892e-07 0)
(-0.0022568 5.46796e-07 0)
(-0.00224929 5.40799e-07 0)
(-0.00224186 5.349e-07 0)
(-0.00223451 5.29095e-07 0)
(-0.00222724 5.23382e-07 0)
(-0.00222005 5.1776e-07 0)
(-0.00221294 5.12226e-07 0)
(-0.0022059 5.06779e-07 0)
(-0.00219893 5.01416e-07 0)
(-0.00219204 4.96136e-07 0)
(-0.00218523 4.90937e-07 0)
(-0.00217848 4.85818e-07 0)
(-0.0021718 4.80776e-07 0)
(-0.00216519 4.75811e-07 0)
(-0.00215865 4.7092e-07 0)
(-0.00215218 4.66102e-07 0)
(-0.00214577 4.61357e-07 0)
(-0.00213943 4.56682e-07 0)
(-0.00213315 4.52077e-07 0)
(-0.00212693 4.47539e-07 0)
(-0.00212077 4.4307e-07 0)
(-0.00211468 4.38666e-07 0)
(-0.00210865 4.34328e-07 0)
(-0.00210267 4.30053e-07 0)
(-0.00209676 4.25843e-07 0)
(-0.0020909 4.21694e-07 0)
(-0.0020851 4.17607e-07 0)
(-0.00207935 4.13581e-07 0)
(-0.00207366 4.09614e-07 0)
(-0.00206803 4.05706e-07 0)
(-0.00206244 4.01855e-07 0)
(-0.00205691 3.98061e-07 0)
(-0.00205143 3.94323e-07 0)
(-0.00204601 3.90639e-07 0)
(-0.00204063 3.8701e-07 0)
(-0.0020353 3.83433e-07 0)
(-0.00203002 3.79908e-07 0)
(-0.00202479 3.76432e-07 0)
(-0.00201961 3.73007e-07 0)
(-0.00201447 3.6963e-07 0)
(-0.00200938 3.66302e-07 0)
(-0.00200434 3.63018e-07 0)
(-0.00199934 3.59781e-07 0)
(-0.00199439 3.5659e-07 0)
(-0.00198948 3.53445e-07 0)
(-0.00198461 3.50342e-07 0)
(-0.00197978 3.47287e-07 0)
(-0.001975 3.44268e-07 0)
(-0.00197026 3.41303e-07 0)
(-0.00196555 3.38363e-07 0)
(-0.00196089 3.35491e-07 0)
(-0.00195627 3.3262e-07 0)
(-0.00195169 3.2985e-07 0)
(-0.00194714 3.2703e-07 0)
(-0.00194263 3.24376e-07 0)
(-0.00193817 3.21576e-07 0)
(-0.00193373 3.19032e-07 0)
(-0.00192934 3.16173e-07 0)
(-0.00192565 3.13625e-07 0)
(-0.00192263 3.12291e-07 0)
(-0.00191961 3.10692e-07 0)
(-0.00191659 3.08853e-07 0)
(-0.00191356 3.07042e-07 0)
(-0.00191053 3.05273e-07 0)
(-0.00190749 3.03545e-07 0)
(-0.00190445 3.01816e-07 0)
(-0.00190141 3.00095e-07 0)
(-0.00189836 2.98383e-07 0)
(-0.00189531 2.96681e-07 0)
(-0.00189225 2.94986e-07 0)
(-0.00188919 2.93308e-07 0)
(-0.00188613 2.91626e-07 0)
(-0.00188306 2.89961e-07 0)
(-0.00187999 2.88297e-07 0)
(-0.00187692 2.86644e-07 0)
(-0.00187384 2.84995e-07 0)
(-0.00187076 2.83356e-07 0)
(-0.00186767 2.81722e-07 0)
(-0.00186458 2.80097e-07 0)
(-0.00186149 2.78479e-07 0)
(-0.00185839 2.76869e-07 0)
(-0.00185529 2.75262e-07 0)
(-0.00185219 2.73669e-07 0)
(-0.00184908 2.72077e-07 0)
(-0.00184597 2.70496e-07 0)
(-0.00184285 2.6892e-07 0)
(-0.00183973 2.67355e-07 0)
(-0.00183661 2.65798e-07 0)
(-0.00183349 2.64249e-07 0)
(-0.00183036 2.62707e-07 0)
(-0.00182722 2.61174e-07 0)
(-0.00182409 2.59648e-07 0)
(-0.00182095 2.58137e-07 0)
(-0.0018178 2.56631e-07 0)
(-0.00181466 2.55134e-07 0)
(-0.00181151 2.53644e-07 0)
(-0.00180835 2.52167e-07 0)
(-0.0018052 2.50693e-07 0)
(-0.00180204 2.49237e-07 0)
(-0.00179887 2.47784e-07 0)
(-0.0017957 2.46345e-07 0)
(-0.00179253 2.44912e-07 0)
(-0.00178936 2.43498e-07 0)
(-0.00178618 2.42085e-07 0)
(-0.001783 2.40687e-07 0)
(-0.00177981 2.39298e-07 0)
(-0.00177662 2.37925e-07 0)
(-0.00177343 2.36558e-07 0)
(-0.00177023 2.35208e-07 0)
(-0.00176703 2.33863e-07 0)
(-0.00176382 2.32541e-07 0)
(-0.00176061 2.3122e-07 0)
(-0.0017574 2.29917e-07 0)
(-0.00175418 2.28617e-07 0)
(-0.00175096 2.2734e-07 0)
(-0.00174773 2.26062e-07 0)
(-0.0017445 2.24815e-07 0)
(-0.00174127 2.23565e-07 0)
(-0.00173803 2.2234e-07 0)
(-0.00173479 2.21115e-07 0)
(-0.00173154 2.1991e-07 0)
(-0.00172829 2.18716e-07 0)
(-0.00172503 2.17548e-07 0)
(-0.00172177 2.16373e-07 0)
(-0.0017185 2.15238e-07 0)
(-0.00171523 2.14098e-07 0)
(-0.00171195 2.12982e-07 0)
(-0.00170867 2.11873e-07 0)
(-0.00170538 2.10794e-07 0)
(-0.00170209 2.09716e-07 0)
(-0.00169879 2.08664e-07 0)
(-0.00169549 2.07634e-07 0)
(-0.00169218 2.06617e-07 0)
(-0.00168886 2.05624e-07 0)
(-0.00168553 2.04632e-07 0)
(-0.0016822 2.03708e-07 0)
(-0.00167887 2.02702e-07 0)
(-0.00167552 2.01901e-07 0)
(-0.00167217 2.00793e-07 0)
(-0.00166881 2.00246e-07 0)
(-0.00166545 1.98877e-07 0)
(-0.00166206 1.98886e-07 0)
(-0.00165869 1.96783e-07 0)
(-0.00165526 1.98086e-07 0)
(-0.00165191 1.94154e-07 0)
(-0.00164842 1.98447e-07 0)
(-0.00164512 1.90149e-07 0)
(-0.00164149 2.01224e-07 0)
(-0.00163832 1.83005e-07 0)
(-0.00163444 2.09122e-07 0)
(-0.00163157 1.6909e-07 0)
(-0.00162721 2.27308e-07 0)
(-0.00162493 1.41607e-07 0)
(-0.0016197 2.64413e-07 0)
(-0.00161847 8.97152e-08 0)
(-0.00161188 3.30028e-07 0)
(-0.00161216 7.78824e-09 0)
(-0.00160378 3.62715e-07 0)
(-0.0353512 -0.00216562 0)
(-0.0160367 -0.000524953 0)
(-0.0105911 -0.000100541 0)
(-0.00845675 -3.45768e-05 0)
(-0.00749312 -1.96722e-05 0)
(-0.00685779 -1.60032e-05 0)
(-0.00634924 -1.3206e-05 0)
(-0.00593814 -1.07596e-05 0)
(-0.00560356 -8.96199e-06 0)
(-0.00532475 -7.66512e-06 0)
(-0.00508715 -6.68291e-06 0)
(-0.00488136 -5.90714e-06 0)
(-0.00470091 -5.27892e-06 0)
(-0.00454109 -4.7614e-06 0)
(-0.0043983 -4.32897e-06 0)
(-0.00426978 -3.96309e-06 0)
(-0.00415335 -3.65005e-06 0)
(-0.00404727 -3.37951e-06 0)
(-0.00395015 -3.14355e-06 0)
(-0.00386082 -2.93603e-06 0)
(-0.00377835 -2.75206e-06 0)
(-0.00370194 -2.58775e-06 0)
(-0.00363093 -2.4399e-06 0)
(-0.00356476 -2.30591e-06 0)
(-0.00350296 -2.18353e-06 0)
(-0.00344512 -2.07091e-06 0)
(-0.00339091 -1.96633e-06 0)
(-0.00334001 -1.86839e-06 0)
(-0.00329221 -1.77559e-06 0)
(-0.00324726 -1.68684e-06 0)
(-0.00320503 -1.60051e-06 0)
(-0.00316535 -1.51588e-06 0)
(-0.00312814 -1.43063e-06 0)
(-0.00309331 -1.34472e-06 0)
(-0.00306085 -1.25431e-06 0)
(-0.00303073 -1.16055e-06 0)
(-0.003003 -1.05704e-06 0)
(-0.00297778 -9.46055e-07 0)
(-0.00295505 -8.19438e-07 0)
(-0.00293544 -6.75043e-07 0)
(-0.00291824 -5.14304e-07 0)
(-0.00290582 -3.03271e-07 0)
(-0.00289481 -1.03265e-07 0)
(-0.00289297 2.58671e-07 0)
(-0.00288837 4.6892e-07 0)
(-0.00290441 1.17245e-06 0)
(-0.00290471 1.15787e-06 0)
(-0.00295325 3.22066e-06 0)
(-0.00296525 -4.38352e-06 0)
(-0.00283815 0.000210369 0)
(-5.78528e-05 3.04552e-05 0)
(-4.99973e-05 0.000103542 0)
(-5.25923e-05 0.000155492 0)
(-6.03143e-05 0.000220051 0)
(-6.71196e-05 0.00029509 0)
(-7.04808e-05 0.000379428 0)
(-6.88794e-05 0.000467028 0)
(-6.37805e-05 0.0005542 0)
(-6.08131e-05 0.000641636 0)
(-6.0708e-05 0.000729795 0)
(-5.29264e-05 0.000806276 0)
(-2.93534e-05 0.000849485 0)
(5.23823e-06 0.000844627 0)
(4.12108e-05 0.000793169 0)
(7.40795e-05 0.000701117 0)
(0.000102888 0.000575786 0)
(0.000128566 0.000424345 0)
(0.000153319 0.000250724 0)
(0.000171515 4.77531e-05 0)
(0.000183394 -0.000168602 0)
(0.000193613 -0.000392376 0)
(0.000201566 -0.000624154 0)
(0.000206403 -0.000861034 0)
(0.000207825 -0.00109949 0)
(0.000205752 -0.00133598 0)
(0.000200212 -0.00156706 0)
(0.000191317 -0.00178952 0)
(0.000179244 -0.00200039 0)
(0.000164232 -0.002197 0)
(0.000146566 -0.00237699 0)
(0.000126584 -0.00253833 0)
(0.000104635 -0.00267938 0)
(8.10498e-05 -0.00279875 0)
(5.63869e-05 -0.0028953 0)
(3.15945e-05 -0.00296858 0)
(6.70584e-06 -0.00301914 0)
(-1.99075e-05 -0.00304675 0)
(-4.75173e-05 -0.00304919 0)
(-7.24295e-05 -0.00302778 0)
(-9.25975e-05 -0.00298589 0)
(-0.000108404 -0.00292676 0)
(-0.00012043 -0.00285334 0)
(-0.000129145 -0.00276846 0)
(-0.000135077 -0.00267472 0)
(-0.000138792 -0.00257434 0)
(-0.000140818 -0.00246922 0)
(-0.000141672 -0.00236092 0)
(-0.000141906 -0.00225061 0)
(-0.000142045 -0.00213914 0)
(-0.000142531 -0.00202703 0)
(-0.000143738 -0.00191458 0)
(-0.000145925 -0.00180187 0)
(-0.000149227 -0.0016889 0)
(-0.00015377 -0.0015756 0)
(-0.00015973 -0.00146186 0)
(-0.000167303 -0.00134748 0)
(-0.00017683 -0.00123221 0)
(-0.000189079 -0.0011157 0)
(-0.000205271 -0.000997079 0)
(-0.000226886 -0.000874847 0)
(-0.000255511 -0.000746813 0)
(-0.000292797 -0.000609822 0)
(-0.000340996 -0.000458529 0)
(-0.000393068 -0.000276412 0)
(-0.000417194 -5.30779e-05 0)
(-0.000368455 0.000190016 0)
(-0.000247993 0.000408535 0)
(-9.31056e-05 0.000575953 0)
(6.38944e-05 0.000692248 0)
(0.000203134 0.000762686 0)
(0.000303663 0.000775306 0)
(0.000360111 0.000755341 0)
(0.000370352 0.000729726 0)
(0.000341648 0.000734903 0)
(0.000257426 0.000719667 0)
(0.000136865 0.000687371 0)
(1.10936e-05 0.000644918 0)
(-8.52815e-05 0.000618612 0)
(-0.000141271 0.000631249 0)
(-0.000157361 0.000656643 0)
(-0.000140722 0.000671764 0)
(-0.000107853 0.000673422 0)
(-7.25917e-05 0.000667474 0)
(-4.05291e-05 0.000661305 0)
(-1.24036e-05 0.000657844 0)
(1.12727e-05 0.000656228 0)
(3.05707e-05 0.000653979 0)
(4.46143e-05 0.000648471 0)
(5.25117e-05 0.000638866 0)
(5.46147e-05 0.000626273 0)
(5.27742e-05 0.000612257 0)
(4.96171e-05 0.000597499 0)
(4.70663e-05 0.000581631 0)
(4.56174e-05 0.00056414 0)
(4.46932e-05 0.000545242 0)
(4.38001e-05 0.000525749 0)
(4.26428e-05 0.000506482 0)
(4.10163e-05 0.000488115 0)
(3.86821e-05 0.000471172 0)
(3.53797e-05 0.000456196 0)
(3.09611e-05 0.000443767 0)
(2.54522e-05 0.000434399 0)
(1.90208e-05 0.000428454 0)
(1.18816e-05 0.000426067 0)
(4.19895e-06 0.000427253 0)
(-3.80901e-06 0.000431935 0)
(-1.19094e-05 0.000439857 0)
(-1.98909e-05 0.000450689 0)
(-2.75057e-05 0.000464044 0)
(-3.44727e-05 0.000479473 0)
(-4.05021e-05 0.000496472 0)
(-4.53454e-05 0.000514491 0)
(-4.88529e-05 0.000532974 0)
(-5.10135e-05 0.000551412 0)
(-5.19614e-05 0.000569408 0)
(-5.19446e-05 0.000586717 0)
(-5.12684e-05 0.000603269 0)
(-5.02305e-05 0.000619151 0)
(-4.90641e-05 0.000634569 0)
(-4.79029e-05 0.000649786 0)
(-4.67748e-05 0.000665063 0)
(-4.56276e-05 0.000680597 0)
(-4.43789e-05 0.000696496 0)
(-4.29787e-05 0.00071277 0)
(-4.14675e-05 0.000729356 0)
(-4.00143e-05 0.000746163 0)
(-3.89196e-05 0.00076312 0)
(-3.85799e-05 0.000780219 0)
(-3.94222e-05 0.000797539 0)
(-4.18197e-05 0.00081525 0)
(-4.60008e-05 0.000833603 0)
(-5.19661e-05 0.000852892 0)
(-5.94348e-05 0.000873398 0)
(-6.78424e-05 0.000895297 0)
(-7.64091e-05 0.000918577 0)
(-8.42649e-05 0.000942981 0)
(-9.05989e-05 0.000968012 0)
(-9.47893e-05 0.000992996 0)
(-9.64779e-05 0.00101719 0)
(-9.55737e-05 0.00103989 0)
(-9.21955e-05 0.0010605 0)
(-8.65962e-05 0.00107859 0)
(-7.90977e-05 0.00109381 0)
(-7.0057e-05 0.00110595 0)
(-5.98427e-05 0.00111491 0)
(-4.87749e-05 0.00112067 0)
(-3.70994e-05 0.00112322 0)
(-2.51488e-05 0.00112257 0)
(-1.31953e-05 0.00111898 0)
(-1.23003e-06 0.00111264 0)
(1.07036e-05 0.00110362 0)
(2.25179e-05 0.00109202 0)
(3.41696e-05 0.00107794 0)
(4.56164e-05 0.00106149 0)
(5.68254e-05 0.00104279 0)
(6.77694e-05 0.00102195 0)
(7.84263e-05 0.000999098 0)
(8.8778e-05 0.000974346 0)
(9.88098e-05 0.000947814 0)
(0.000108509 0.000919617 0)
(0.000117868 0.00088987 0)
(0.000126878 0.000858685 0)
(0.000135534 0.000826173 0)
(0.000143831 0.00079244 0)
(0.000151768 0.00075759 0)
(0.000159339 0.000721724 0)
(0.000166543 0.000684937 0)
(0.000173372 0.000647323 0)
(0.00017982 0.000608971 0)
(0.000185874 0.000569967 0)
(0.00019152 0.000530394 0)
(0.000196735 0.000490332 0)
(0.000201489 0.000449861 0)
(0.000205748 0.00040906 0)
(0.000209463 0.000368011 0)
(0.000212577 0.000326796 0)
(0.000215024 0.000285507 0)
(0.000216724 0.000244245 0)
(0.000217588 0.000203125 0)
(0.000217519 0.00016228 0)
(0.000216413 0.000121865 0)
(0.000214168 8.20614e-05 0)
(0.000210699 4.30757e-05 0)
(0.000205878 5.12988e-06 0)
(0.000199609 -3.15e-05 0)
(0.000191895 -6.65468e-05 0)
(0.000182685 -9.97553e-05 0)
(0.000171918 -0.000130858 0)
(0.000159576 -0.000159649 0)
(0.000145595 -0.000186015 0)
(0.000129818 -0.000210036 0)
(0.000111859 -0.000232176 0)
(9.08657e-05 -0.000253651 0)
(6.50711e-05 -0.000277186 0)
(3.08273e-05 -0.000308488 0)
(-1.90309e-05 -0.000358618 0)
(-9.90426e-05 -0.000447906 0)
(-0.000238884 -0.000608576 0)
(-0.000480618 -0.000872684 0)
(-0.00082213 -0.0012271 0)
(-1.72983e-06 6.211e-05 0)
(-6.66371e-05 6.38867e-05 0)
(-0.000110088 6.29555e-05 0)
(-0.000158146 6.92918e-05 0)
(-0.000219139 8.02432e-05 0)
(-0.000292536 9.04586e-05 0)
(-0.00037387 9.74911e-05 0)
(-0.000459453 0.000101865 0)
(-0.000547628 0.000104753 0)
(-0.000637963 0.000107001 0)
(-0.000730783 0.00010892 0)
(-0.000826188 0.00011009 0)
(-0.000923971 0.000110394 0)
(-0.00102384 0.000108741 0)
(-0.00112284 0.000102634 0)
(-0.00121549 9.22564e-05 0)
(-0.00129905 8.00069e-05 0)
(-0.00137319 6.42203e-05 0)
(-0.00143285 4.06814e-05 0)
(-0.00146867 1.20252e-05 0)
(-0.00147887 -1.461e-05 0)
(-0.00147002 -3.86327e-05 0)
(-0.00144648 -6.76434e-05 0)
(-0.00140032 -0.000107941 0)
(-0.00132031 -0.000153064 0)
(-0.00120661 -0.000190199 0)
(-0.00107026 -0.000213552 0)
(-0.000924449 -0.00022708 0)
(-0.000777385 -0.000244643 0)
(-0.000615285 -0.000278129 0)
(-0.00041284 -0.000300619 0)
(-0.000185705 -0.000270785 0)
(2.23704e-05 -0.000205693 0)
(0.000194501 -0.000150798 0)
(0.0003254 -0.000136609 0)
(0.000476981 -0.000182552 0)
(0.000694008 -0.000216066 0)
(0.000905433 -0.000158561 0)
(0.00102985 -7.134e-05 0)
(0.00110234 -2.33285e-05 0)
(0.00115802 8.81625e-06 0)
(0.00119086 4.11268e-05 0)
(0.00120796 6.11803e-05 0)
(0.00123346 5.91124e-05 0)
(0.00128824 2.2478e-05 0)
(0.00138352 -6.92434e-05 0)
(0.00152453 -0.000218245 0)
(0.00169866 -0.000356693 0)
(0.00187541 -0.000378241 0)
(0.00198046 -0.000247971 0)
(0.00195029 -5.1973e-05 0)
(0.0018157 9.19173e-05 0)
(0.00165926 0.000156935 0)
(0.00150861 0.000182991 0)
(0.00135655 0.000200916 0)
(0.00119255 0.000220892 0)
(0.00101041 0.000244395 0)
(0.000806953 0.000271033 0)
(0.000580592 0.000300189 0)
(0.000329939 0.000331727 0)
(4.83303e-05 0.000365367 0)
(-0.000270921 0.000388195 0)
(-0.000590715 0.000379558 0)
(-0.000880237 0.000344204 0)
(-0.00114502 0.000288707 0)
(-0.00137147 0.000207803 0)
(-0.00153291 0.000101227 0)
(-0.00160669 -2.53137e-05 0)
(-0.001575 -0.000156265 0)
(-0.00143008 -0.000273979 0)
(-0.00118243 -0.000342411 0)
(-0.000885973 -0.000338599 0)
(-0.000609338 -0.000273835 0)
(-0.000396695 -0.000192051 0)
(-0.00025193 -0.000127267 0)
(-0.000153351 -8.74236e-05 0)
(-7.71826e-05 -6.70195e-05 0)
(-1.57823e-05 -5.32689e-05 0)
(2.81921e-05 -3.91071e-05 0)
(5.77578e-05 -2.60158e-05 0)
(7.67252e-05 -1.69124e-05 0)
(8.89747e-05 -1.22304e-05 0)
(9.82409e-05 -1.12986e-05 0)
(0.000106738 -1.27588e-05 0)
(0.000115078 -1.46273e-05 0)
(0.000122431 -1.52227e-05 0)
(0.000127632 -1.39065e-05 0)
(0.000129359 -1.03327e-05 0)
(0.000126263 -4.83555e-06 0)
(0.000117554 1.55813e-06 0)
(0.000103384 7.82872e-06 0)
(8.44361e-05 1.31384e-05 0)
(6.20693e-05 1.67723e-05 0)
(3.80809e-05 1.83443e-05 0)
(1.42428e-05 1.7816e-05 0)
(-7.9966e-06 1.50156e-05 0)
(-2.71817e-05 8.80141e-06 0)
(-3.89567e-05 -3.68076e-06 0)
(-3.4565e-05 -2.01866e-05 0)
(-3.00791e-06 -2.79628e-05 0)
(-2.79275e-05 -1.27924e-05 0)
(-2.38251e-05 -5.07084e-05 0)
(-1.61676e-05 -6.89328e-05 0)
(-8.13891e-06 -7.37407e-05 0)
(9.18995e-07 -6.73245e-05 0)
(1.28613e-05 -4.36914e-05 0)
(3.04627e-05 4.80709e-06 0)
(5.11956e-05 8.11115e-05 0)
(5.09303e-05 0.000157103 0)
(5.8323e-08 0.000175965 0)
(-0.000109525 6.36472e-05 0)
(-0.000202699 -0.000210008 0)
(-0.000237493 -0.000544928 0)
(-0.000209699 -0.000866269 0)
(-0.000137775 -0.00112242 0)
(-3.96694e-05 -0.00127536 0)
(7.32792e-05 -0.00131201 0)
(0.000182885 -0.00121923 0)
(0.000259914 -0.00101053 0)
(0.000282197 -0.000731322 0)
(0.000246809 -0.000445015 0)
(0.000173506 -0.000205015 0)
(8.07809e-05 -3.64665e-05 0)
(-2.53699e-05 4.62791e-05 0)
(-0.000106164 2.6045e-05 0)
(-0.000142279 -6.48124e-05 0)
(-0.000156263 -0.000180116 0)
(-0.000193775 -0.000327633 0)
(-0.000255515 -0.000570091 0)
(-0.000277968 -0.00089084 0)
(-0.000211817 -0.00119471 0)
(-7.99328e-05 -0.00138648 0)
(8.5232e-05 -0.00143137 0)
(0.000255861 -0.00130413 0)
(0.000364992 -0.00101167 0)
(0.000360415 -0.000637171 0)
(0.000269914 -0.00031706 0)
(0.000190886 -0.000107032 0)
(0.000191916 1.21238e-05 0)
(0.000218187 0.000111843 0)
(7.34087e-05 0.000218054 0)
(-0.000239369 8.47894e-05 0)
(-0.000488338 -0.000123433 0)
(-0.00064557 -0.000341496 0)
(-0.000699785 -0.00055022 0)
(-0.000574343 -0.000720153 0)
(-0.000482922 -0.00103145 0)
(-0.000219607 -0.00110264 0)
(5.39358e-05 -0.000802766 0)
(0.000112591 -0.000595756 0)
(6.51745e-05 -0.000521296 0)
(3.02603e-05 -0.000497095 0)
(2.96335e-06 -0.000503519 0)
(-1.97391e-05 -0.000535235 0)
(-4.15828e-05 -0.00059691 0)
(-5.74867e-05 -0.000691178 0)
(-6.14143e-05 -0.000797206 0)
(-4.59017e-05 -0.000898233 0)
(-3.64121e-06 -0.000989852 0)
(7.72052e-05 -0.00104089 0)
(0.000189341 -0.00102039 0)
(0.000321273 -0.000916407 0)
(0.000462036 -0.000715413 0)
(0.000583544 -0.00040158 0)
(0.000647529 6.03529e-06 0)
(0.00064677 0.000434108 0)
(0.000592235 0.000832254 0)
(0.000500443 0.00118314 0)
(0.000379393 0.00147115 0)
(0.000239341 0.00168896 0)
(9.3451e-05 0.00182099 0)
(-2.48241e-05 0.00185259 0)
(-8.60551e-05 0.00181499 0)
(-0.000130528 0.00187703 0)
(-0.000326459 0.00218139 0)
(-0.000659751 0.00235351 0)
(-0.000571408 0.00236879 0)
(0.00121089 0.00421752 0)
(0.00257622 0.00350654 0)
(0.00290737 0.00532376 0)
(0.00184659 0.00669662 0)
(0.00123907 0.00660343 0)
(0.00123652 0.00702329 0)
(0.000813715 0.00750194 0)
(0.000519992 0.00757502 0)
(0.000399636 0.0076892 0)
(0.000161675 0.00775681 0)
(2.30033e-05 0.00768421 0)
(-6.82069e-05 0.00761849 0)
(-0.000180081 0.00751164 0)
(-0.000241951 0.00736226 0)
(-0.000296538 0.00721067 0)
(-0.000345405 0.00703514 0)
(-0.00037338 0.00684997 0)
(-0.000399917 0.00666245 0)
(-0.000418734 0.00646702 0)
(-0.000430179 0.00627211 0)
(-0.000440223 0.00607768 0)
(-0.000445523 0.00588357 0)
(-0.000447961 0.00569322 0)
(-0.000448698 0.00550622 0)
(-0.000446545 0.00532356 0)
(-0.000442483 0.00514675 0)
(-0.000436605 0.00497608 0)
(-0.000428743 0.00481259 0)
(-0.000419526 0.00465718 0)
(-0.00040929 0.00451029 0)
(-0.000398548 0.00437249 0)
(-0.000388103 0.00424401 0)
(-0.000378673 0.00412473 0)
(-0.00037103 0.00401442 0)
(-0.000365896 0.0039126 0)
(-0.000363788 0.00381865 0)
(-0.000365029 0.00373199 0)
(-0.000369755 0.00365206 0)
(-0.000378005 0.00357834 0)
(-0.000389747 0.00351005 0)
(-0.000404499 0.0034459 0)
(-0.000420787 0.00338412 0)
(-0.000435441 0.00332286 0)
(-0.00044225 0.0032613 0)
(-0.000431228 0.00320182 0)
(-0.000390494 0.00315207 0)
(-0.000308786 0.00312514 0)
(-0.000179909 0.00313835 0)
(-4.04605e-06 0.00320261 0)
(0.000220372 0.00332282 0)
(0.000494956 0.00350329 0)
(0.000815838 0.00374657 0)
(0.00117347 0.00405645 0)
(0.00154455 0.00445254 0)
(0.0018746 0.00497618 0)
(0.00208777 0.00561012 0)
(0.00215811 0.00624041 0)
(0.00214502 0.00680346 0)
(0.00208668 0.00734346 0)
(0.00195976 0.00786204 0)
(0.00178508 0.00827906 0)
(0.00162757 0.00861683 0)
(0.00148159 0.00895496 0)
(0.0013102 0.00927054 0)
(0.00113094 0.0095149 0)
(0.000968688 0.00971251 0)
(0.000813762 0.00988914 0)
(0.000658996 0.0100325 0)
(0.000511505 0.0101374 0)
(0.000372819 0.0102136 0)
(0.000238824 0.0102637 0)
(0.000110106 0.0102851 0)
(-9.91891e-06 0.0102796 0)
(-0.000119668 0.0102525 0)
(-0.000223109 0.0102087 0)
(-0.000323447 0.0101467 0)
(-0.000418861 0.0100672 0)
(-0.000510466 0.00997243 0)
(-0.000599155 0.00986219 0)
(-0.000684662 0.00973736 0)
(-0.000767619 0.00959908 0)
(-0.00084838 0.00944778 0)
(-0.000927051 0.00928421 0)
(-0.00100398 0.00910915 0)
(-0.00107937 0.00892317 0)
(-0.00115342 0.00872693 0)
(-0.00122636 0.00852108 0)
(-0.0012984 0.00830618 0)
(-0.00136975 0.00808284 0)
(-0.00144066 0.00785164 0)
(-0.00151139 0.00761311 0)
(-0.0015822 0.00736783 0)
(-0.00165343 0.00711632 0)
(-0.00172543 0.00685912 0)
(-0.00179862 0.00659673 0)
(-0.00187347 0.00632963 0)
(-0.00195053 0.00605827 0)
(-0.00203042 0.00578301 0)
(-0.00211384 0.00550412 0)
(-0.00220158 0.0052217 0)
(-0.00229447 0.00493563 0)
(-0.00239341 0.00464552 0)
(-0.00249924 0.00435065 0)
(-0.00261277 0.00404998 0)
(-0.00273464 0.00374216 0)
(-0.00286534 0.0034257 0)
(-0.00300517 0.00309912 0)
(-0.00315429 0.00276117 0)
(-0.00331281 0.00241102 0)
(-0.00348104 0.00204838 0)
(-0.00365966 0.00167344 0)
(-0.00384846 0.00128676 0)
(-0.00404419 0.0008898 0)
(-0.00426055 0.000485932 0)
(-0.00450656 6.97351e-05 0)
(-0.00476793 -0.000360375 0)
(-0.00504956 -0.000797122 0)
(-0.00537025 -0.0012664 0)
(-0.00571033 -0.00167222 0)
(-0.00614806 -0.00230311 0)
(-0.00644597 -0.00249562 0)
(-0.00708027 -0.0036401 0)
(-0.00668912 -0.00283477 0)
)
;
    }
    frontAndBack
    {
        type            empty;
    }
}


// ************************************************************************* //
