/*--------------------------------*- C++ -*----------------------------------*\
  =========                 |
  \\      /  F ield         | OpenFOAM: The Open Source CFD Toolbox
   \\    /   O peration     | Website:  https://openfoam.org
    \\  /    A nd           | Version:  7
     \\/     M anipulation  |
\*---------------------------------------------------------------------------*/
FoamFile
{
    version     2.0;
    format      ascii;
    class       volScalarField;
    location    "0.19";
    object      yPlus;
}
// * * * * * * * * * * * * * * * * * * * * * * * * * * * * * * * * * * * * * //

dimensions      [0 0 0 0 0 0 0];

internalField   uniform 0;

boundaryField
{
    velocityInlet
    {
        type            calculated;
        value           uniform 0;
    }
    pressureOutlet
    {
        type            calculated;
        value           uniform 0;
    }
    fixedWalls
    {
        type            calculated;
        value           nonuniform List<scalar> 
100
(
2.06674
1.58161
0.662052
0.568767
0.442914
0.301235
0.60127
0.677106
0.853622
0.969573
1.06544
1.07824
0.929698
0.254565
1.1117
1.62823
1.93783
2.05071
1.97342
1.73916
1.38935
0.939961
0.243282
0.759357
1.02349
1.1906
1.37244
1.34425
0.867681
0.354671
0.549472
0.658603
0.783265
0.894893
0.993064
1.05164
1.06439
1.02601
0.936502
0.795359
0.594313
0.270146
0.42758
0.627202
0.743592
0.814228
0.854838
0.875155
0.88233
0.881654
0.876667
0.869556
0.861316
0.852289
0.842778
0.833443
0.825288
0.819473
0.817104
0.819028
0.826363
0.840741
0.860433
0.874536
0.863734
0.808468
0.699591
0.549946
0.415228
0.417392
0.572725
0.762867
0.928738
1.05825
1.15258
1.20808
1.20741
1.11875
0.889246
0.286655
0.832044
1.10921
1.17476
1.06514
0.814973
0.397995
0.520874
0.760752
0.88218
0.950133
1.00161
1.0546
1.1352
1.23261
1.35471
1.39768
1.25912
0.717027
1.32161
0.988054
)
;
    }
    bottomWall
    {
        type            calculated;
        value           nonuniform List<scalar> 
800
(
2.9448
1.98395
1.61355
1.44053
1.3555
1.29698
1.24816
1.20717
1.17275
1.1433
1.11761
1.0949
1.0746
1.05632
1.03973
1.02459
1.0107
0.997884
0.986022
0.975
0.964724
0.955114
0.946103
0.937635
0.929656
0.922124
0.915002
0.908254
0.90185
0.895764
0.889972
0.884452
0.879185
0.874154
0.869343
0.864738
0.860325
0.856092
0.852028
0.848124
0.84437
0.840758
0.837279
0.833925
0.830692
0.827572
0.824558
0.821649
0.818833
0.816113
0.813833
0.811946
0.810078
0.808235
0.806417
0.804624
0.802852
0.801103
0.799376
0.797669
0.795985
0.79432
0.792675
0.79105
0.789445
0.787858
0.786289
0.784739
0.783207
0.781691
0.780193
0.778712
0.777247
0.775799
0.774366
0.772949
0.771548
0.770161
0.76879
0.767432
0.766089
0.76476
0.763445
0.762143
0.760854
0.759579
0.758317
0.757066
0.755829
0.754603
0.75339
0.752188
0.750998
0.74982
0.748654
0.747497
0.746352
0.745218
0.744093
0.74298
0.741877
0.740783
0.7397
0.738627
0.737562
0.736508
0.735462
0.734427
0.733399
0.732382
0.731372
0.730371
0.729378
0.728394
0.727418
0.726451
0.725491
0.724539
0.723595
0.722658
0.721729
0.720807
0.719892
0.718985
0.718084
0.71719
0.716304
0.715425
0.714552
0.713684
0.712825
0.71197
0.711123
0.710282
0.709447
0.708617
0.707794
0.706975
0.706164
0.705357
0.704556
0.703761
0.702972
0.702187
0.701407
0.700633
0.699863
0.699099
0.69834
0.697585
0.696951
0.696432
0.695911
0.69539
0.694866
0.694342
0.693815
0.693287
0.692758
0.692228
0.691697
0.691164
0.690629
0.690093
0.689556
0.689018
0.688478
0.687936
0.687393
0.686849
0.686303
0.685756
0.685207
0.684657
0.684106
0.683553
0.682998
0.682442
0.681885
0.681326
0.680765
0.680204
0.67964
0.679075
0.67851
0.677942
0.677373
0.676802
0.67623
0.675657
0.675081
0.674505
0.673926
0.673347
0.672765
0.672183
0.671599
0.671012
0.670426
0.669837
0.669247
0.668655
0.668061
0.667467
0.66687
0.666272
0.665674
0.665072
0.66447
0.663867
0.663261
0.662654
0.662045
0.661434
0.660823
0.66021
0.659594
0.658978
0.65836
0.65774
0.657119
0.656496
0.655871
0.655245
0.654617
0.653987
0.653356
0.652723
0.652089
0.651451
0.650813
0.650172
0.649532
0.648885
0.648244
0.647589
0.646949
0.64628
0.64565
0.644956
0.644351
0.643609
0.643059
0.642225
0.641786
0.640787
0.640546
0.639289
0.639337
0.637736
2.94478
1.98381
1.61318
1.43987
1.35452
1.29566
1.24647
1.20509
1.17028
1.14043
1.11433
1.09118
1.07045
1.05171
1.03464
1.019
1.00458
0.991219
0.978775
0.967137
0.956208
0.945903
0.936152
0.92689
0.918061
0.909614
0.901503
0.893684
0.886118
0.878765
0.87159
0.864552
0.857619
0.850747
0.8439
0.837034
0.8301
0.823053
0.815818
0.808374
0.800542
0.79246
0.783564
0.774655
0.763806
0.754261
0.739424
0.730783
0.708076
0.681237
0.231166
0.265553
0.294419
0.345028
0.438955
0.570744
0.689679
0.707885
0.480645
1.13417
1.927
2.64938
3.17383
3.50559
3.73372
3.90521
4.03586
4.12574
4.16644
4.14888
4.07138
3.9275
3.71285
3.42046
3.0385
2.54336
1.88389
1.19226
1.91254
2.6307
3.19311
3.65833
4.05795
4.40087
4.69564
4.94794
5.16175
5.34012
5.48518
5.59898
5.68297
5.73842
5.76767
5.77028
5.74764
5.70262
5.63696
5.55262
5.45176
5.3364
5.20832
5.06909
4.9199
4.76171
4.59503
4.41987
4.23574
4.04164
3.836
3.61654
3.38042
3.12413
2.8423
2.52967
2.18127
1.79368
1.36394
0.907924
0.810372
1.07434
1.24772
1.34133
1.38355
1.39879
1.40615
1.41888
1.44534
1.48503
1.53704
1.60079
1.67313
1.75095
1.83178
1.91294
1.99092
2.06146
2.12126
2.16962
2.20707
2.23454
2.25248
2.26087
2.25945
2.25641
2.24466
2.22325
2.19246
2.15264
2.10418
2.04749
1.98295
1.91089
1.8316
1.74531
1.6522
1.55229
1.44539
1.331
1.20824
1.07566
0.931262
0.773784
0.61436
0.543829
0.648174
0.791907
0.921897
1.03541
1.1353
1.22425
1.30442
1.37745
1.44461
1.50702
1.56559
1.621
1.67374
1.72408
1.77217
1.81806
1.86172
1.903
1.94151
1.97665
2.0076
2.03352
2.05364
2.06727
2.07372
2.07254
2.0634
2.04564
2.01856
1.98217
1.93708
1.88431
1.82511
1.76075
1.69245
1.62129
1.54825
1.47423
1.40007
1.32651
1.25424
1.18392
1.11613
1.05143
0.990325
0.933313
0.880869
0.833471
0.791596
0.75572
0.726293
0.703747
0.688521
0.680917
0.681064
0.688704
0.703055
0.723139
0.747908
0.776347
0.807541
0.840703
0.875165
0.910357
0.945792
0.981348
1.01637
1.0505
1.0834
1.11478
1.14434
1.17186
1.19711
1.21993
1.24022
1.25791
1.2731
1.28685
1.29771
1.30401
1.30275
1.29202
1.27781
1.28866
1.41946
1.77662
0.204596
0.180712
0.375522
0.598475
0.779555
0.928587
1.05981
1.18228
1.30142
1.41761
1.52685
1.62189
1.69444
1.7394
1.75988
1.76567
1.75922
1.72909
1.66138
1.55317
1.41372
1.23595
1.00396
1.02979
1.492
1.97573
2.45412
2.92356
3.34458
3.67049
3.72724
3.43732
3.6545
3.94675
3.80712
5.20103
6.33447
6.84728
7.25333
7.64403
7.83173
7.99829
8.09242
8.12218
8.13007
8.09165
8.03583
7.9536
7.8523
7.73691
7.60362
7.45502
7.28967
7.10352
6.89175
6.64763
6.36275
6.02805
5.63342
5.16717
4.62851
3.98383
3.16573
2.17191
2.23842
3.23501
4.09042
4.82679
5.48615
6.09655
6.67312
7.22428
7.75318
8.25743
8.72922
9.15595
9.52027
9.8049
9.98777
10.0597
9.99432
9.79032
9.38641
8.68854
7.69092
6.18827
3.2129
3.12728
2.00132
1.20246
2.54352
3.26652
3.777
3.95764
3.94094
3.76497
3.40811
2.81644
1.82946
0.615695
0.695654
1.25025
2.15956
3.01908
3.69245
4.15787
4.44395
4.59837
4.64472
4.60518
4.50193
4.34866
4.1557
3.92677
3.64636
3.26638
2.69289
1.77845
1.74898
2.73765
3.44514
3.96004
4.30768
4.4822
4.47379
4.27023
3.86724
3.2564
2.48744
1.5983
1.07233
1.71731
2.14033
2.28389
2.28571
2.11006
1.90019
1.80922
1.85609
1.84446
1.686
1.44139
1.06392
1.1165
1.74259
2.22313
2.44132
2.29351
1.98185
2.36902
3.07961
3.36591
3.30871
3.85191
5.01312
5.81218
6.18102
6.39758
6.62441
6.78579
6.87384
6.9492
6.99488
7.01495
7.02562
7.02099
7.00748
6.98787
6.96081
6.9294
6.89352
6.85379
6.81104
6.76536
6.71717
6.66676
6.6143
6.56005
6.50421
6.44701
6.3887
6.32955
6.26982
6.20984
6.14994
6.09045
6.03173
5.97415
5.91803
5.86371
5.81149
5.76166
5.71444
5.67003
5.6286
5.59024
5.55504
5.52303
5.49423
5.46861
5.44612
5.42673
5.41035
5.39691
5.38633
5.37851
5.37336
5.37078
5.37075
5.373
5.37733
5.38363
5.39173
5.40145
5.41255
5.42477
5.43784
5.45143
5.4652
5.4788
5.49187
5.50407
5.51504
5.52446
5.53206
5.53757
5.54078
5.54148
5.53963
5.53519
5.52808
5.51828
5.50579
5.49065
5.47287
5.4525
5.42959
5.40416
5.37628
5.34594
5.31319
5.27802
5.24044
5.20043
5.15797
5.113
5.06549
5.01534
4.96248
4.90683
4.84824
4.7866
4.72176
4.65356
4.58179
4.50627
4.42674
4.34296
4.25462
4.16139
4.06292
3.95878
3.84851
3.73159
3.60745
3.47543
3.33487
3.18509
3.02553
2.86444
2.7018
2.53187
2.36137
2.20862
2.10945
2.10915
2.2202
2.40945
2.63699
2.87861
3.12348
3.36769
3.61794
3.87248
4.12591
4.37888
4.63226
4.8869
5.14384
5.40376
5.66813
5.93683
6.21313
6.4934
6.78793
7.07959
7.40365
7.69424
8.06829
8.28951
)
;
    }
    frontAndBack
    {
        type            empty;
    }
}


// ************************************************************************* //
