/*--------------------------------*- C++ -*----------------------------------*\
  =========                 |
  \\      /  F ield         | OpenFOAM: The Open Source CFD Toolbox
   \\    /   O peration     | Website:  https://openfoam.org
    \\  /    A nd           | Version:  7
     \\/     M anipulation  |
\*---------------------------------------------------------------------------*/
FoamFile
{
    version     2.0;
    format      ascii;
    class       volVectorField;
    location    "0.18";
    object      wallShearStress;
}
// * * * * * * * * * * * * * * * * * * * * * * * * * * * * * * * * * * * * * //

dimensions      [0 2 -2 0 0 0 0];

internalField   uniform (0 0 0);

boundaryField
{
    velocityInlet
    {
        type            calculated;
        value           uniform (0 0 0);
    }
    pressureOutlet
    {
        type            calculated;
        value           uniform (0 0 0);
    }
    fixedWalls
    {
        type            calculated;
        value           nonuniform List<vector> 
100
(
(-0.023435 -0.00698007 0)
(-0.00390826 -0.00148531 0)
(-0.00347278 0.000255003 0)
(-0.00403509 0.000181517 0)
(-0.00427175 6.53823e-05 0)
(-0.00419909 1.26599e-05 0)
(-0.00394621 -1.32036e-05 0)
(-0.00367239 -1.92377e-05 0)
(-0.00346305 -1.46062e-05 0)
(-0.00334232 -6.71212e-06 0)
(-0.00330454 5.03051e-07 0)
(-0.00333594 6.74019e-06 0)
(-0.00344163 1.63676e-05 0)
(-0.00367208 3.96354e-05 0)
(-0.00409058 7.44145e-05 0)
(-0.00464148 9.05272e-05 0)
(-0.00500559 3.63597e-05 0)
(-0.00462322 -0.000113795 0)
(-0.00347811 -0.000207496 0)
(-0.00295022 -4.41599e-05 0)
(-0.00441202 0.000248303 0)
(-0.00681386 0.000295209 0)
(-0.00854771 0.000183619 0)
(-0.0101519 0.000271303 0)
(-0.0123257 0.000413911 0)
(-0.0132621 0.00023388 0)
(-0.0104365 -0.000511639 0)
(-0.00284132 -0.00114048 0)
(0.00596353 -0.00132408 0)
(0.0128912 -0.00108029 0)
(0.0165875 -0.000588858 0)
(0.0166512 -5.16894e-05 0)
(0.0135392 0.000380057 0)
(0.00837442 0.00059832 0)
(0.00217809 0.000654922 0)
(-0.00404297 0.000580825 0)
(-0.0086296 0.000366645 0)
(-0.0103334 8.15428e-05 0)
(-0.00998528 -7.16768e-05 0)
(-0.0101887 0.000132302 0)
(-0.0123744 0.000408124 0)
(-0.0148792 0.000426054 0)
(-0.0146434 -7.24913e-06 0)
(-0.00934998 -0.000867974 0)
(-0.000197827 -0.00123811 0)
(0.00773653 -0.00105515 0)
(0.0117442 -0.000491362 0)
(0.0113366 7.43142e-05 0)
(0.00789976 0.000400623 0)
(0.00341217 0.000465129 0)
(-0.000598831 0.00038073 0)
(-0.00343254 0.00024576 0)
(-0.00505779 0.00013084 0)
(-0.00575883 5.44789e-05 0)
(-0.00587969 1.13797e-05 0)
(-0.00568944 -1.28761e-05 0)
(-0.0053597 -2.32227e-05 0)
(-0.00498386 -2.71804e-05 0)
(-0.00460798 -2.83088e-05 0)
(-0.0042597 -2.70313e-05 0)
(-0.0039671 -2.22971e-05 0)
(-0.00375903 -1.38897e-05 0)
(-0.00365222 -3.55083e-06 0)
(-0.00363733 5.76647e-06 0)
(-0.00367423 1.09711e-05 0)
(-0.00370096 1.06382e-05 0)
(-0.00365531 2.486e-06 0)
(-0.00349844 -8.68581e-06 0)
(-0.00322513 -1.97593e-05 0)
(-0.0028502 -2.99099e-05 0)
(-0.00238085 -4.15796e-05 0)
(-0.0018156 -5.51911e-05 0)
(-0.0011942 -6.35015e-05 0)
(-0.000643093 -5.50622e-05 0)
(-0.000338285 -2.75691e-05 0)
(-0.000389542 7.52215e-06 0)
(-0.000744961 3.57615e-05 0)
(-0.00123099 4.67303e-05 0)
(-0.00166656 3.94907e-05 0)
(-0.00193086 2.2281e-05 0)
(-0.00198539 3.48025e-06 0)
(-0.00186951 -1.15769e-05 0)
(-0.00166948 -1.84572e-05 0)
(-0.00147612 -1.7226e-05 0)
(-0.00135566 -1.03583e-05 0)
(-0.00134192 -9.10036e-07 0)
(-0.00143193 8.41174e-06 0)
(-0.00158668 1.3922e-05 0)
(-0.00174826 1.40723e-05 0)
(-0.00187295 1.09526e-05 0)
(-0.00194532 7.42975e-06 0)
(-0.0019707 5.14297e-06 0)
(-0.0019452 1.25697e-06 0)
(-0.00185887 -3.95435e-06 0)
(-0.00168436 -1.20532e-05 0)
(-0.00143863 -1.8896e-05 0)
(-0.0011112 -2.57639e-05 0)
(-0.000821676 -2.39394e-05 0)
(-0.000506366 -2.07863e-05 0)
(-0.000466327 -3.47386e-06 0)
)
;
    }
    bottomWall
    {
        type            calculated;
        value           nonuniform List<vector> 
800
(
(-0.0353488 0.00214398 0)
(-0.0160263 0.000524844 0)
(-0.0106072 0.000100727 0)
(-0.00845507 3.52683e-05 0)
(-0.00748515 1.98662e-05 0)
(-0.00685137 1.61261e-05 0)
(-0.00634372 1.33594e-05 0)
(-0.00593249 1.09018e-05 0)
(-0.00559769 9.07898e-06 0)
(-0.00531886 7.76166e-06 0)
(-0.00508141 6.76409e-06 0)
(-0.0048759 5.97602e-06 0)
(-0.00469585 5.3375e-06 0)
(-0.00453651 4.81117e-06 0)
(-0.0043943 4.37128e-06 0)
(-0.00426643 3.99912e-06 0)
(-0.00415071 3.68088e-06 0)
(-0.0040454 3.40608e-06 0)
(-0.00394906 3.16681e-06 0)
(-0.00386055 2.95708e-06 0)
(-0.00377888 2.77187e-06 0)
(-0.00370326 2.60736e-06 0)
(-0.003633 2.46048e-06 0)
(-0.00356753 2.32854e-06 0)
(-0.00350635 2.2095e-06 0)
(-0.00344904 2.10179e-06 0)
(-0.00339521 2.0039e-06 0)
(-0.00334456 1.91452e-06 0)
(-0.00329679 1.83265e-06 0)
(-0.00325166 1.75739e-06 0)
(-0.00320896 1.68805e-06 0)
(-0.00316848 1.624e-06 0)
(-0.00313005 1.5646e-06 0)
(-0.00309353 1.50942e-06 0)
(-0.00305876 1.45817e-06 0)
(-0.00302562 1.41022e-06 0)
(-0.002994 1.36532e-06 0)
(-0.0029638 1.32348e-06 0)
(-0.00293492 1.28411e-06 0)
(-0.00290728 1.24696e-06 0)
(-0.00288081 1.21205e-06 0)
(-0.00285542 1.17917e-06 0)
(-0.00283106 1.14821e-06 0)
(-0.00280766 1.11883e-06 0)
(-0.00278517 1.09104e-06 0)
(-0.00276354 1.06438e-06 0)
(-0.00274272 1.03966e-06 0)
(-0.00272268 1.01539e-06 0)
(-0.00270335 9.93426e-07 0)
(-0.00268473 9.70132e-07 0)
(-0.00266916 9.50827e-07 0)
(-0.00265631 9.39659e-07 0)
(-0.00264363 9.25764e-07 0)
(-0.00263113 9.10875e-07 0)
(-0.00261883 8.96975e-07 0)
(-0.00260672 8.83646e-07 0)
(-0.00259478 8.7053e-07 0)
(-0.00258302 8.57814e-07 0)
(-0.00257144 8.45192e-07 0)
(-0.00256002 8.33155e-07 0)
(-0.00254876 8.21363e-07 0)
(-0.00253766 8.09481e-07 0)
(-0.00252673 7.98171e-07 0)
(-0.00251594 7.871e-07 0)
(-0.0025053 7.76098e-07 0)
(-0.00249481 7.65497e-07 0)
(-0.00248446 7.55126e-07 0)
(-0.00247425 7.44819e-07 0)
(-0.00246418 7.3474e-07 0)
(-0.00245425 7.24887e-07 0)
(-0.00244445 7.15256e-07 0)
(-0.00243478 7.05849e-07 0)
(-0.00242523 6.9666e-07 0)
(-0.00241581 6.87524e-07 0)
(-0.00240651 6.78605e-07 0)
(-0.00239733 6.699e-07 0)
(-0.00238827 6.61408e-07 0)
(-0.00237932 6.52961e-07 0)
(-0.00237049 6.44558e-07 0)
(-0.00236177 6.36531e-07 0)
(-0.00235316 6.28711e-07 0)
(-0.00234465 6.20766e-07 0)
(-0.00233625 6.13025e-07 0)
(-0.00232795 6.05657e-07 0)
(-0.00231976 5.9816e-07 0)
(-0.00231166 5.90866e-07 0)
(-0.00230366 5.83774e-07 0)
(-0.00229576 5.76718e-07 0)
(-0.00228795 5.69697e-07 0)
(-0.00228024 5.63044e-07 0)
(-0.00227261 5.56423e-07 0)
(-0.00226507 5.49669e-07 0)
(-0.00225763 5.4328e-07 0)
(-0.00225027 5.3709e-07 0)
(-0.00224299 5.3093e-07 0)
(-0.0022358 5.24801e-07 0)
(-0.00222868 5.18702e-07 0)
(-0.00222165 5.12799e-07 0)
(-0.0022147 5.06925e-07 0)
(-0.00220783 5.01245e-07 0)
(-0.00220103 4.9576e-07 0)
(-0.00219431 4.90134e-07 0)
(-0.00218766 4.84702e-07 0)
(-0.00218109 4.79462e-07 0)
(-0.00217458 4.74248e-07 0)
(-0.00216815 4.69059e-07 0)
(-0.00216178 4.63895e-07 0)
(-0.00215549 4.58922e-07 0)
(-0.00214925 4.54139e-07 0)
(-0.00214309 4.49214e-07 0)
(-0.00213699 4.44478e-07 0)
(-0.00213095 4.39932e-07 0)
(-0.00212497 4.35241e-07 0)
(-0.00211906 4.3074e-07 0)
(-0.00211321 4.26259e-07 0)
(-0.00210742 4.21968e-07 0)
(-0.00210168 4.17696e-07 0)
(-0.002096 4.13445e-07 0)
(-0.00209038 4.09214e-07 0)
(-0.00208482 4.05171e-07 0)
(-0.0020793 4.01312e-07 0)
(-0.00207384 3.97139e-07 0)
(-0.00206844 3.93318e-07 0)
(-0.00206308 3.89515e-07 0)
(-0.00205779 3.8573e-07 0)
(-0.00205253 3.82128e-07 0)
(-0.00204733 3.78376e-07 0)
(-0.00204218 3.74641e-07 0)
(-0.00203707 3.71256e-07 0)
(-0.00203201 3.67887e-07 0)
(-0.002027 3.64368e-07 0)
(-0.00202203 3.60866e-07 0)
(-0.00201712 3.57543e-07 0)
(-0.00201224 3.54405e-07 0)
(-0.00200741 3.51282e-07 0)
(-0.00200261 3.48173e-07 0)
(-0.00199786 3.44912e-07 0)
(-0.00199316 3.4183e-07 0)
(-0.00198849 3.38767e-07 0)
(-0.00198387 3.35876e-07 0)
(-0.00197928 3.33012e-07 0)
(-0.00197473 3.29976e-07 0)
(-0.00197022 3.27317e-07 0)
(-0.00196575 3.24459e-07 0)
(-0.00196132 3.21682e-07 0)
(-0.00195692 3.18986e-07 0)
(-0.00195256 3.1644e-07 0)
(-0.00194823 3.13715e-07 0)
(-0.00194394 3.11232e-07 0)
(-0.00193968 3.08598e-07 0)
(-0.0019361 3.05995e-07 0)
(-0.00193319 3.04528e-07 0)
(-0.00193026 3.03008e-07 0)
(-0.00192733 3.01395e-07 0)
(-0.0019244 2.99581e-07 0)
(-0.00192146 2.97822e-07 0)
(-0.00191852 2.96295e-07 0)
(-0.00191557 2.94554e-07 0)
(-0.00191262 2.92818e-07 0)
(-0.00190966 2.91316e-07 0)
(-0.0019067 2.89826e-07 0)
(-0.00190373 2.88119e-07 0)
(-0.00190076 2.86408e-07 0)
(-0.00189779 2.84729e-07 0)
(-0.00189481 2.83038e-07 0)
(-0.00189183 2.81587e-07 0)
(-0.00188884 2.79926e-07 0)
(-0.00188585 2.78488e-07 0)
(-0.00188285 2.76847e-07 0)
(-0.00187986 2.75208e-07 0)
(-0.00187685 2.73797e-07 0)
(-0.00187384 2.72182e-07 0)
(-0.00187083 2.70772e-07 0)
(-0.00186781 2.69185e-07 0)
(-0.00186479 2.67586e-07 0)
(-0.00186176 2.66013e-07 0)
(-0.00185874 2.64647e-07 0)
(-0.0018557 2.63088e-07 0)
(-0.00185267 2.61542e-07 0)
(-0.00184962 2.60202e-07 0)
(-0.00184658 2.58855e-07 0)
(-0.00184352 2.57346e-07 0)
(-0.00184047 2.55824e-07 0)
(-0.0018374 2.54519e-07 0)
(-0.00183434 2.53027e-07 0)
(-0.00183127 2.51541e-07 0)
(-0.0018282 2.50072e-07 0)
(-0.00182512 2.48798e-07 0)
(-0.00182203 2.47519e-07 0)
(-0.00181894 2.46089e-07 0)
(-0.00181585 2.44643e-07 0)
(-0.00181276 2.43408e-07 0)
(-0.00180966 2.42176e-07 0)
(-0.00180655 2.40773e-07 0)
(-0.00180344 2.39379e-07 0)
(-0.00180032 2.38169e-07 0)
(-0.0017972 2.36803e-07 0)
(-0.00179408 2.35441e-07 0)
(-0.00179095 2.34249e-07 0)
(-0.00178781 2.33092e-07 0)
(-0.00178467 2.31749e-07 0)
(-0.00178153 2.30598e-07 0)
(-0.00177838 2.29454e-07 0)
(-0.00177522 2.27979e-07 0)
(-0.00177207 2.26855e-07 0)
(-0.0017689 2.25738e-07 0)
(-0.00176574 2.24613e-07 0)
(-0.00176256 2.23364e-07 0)
(-0.00175938 2.2209e-07 0)
(-0.0017562 2.21172e-07 0)
(-0.00175301 2.19936e-07 0)
(-0.00174981 2.18704e-07 0)
(-0.00174662 2.1765e-07 0)
(-0.00174341 2.16593e-07 0)
(-0.0017402 2.1537e-07 0)
(-0.00173699 2.14355e-07 0)
(-0.00173376 2.13302e-07 0)
(-0.00173054 2.12139e-07 0)
(-0.00172731 2.11118e-07 0)
(-0.00172407 2.10117e-07 0)
(-0.00172083 2.08967e-07 0)
(-0.00171759 2.07978e-07 0)
(-0.00171433 2.06996e-07 0)
(-0.00171107 2.06031e-07 0)
(-0.0017078 2.0503e-07 0)
(-0.00170454 2.03983e-07 0)
(-0.00170126 2.03114e-07 0)
(-0.00169797 2.02266e-07 0)
(-0.00169468 2.01228e-07 0)
(-0.00169138 2.00492e-07 0)
(-0.00168808 1.99467e-07 0)
(-0.00168476 1.99034e-07 0)
(-0.00168145 1.97568e-07 0)
(-0.00167811 1.97718e-07 0)
(-0.00167479 1.95666e-07 0)
(-0.00167141 1.97019e-07 0)
(-0.00166811 1.93261e-07 0)
(-0.00166466 1.97512e-07 0)
(-0.0016614 1.8956e-07 0)
(-0.00165782 2.00471e-07 0)
(-0.0016547 1.82545e-07 0)
(-0.00165087 2.08529e-07 0)
(-0.00164803 1.6899e-07 0)
(-0.00164372 2.26801e-07 0)
(-0.00164147 1.41843e-07 0)
(-0.0016363 2.64099e-07 0)
(-0.00163508 9.02682e-08 0)
(-0.00162857 3.29957e-07 0)
(-0.00162884 7.67903e-09 0)
(-0.00162058 3.63717e-07 0)
(-0.0353489 -0.00214397 0)
(-0.016027 -0.000524812 0)
(-0.0106089 -0.00010069 0)
(-0.00845775 -3.52351e-05 0)
(-0.00748872 -1.98364e-05 0)
(-0.00685571 -1.60989e-05 0)
(-0.00634875 -1.33352e-05 0)
(-0.00593806 -1.08813e-05 0)
(-0.00560363 -9.06229e-06 0)
(-0.00532502 -7.7486e-06 0)
(-0.00508767 -6.7544e-06 0)
(-0.00488214 -5.96926e-06 0)
(-0.00470196 -5.33319e-06 0)
(-0.00454243 -4.80878e-06 0)
(-0.00439997 -4.37005e-06 0)
(-0.00427183 -3.99828e-06 0)
(-0.00415583 -3.67979e-06 0)
(-0.00405026 -3.40416e-06 0)
(-0.00395369 -3.16337e-06 0)
(-0.003865 -2.95135e-06 0)
(-0.00378323 -2.76347e-06 0)
(-0.00370757 -2.59591e-06 0)
(-0.00363736 -2.44554e-06 0)
(-0.00357203 -2.30983e-06 0)
(-0.00351107 -2.18683e-06 0)
(-0.00345407 -2.07508e-06 0)
(-0.00340065 -1.97287e-06 0)
(-0.00335049 -1.87917e-06 0)
(-0.00330329 -1.7931e-06 0)
(-0.00325881 -1.71389e-06 0)
(-0.00321681 -1.64051e-06 0)
(-0.00317709 -1.57281e-06 0)
(-0.00313948 -1.50958e-06 0)
(-0.00310378 -1.45171e-06 0)
(-0.00306988 -1.3968e-06 0)
(-0.00303761 -1.3474e-06 0)
(-0.00300684 -1.29958e-06 0)
(-0.0029775 -1.25752e-06 0)
(-0.00294932 -1.21685e-06 0)
(-0.00292257 -1.17967e-06 0)
(-0.0028963 -1.15073e-06 0)
(-0.00287212 -1.10855e-06 0)
(-0.00284665 -1.11204e-06 0)
(-0.00282578 -1.02934e-06 0)
(-0.00279873 -1.13653e-06 0)
(-0.00278374 -8.88523e-07 0)
(-0.00274996 -1.38243e-06 0)
(-0.00274535 -2.42945e-07 0)
(-0.0027076 -6.89301e-06 0)
(-0.00249901 0.000184873 0)
(-1.62977e-05 8.0477e-06 0)
(-1.65706e-05 3.54087e-05 0)
(-1.7454e-05 5.73693e-05 0)
(-2.05051e-05 8.13494e-05 0)
(-2.43667e-05 0.000112341 0)
(-2.64224e-05 0.000151064 0)
(-2.63258e-05 0.000192958 0)
(-2.57218e-05 0.000234454 0)
(-2.62092e-05 0.000274608 0)
(-2.8449e-05 0.00031456 0)
(-3.22926e-05 0.000355993 0)
(-3.67479e-05 0.000400008 0)
(-3.99069e-05 0.000445819 0)
(-3.91538e-05 0.000489897 0)
(-3.21636e-05 0.000525677 0)
(-1.78589e-05 0.000544734 0)
(2.59243e-06 0.00053926 0)
(2.7487e-05 0.000505057 0)
(5.48409e-05 0.000439139 0)
(8.19889e-05 0.00034175 0)
(0.000106905 0.000216031 0)
(0.0001279 6.64016e-05 0)
(0.000142788 -0.000101677 0)
(0.000153156 -0.000281467 0)
(0.000158008 -0.000465556 0)
(0.000158128 -0.000649692 0)
(0.000154264 -0.000830687 0)
(0.000147114 -0.00100494 0)
(0.00013741 -0.00116952 0)
(0.000125827 -0.00132256 0)
(0.000112893 -0.00146288 0)
(9.90163e-05 -0.0015897 0)
(8.45023e-05 -0.00170264 0)
(6.95681e-05 -0.00180152 0)
(5.43975e-05 -0.00188636 0)
(3.90678e-05 -0.00195731 0)
(2.36848e-05 -0.00201451 0)
(8.29875e-06 -0.00205834 0)
(-7.16154e-06 -0.00208889 0)
(-2.25323e-05 -0.00210654 0)
(-3.8156e-05 -0.00211178 0)
(-5.42117e-05 -0.00210379 0)
(-7.0036e-05 -0.0020832 0)
(-8.52038e-05 -0.00205065 0)
(-9.93435e-05 -0.00200667 0)
(-0.000112235 -0.00195206 0)
(-0.000123728 -0.00188769 0)
(-0.000133626 -0.0018145 0)
(-0.0001417 -0.00173351 0)
(-0.000147708 -0.00164586 0)
(-0.00015141 -0.00155281 0)
(-0.000152642 -0.00145579 0)
(-0.000151352 -0.00135628 0)
(-0.000147481 -0.00125577 0)
(-0.000141064 -0.00115582 0)
(-0.000132516 -0.00105795 0)
(-0.000122526 -0.000963317 0)
(-0.000111509 -0.00087273 0)
(-9.94918e-05 -0.000787059 0)
(-8.69873e-05 -0.000707412 0)
(-7.56773e-05 -0.000634435 0)
(-6.74469e-05 -0.00056748 0)
(-6.25121e-05 -0.000504904 0)
(-5.88364e-05 -0.000445397 0)
(-5.36645e-05 -0.000389014 0)
(-4.55685e-05 -0.000336914 0)
(-3.49383e-05 -0.000290337 0)
(-2.32503e-05 -0.000249991 0)
(-1.1983e-05 -0.000215951 0)
(-2.06169e-06 -0.000187956 0)
(6.174e-06 -0.000165576 0)
(1.28595e-05 -0.000148425 0)
(1.83497e-05 -0.000136232 0)
(2.30436e-05 -0.000128858 0)
(2.71392e-05 -0.000126246 0)
(3.06621e-05 -0.000128018 0)
(3.34952e-05 -0.000133392 0)
(3.56598e-05 -0.000141402 0)
(3.71643e-05 -0.000151012 0)
(3.80765e-05 -0.00016137 0)
(3.85203e-05 -0.000172042 0)
(3.86314e-05 -0.000183161 0)
(3.84091e-05 -0.000195262 0)
(3.77083e-05 -0.000208961 0)
(3.62064e-05 -0.000224579 0)
(3.36414e-05 -0.00024205 0)
(3.00227e-05 -0.000260962 0)
(2.56477e-05 -0.000279819 0)
(2.1298e-05 -0.000297642 0)
(1.77935e-05 -0.000313845 0)
(1.56668e-05 -0.000328225 0)
(1.49704e-05 -0.000340751 0)
(1.53881e-05 -0.000351394 0)
(1.65e-05 -0.000360081 0)
(1.79205e-05 -0.000366779 0)
(1.92907e-05 -0.000371794 0)
(2.01347e-05 -0.00037486 0)
(1.99577e-05 -0.000376137 0)
(1.83949e-05 -0.000375944 0)
(1.51722e-05 -0.000374865 0)
(9.97767e-06 -0.000373663 0)
(2.34082e-06 -0.000372967 0)
(-8.2904e-06 -0.000372903 0)
(-2.19451e-05 -0.000371699 0)
(-3.65994e-05 -0.000366086 0)
(-4.70521e-05 -0.000353123 0)
(-4.64883e-05 -0.000333222 0)
(-3.06641e-05 -0.000311268 0)
(-9.51533e-07 -0.000294314 0)
(3.67333e-05 -0.000287113 0)
(7.6021e-05 -0.000290239 0)
(0.000113878 -0.000302735 0)
(0.000149916 -0.000325582 0)
(0.000182662 -0.000363584 0)
(0.00020506 -0.000417524 0)
(0.000209385 -0.000478635 0)
(0.000197692 -0.000532356 0)
(0.000181795 -0.000573745 0)
(0.000168094 -0.000611444 0)
(0.000145782 -0.00064928 0)
(9.49597e-05 -0.000672621 0)
(8.7386e-06 -0.000657959 0)
(-9.44072e-05 -0.000594414 0)
(-0.000185205 -0.000486456 0)
(-0.000245533 -0.000360078 0)
(-0.00027752 -0.000239629 0)
(-0.000291318 -0.000132602 0)
(-0.00029477 -3.71786e-05 0)
(-0.000291719 4.95099e-05 0)
(-0.000284208 0.000128928 0)
(-0.000273591 0.000201882 0)
(-0.000261249 0.000269382 0)
(-0.00024676 0.000330971 0)
(-0.000230519 0.000386482 0)
(-0.000213016 0.000435887 0)
(-0.000194654 0.000479266 0)
(-0.00017575 0.000516743 0)
(-0.00015655 0.000548481 0)
(-0.00013725 0.000574653 0)
(-0.000118015 0.00059545 0)
(-9.89766e-05 0.000611081 0)
(-8.02405e-05 0.000621761 0)
(-6.18927e-05 0.000627762 0)
(-4.39199e-05 0.000629328 0)
(-2.63821e-05 0.000626634 0)
(-9.28559e-06 0.000619967 0)
(7.44122e-06 0.000609529 0)
(2.38181e-05 0.000595492 0)
(3.98802e-05 0.000578022 0)
(5.56605e-05 0.000557268 0)
(7.11844e-05 0.000533365 0)
(8.64694e-05 0.000506425 0)
(0.00010151 0.000476549 0)
(0.000116287 0.000443848 0)
(0.000130806 0.000408436 0)
(0.000145028 0.000370257 0)
(0.000159544 0.000331155 0)
(0.000173981 0.000289971 0)
(0.000188347 0.000246311 0)
(0.000202477 0.000199858 0)
(0.000216056 0.000150428 0)
(0.000228591 9.80872e-05 0)
(0.000239693 4.32562e-05 0)
(0.00024897 -1.34737e-05 0)
(0.00025597 -7.13284e-05 0)
(0.000260622 -0.000129595 0)
(0.000263051 -0.000187935 0)
(0.000263072 -0.000246156 0)
(0.000261196 -0.000304765 0)
(0.000257521 -0.000363972 0)
(0.000250689 -0.000422005 0)
(0.000240505 -0.000478404 0)
(0.000226803 -0.000532549 0)
(0.000209533 -0.000583792 0)
(0.000188712 -0.000631469 0)
(0.000164439 -0.000674899 0)
(0.000136925 -0.000713457 0)
(0.000106443 -0.000746624 0)
(7.33326e-05 -0.000773928 0)
(3.79891e-05 -0.000794968 0)
(9.58164e-07 -0.000809413 0)
(-3.74572e-05 -0.000817006 0)
(-7.67196e-05 -0.000817282 0)
(-0.000115823 -0.000810169 0)
(-0.000154036 -0.000795839 0)
(-0.000190755 -0.000774366 0)
(-0.000225454 -0.000746783 0)
(-0.000256953 -0.000712092 0)
(-0.000284419 -0.000670772 0)
(-0.000307024 -0.000623391 0)
(-0.000324008 -0.000570675 0)
(-0.000334777 -0.000513638 0)
(-0.000339227 -0.000454428 0)
(-0.000336917 -0.000395757 0)
(-0.000329418 -0.000345193 0)
(-0.000322274 -0.000318049 0)
(-0.000330345 -0.000341036 0)
(-0.000385686 -0.000451436 0)
(-0.000530996 -0.000681141 0)
(-0.000776759 -0.00101769 0)
(3.19559e-07 1.7699e-05 0)
(-2.15881e-05 2.2857e-05 0)
(-4.28551e-05 2.65853e-05 0)
(-6.77626e-05 3.06036e-05 0)
(-9.68036e-05 3.48521e-05 0)
(-0.000130483 3.96199e-05 0)
(-0.000169681 4.39889e-05 0)
(-0.000213165 4.59167e-05 0)
(-0.000257691 4.3643e-05 0)
(-0.000298566 3.66853e-05 0)
(-0.000330827 2.68314e-05 0)
(-0.000352558 1.72192e-05 0)
(-0.000365539 8.60078e-06 0)
(-0.000370973 -1.61081e-06 0)
(-0.000366695 -1.7131e-05 0)
(-0.000344668 -4.02649e-05 0)
(-0.000299229 -6.35915e-05 0)
(-0.000240534 -7.44395e-05 0)
(-0.000184004 -7.2224e-05 0)
(-0.000136174 -6.67582e-05 0)
(-9.25612e-05 -6.83634e-05 0)
(-4.30363e-05 -7.26336e-05 0)
(1.0927e-05 -6.30568e-05 0)
(5.10678e-05 -3.07811e-05 0)
(6.55035e-05 2.28995e-05 0)
(4.3944e-05 6.7166e-05 0)
(-2.42069e-06 6.95487e-05 0)
(-5.72579e-05 7.00678e-05 0)
(-0.000179621 0.000101832 0)
(-0.000295395 7.96406e-05 0)
(-0.000327222 8.79379e-05 0)
(-0.000356035 0.00019812 0)
(-0.000446335 0.00023508 0)
(-0.000511689 0.000169468 0)
(-0.000456916 4.58421e-05 0)
(-0.000277235 -3.05711e-05 0)
(-0.00010221 -9.20054e-05 0)
(0.000100057 -0.000245859 0)
(0.000402123 -0.000409944 0)
(0.000750997 -0.000479729 0)
(0.00106886 -0.000439676 0)
(0.00132728 -0.000355481 0)
(0.00155139 -0.000285811 0)
(0.00176067 -0.000240562 0)
(0.00195735 -0.000211552 0)
(0.00213427 -0.000190951 0)
(0.00228361 -0.000166679 0)
(0.00239564 -0.000130299 0)
(0.002464 -8.53587e-05 0)
(0.00249053 -4.34767e-05 0)
(0.00248295 -1.00408e-05 0)
(0.00244977 1.87996e-05 0)
(0.00239649 4.39192e-05 0)
(0.00232779 6.36972e-05 0)
(0.00224844 7.9335e-05 0)
(0.0021612 9.20483e-05 0)
(0.0020677 0.00010233 0)
(0.00196886 0.000110836 0)
(0.00186462 0.000118143 0)
(0.00175404 0.000124636 0)
(0.00163604 0.000130993 0)
(0.00150895 0.000138493 0)
(0.00137012 0.000148158 0)
(0.00121691 0.000160769 0)
(0.00104647 0.000177072 0)
(0.000855247 0.000197154 0)
(0.000640342 0.000220399 0)
(0.00039996 0.000245936 0)
(0.000135437 0.000274463 0)
(-0.000156597 0.000305077 0)
(-0.000473795 0.000336384 0)
(-0.000809447 0.000365066 0)
(-0.00115847 0.000384497 0)
(-0.00150874 0.000387763 0)
(-0.00184596 0.000371594 0)
(-0.00215587 0.000336069 0)
(-0.00242504 0.000283749 0)
(-0.00264265 0.000218665 0)
(-0.0028009 0.000144095 0)
(-0.00289264 6.50707e-05 0)
(-0.00291837 -1.10566e-05 0)
(-0.00288809 -8.07373e-05 0)
(-0.00280129 -0.000146954 0)
(-0.00265757 -0.000202035 0)
(-0.00247653 -0.000229446 0)
(-0.00228445 -0.000247772 0)
(-0.00206185 -0.000295626 0)
(-0.00176688 -0.00034459 0)
(-0.00143095 -0.000340736 0)
(-0.00113453 -0.00030574 0)
(-0.000894187 -0.000263215 0)
(-0.000690906 -0.000211131 0)
(-0.000507708 -0.000182536 0)
(-0.00033315 -0.000191911 0)
(-0.000166845 -0.000192148 0)
(-2.90322e-05 -0.000153037 0)
(4.9418e-05 -8.21866e-05 0)
(5.70832e-05 -1.34003e-05 0)
(5.19129e-06 1.0465e-05 0)
(-1.19864e-05 -2.79883e-05 0)
(-3.44591e-05 -2.18319e-05 0)
(3.56944e-05 -1.23908e-05 0)
(0.000124219 0.000123629 0)
(0.000195649 0.000315925 0)
(0.000264076 0.000598924 0)
(0.000217807 0.000895574 0)
(1.04655e-05 0.000995655 0)
(-0.000221043 0.00076544 0)
(-0.000347493 0.000333634 0)
(-0.000378148 -0.000174092 0)
(-0.000353708 -0.000673017 0)
(-0.000280912 -0.00110621 0)
(-0.00018172 -0.00143023 0)
(-6.21016e-05 -0.00164295 0)
(7.52988e-05 -0.00172137 0)
(0.000263914 -0.00166277 0)
(0.000539043 -0.00135148 0)
(0.000534318 -0.0007235 0)
(9.73905e-05 -0.000237396 0)
(-0.000180966 -9.37453e-05 0)
(-0.000185242 -0.000117502 0)
(-3.30408e-05 -0.000176 0)
(0.000246843 -1.58123e-05 0)
(0.000535821 0.000477118 0)
(0.000541505 0.00107849 0)
(0.000328141 0.00144247 0)
(0.0001336 0.00155493 0)
(1.2502e-05 0.00153996 0)
(-3.39128e-05 0.00145803 0)
(-3.24656e-05 0.00137319 0)
(-1.19227e-05 0.00131142 0)
(9.96521e-06 0.0012811 0)
(1.87761e-05 0.00127765 0)
(5.22573e-06 0.0012856 0)
(-3.56922e-05 0.00128075 0)
(-0.000104774 0.0012361 0)
(-0.000189732 0.00112779 0)
(-0.000266659 0.00094029 0)
(-0.000296266 0.000668651 0)
(-0.000208997 0.000330614 0)
(4.69204e-05 9.76047e-05 0)
(7.679e-05 1.07059e-05 0)
(-0.00015146 -8.53078e-05 0)
(-0.000515201 -0.000102008 0)
(-0.000977213 -7.03947e-05 0)
(-0.00108221 -0.000206118 0)
(-0.000498932 -0.000339778 0)
(0.000705137 -2.28082e-05 0)
(0.00181611 0.00119753 0)
(0.00124834 0.00241288 0)
(0.000530422 0.00259173 0)
(0.000537026 0.00270987 0)
(0.000331606 0.00299447 0)
(0.000191463 0.00303805 0)
(0.000161196 0.00311124 0)
(6.72207e-05 0.00315416 0)
(4.56172e-05 0.0031451 0)
(1.62074e-05 0.00315153 0)
(-8.09374e-06 0.00312987 0)
(-1.53144e-05 0.00310689 0)
(-3.05656e-05 0.00307928 0)
(-3.7462e-05 0.00304271 0)
(-4.50624e-05 0.00300522 0)
(-5.28077e-05 0.00296212 0)
(-5.78565e-05 0.00291637 0)
(-6.31965e-05 0.00286899 0)
(-6.64999e-05 0.00282008 0)
(-6.81753e-05 0.00277194 0)
(-6.84335e-05 0.00272526 0)
(-6.67737e-05 0.00268126 0)
(-6.3762e-05 0.00264098 0)
(-5.94687e-05 0.00260491 0)
(-5.41167e-05 0.00257357 0)
(-4.80633e-05 0.00254716 0)
(-4.14789e-05 0.00252629 0)
(-3.45761e-05 0.00251037 0)
(-2.75656e-05 0.00249924 0)
(-2.08336e-05 0.00249271 0)
(-1.46084e-05 0.00249045 0)
(-8.92126e-06 0.002492 0)
(-3.38984e-06 0.00249689 0)
(2.44902e-06 0.00250515 0)
(8.83093e-06 0.00251694 0)
(1.57812e-05 0.00253245 0)
(2.3267e-05 0.00255176 0)
(3.12679e-05 0.00257495 0)
(3.97601e-05 0.0026021 0)
(4.87376e-05 0.00263325 0)
(5.82024e-05 0.00266849 0)
(6.8138e-05 0.0027079 0)
(7.85275e-05 0.00275152 0)
(8.93517e-05 0.00279948 0)
(0.000100583 0.00285185 0)
(0.000112241 0.00290872 0)
(0.000124389 0.00297022 0)
(0.00013713 0.00303643 0)
(0.000150644 0.00310743 0)
(0.000165111 0.00318338 0)
(0.000180643 0.00326444 0)
(0.000197253 0.00335085 0)
(0.000214784 0.00344287 0)
(0.000232997 0.0035407 0)
(0.000251688 0.00364451 0)
(0.000270811 0.00375438 0)
(0.000290513 0.00387039 0)
(0.000311104 0.0039926 0)
(0.00033291 0.00412112 0)
(0.00035611 0.00425606 0)
(0.000380715 0.0043975 0)
(0.00040649 0.00454539 0)
(0.000432965 0.00469952 0)
(0.000459514 0.00485955 0)
(0.000485406 0.00502487 0)
(0.000509933 0.00519472 0)
(0.000532457 0.00536827 0)
(0.000552435 0.00554452 0)
(0.000569489 0.0057225 0)
(0.000583361 0.0059012 0)
(0.000593889 0.00607961 0)
(0.000601025 0.00625678 0)
(0.000604787 0.00643181 0)
(0.000605225 0.00660388 0)
(0.00060243 0.0067722 0)
(0.0005965 0.00693609 0)
(0.000587542 0.00709486 0)
(0.000575659 0.0072479 0)
(0.000560941 0.0073946 0)
(0.000543479 0.00753441 0)
(0.00052337 0.0076668 0)
(0.000500718 0.00779128 0)
(0.000475628 0.00790734 0)
(0.000448228 0.00801457 0)
(0.000418652 0.00811255 0)
(0.000387037 0.00820092 0)
(0.00035354 0.00827934 0)
(0.000318344 0.00834751 0)
(0.000281656 0.00840516 0)
(0.000243707 0.00845209 0)
(0.000204807 0.00849034 0)
(0.000165227 0.00852163 0)
(0.000125042 0.00854244 0)
(8.43671e-05 0.00855272 0)
(4.37e-05 0.00855245 0)
(3.91227e-06 0.00854235 0)
(-3.59382e-05 0.00852357 0)
(-7.62878e-05 0.00849537 0)
(-0.000116745 0.0084583 0)
(-0.000157671 0.00841232 0)
(-0.000198927 0.00835755 0)
(-0.000240555 0.00829419 0)
(-0.000282463 0.00822232 0)
(-0.000324521 0.00814219 0)
(-0.000366606 0.00805395 0)
(-0.000408494 0.0079579 0)
(-0.000450027 0.00785436 0)
(-0.000491017 0.00774365 0)
(-0.000531311 0.0076262 0)
(-0.000570839 0.00750242 0)
(-0.000609537 0.00737275 0)
(-0.000647421 0.00723764 0)
(-0.000684601 0.00709752 0)
(-0.000721227 0.00695277 0)
(-0.000757519 0.00680378 0)
(-0.000793744 0.00665085 0)
(-0.000830223 0.00649423 0)
(-0.000867309 0.00633411 0)
(-0.000905354 0.00617062 0)
(-0.000944736 0.00600381 0)
(-0.000985825 0.00583369 0)
(-0.00102898 0.0056602 0)
(-0.00107453 0.00548324 0)
(-0.0011228 0.00530269 0)
(-0.00117411 0.0051184 0)
(-0.00122877 0.00493018 0)
(-0.00128708 0.00473783 0)
(-0.00134935 0.00454116 0)
(-0.00141595 0.00433995 0)
(-0.00148722 0.00413392 0)
(-0.00156355 0.00392277 0)
(-0.00164524 0.00370626 0)
(-0.00173271 0.00348423 0)
(-0.00182683 0.0032564 0)
(-0.00192851 0.00302179 0)
(-0.00205257 0.00279954 0)
(-0.00221358 0.00259993 0)
(-0.00239802 0.00239304 0)
(-0.00260744 0.00217166 0)
(-0.00283889 0.00192818 0)
(-0.0030864 0.00165647 0)
(-0.00333786 0.00135298 0)
(-0.00357479 0.00102 0)
(-0.00380317 0.000668679 0)
(-0.00402996 0.000302982 0)
(-0.00424742 -6.81083e-05 0)
(-0.00447069 -0.000442947 0)
(-0.0047264 -0.000776684 0)
(-0.00503821 -0.00126637 0)
(-0.00538176 -0.00143063 0)
(-0.0058947 -0.00243662 0)
(-0.00579541 -0.00174596 0)
)
;
    }
    frontAndBack
    {
        type            empty;
    }
}


// ************************************************************************* //
