/*--------------------------------*- C++ -*----------------------------------*\
  =========                 |
  \\      /  F ield         | OpenFOAM: The Open Source CFD Toolbox
   \\    /   O peration     | Website:  https://openfoam.org
    \\  /    A nd           | Version:  7
     \\/     M anipulation  |
\*---------------------------------------------------------------------------*/
FoamFile
{
    version     2.0;
    format      ascii;
    class       volVectorField;
    location    "0.33";
    object      wallShearStress;
}
// * * * * * * * * * * * * * * * * * * * * * * * * * * * * * * * * * * * * * //

dimensions      [0 2 -2 0 0 0 0];

internalField   uniform (0 0 0);

boundaryField
{
    velocityInlet
    {
        type            calculated;
        value           uniform (0 0 0);
    }
    pressureOutlet
    {
        type            calculated;
        value           uniform (0 0 0);
    }
    fixedWalls
    {
        type            calculated;
        value           nonuniform List<vector> 
100
(
(-0.0149063 -0.00741017 0)
(0.00932412 -0.00100721 0)
(6.6085e-05 0.000385724 0)
(0.00440832 -0.000294374 0)
(0.00462348 -0.000239267 0)
(0.00585975 -7.80057e-05 0)
(0.00516067 9.67141e-05 0)
(0.00407405 0.000209418 0)
(0.00260265 0.000220705 0)
(0.00137975 0.000176321 0)
(0.000487901 0.00011884 0)
(-8.29543e-05 7.77335e-05 0)
(-0.000435125 4.59643e-05 0)
(-0.000604594 1.69271e-05 0)
(-0.00056319 -2.14363e-05 0)
(-0.000272034 -6.48836e-05 0)
(0.000147032 -6.86892e-05 0)
(0.000250329 4.76291e-06 0)
(-0.000632793 0.000140652 0)
(-0.00248595 0.000240683 0)
(-0.00437834 0.000202792 0)
(-0.00570224 0.000142289 0)
(-0.00674177 0.000171242 0)
(-0.00731398 0.00015212 0)
(-0.00575933 -0.000206477 0)
(-0.00097234 -0.000681147 0)
(0.0056538 -0.000957363 0)
(0.0115259 -0.000879527 0)
(0.0149976 -0.00051877 0)
(0.0155493 -8.60215e-05 0)
(0.0134578 0.000290524 0)
(0.00966848 0.000498252 0)
(0.0053753 0.000513292 0)
(0.00157193 0.000402806 0)
(-0.00124787 0.000287134 0)
(-0.00303507 0.000165653 0)
(-0.00403152 8.5181e-05 0)
(-0.00448436 3.60928e-05 0)
(-0.00459552 8.10532e-06 0)
(-0.00448973 -1.35812e-05 0)
(-0.00424458 -2.85082e-05 0)
(-0.00392437 -3.65663e-05 0)
(-0.00359429 -3.63755e-05 0)
(-0.00331126 -2.90991e-05 0)
(-0.0031062 -1.86672e-05 0)
(-0.00297563 -9.42119e-06 0)
(-0.0028904 -4.17222e-06 0)
(-0.0028124 -3.75005e-06 0)
(-0.00270832 -7.40209e-06 0)
(-0.00255704 -1.35319e-05 0)
(-0.0023525 -2.03249e-05 0)
(-0.0021032 -2.6076e-05 0)
(-0.00182848 -2.95793e-05 0)
(-0.00155289 -3.0401e-05 0)
(-0.0013005 -2.87551e-05 0)
(-0.00109254 -2.48739e-05 0)
(-0.0009488 -1.88314e-05 0)
(-0.000889591 -1.11155e-05 0)
(-0.000933376 9.42128e-07 0)
(-0.00108807 1.39518e-05 0)
(-0.00133866 2.55596e-05 0)
(-0.00164046 3.22804e-05 0)
(-0.00192768 3.12533e-05 0)
(-0.00213513 2.26661e-05 0)
(-0.00222142 1.06115e-05 0)
(-0.00218437 -2.84486e-06 0)
(-0.0020596 -1.23886e-05 0)
(-0.00190428 -1.59178e-05 0)
(-0.00177674 -1.29938e-05 0)
(-0.00171799 -6.42023e-06 0)
(-0.00174078 1.75022e-06 0)
(-0.00182922 8.09387e-06 0)
(-0.00195022 1.10832e-05 0)
(-0.00207032 1.09047e-05 0)
(-0.00216711 8.80922e-06 0)
(-0.00223238 6.23545e-06 0)
(-0.00226906 4.12224e-06 0)
(-0.00228482 2.87191e-06 0)
(-0.00228694 2.31487e-06 0)
(-0.00227839 1.94473e-06 0)
(-0.00225664 1.30918e-06 0)
(-0.00221344 -1.14459e-07 0)
(-0.0021384 -2.6079e-06 0)
(-0.00202115 -6.12929e-06 0)
(-0.00185657 -1.04468e-05 0)
(-0.00164402 -1.51431e-05 0)
(-0.0013898 -1.99111e-05 0)
(-0.00110697 -2.37092e-05 0)
(-0.000818216 -2.55865e-05 0)
(-0.00056276 -2.35291e-05 0)
(-0.000373687 -1.75017e-05 0)
(-0.000304272 -8.75212e-06 0)
(-0.000342055 2.11944e-06 0)
(-0.0005286 1.22091e-05 0)
(-0.00077678 2.05616e-05 0)
(-0.00115204 2.75017e-05 0)
(-0.00156578 3.44598e-05 0)
(-0.00196172 3.7839e-05 0)
(-0.00264964 4.30488e-05 0)
(-0.00261168 2.54923e-06 0)
)
;
    }
    bottomWall
    {
        type            calculated;
        value           nonuniform List<vector> 
800
(
(-0.0353513 0.00216562 0)
(-0.0160367 0.000524954 0)
(-0.010591 0.000100544 0)
(-0.00845651 3.45795e-05 0)
(-0.00749274 1.96738e-05 0)
(-0.00685736 1.60029e-05 0)
(-0.00634885 1.32029e-05 0)
(-0.00593793 1.07535e-05 0)
(-0.00560363 8.9527e-06 0)
(-0.00532522 7.65287e-06 0)
(-0.00508812 6.66799e-06 0)
(-0.00488292 5.88989e-06 0)
(-0.00470313 5.25968e-06 0)
(-0.00454402 4.74046e-06 0)
(-0.004402 4.30663e-06 0)
(-0.0042743 3.93964e-06 0)
(-0.00415873 3.62577e-06 0)
(-0.00405354 3.35475e-06 0)
(-0.00395732 3.11873e-06 0)
(-0.00386892 2.91165e-06 0)
(-0.00378736 2.72873e-06 0)
(-0.00371184 2.56617e-06 0)
(-0.0036417 2.42089e-06 0)
(-0.00357634 2.29042e-06 0)
(-0.00351528 2.17267e-06 0)
(-0.00345809 2.06595e-06 0)
(-0.0034044 1.96886e-06 0)
(-0.00335389 1.8802e-06 0)
(-0.00330628 1.79895e-06 0)
(-0.00326132 1.72426e-06 0)
(-0.00321879 1.65541e-06 0)
(-0.00317849 1.59176e-06 0)
(-0.00314026 1.53278e-06 0)
(-0.00310392 1.47799e-06 0)
(-0.00306935 1.42697e-06 0)
(-0.00303642 1.37939e-06 0)
(-0.00300501 1.33493e-06 0)
(-0.00297502 1.29329e-06 0)
(-0.00294635 1.25423e-06 0)
(-0.00291892 1.21755e-06 0)
(-0.00289265 1.18304e-06 0)
(-0.00286748 1.15051e-06 0)
(-0.00284332 1.11983e-06 0)
(-0.00282013 1.09079e-06 0)
(-0.00279785 1.06344e-06 0)
(-0.00277642 1.03727e-06 0)
(-0.0027558 1.01292e-06 0)
(-0.00273595 9.88955e-07 0)
(-0.00271682 9.67411e-07 0)
(-0.00269839 9.44404e-07 0)
(-0.00268298 9.25549e-07 0)
(-0.00267026 9.14861e-07 0)
(-0.0026577 9.01127e-07 0)
(-0.00264534 8.86488e-07 0)
(-0.00263317 8.72774e-07 0)
(-0.00262119 8.5973e-07 0)
(-0.00260938 8.46995e-07 0)
(-0.00259775 8.34527e-07 0)
(-0.00258629 8.22358e-07 0)
(-0.00257499 8.10483e-07 0)
(-0.00256386 7.98885e-07 0)
(-0.00255289 7.87551e-07 0)
(-0.00254206 7.76474e-07 0)
(-0.0025314 7.65646e-07 0)
(-0.00252087 7.55059e-07 0)
(-0.0025105 7.44706e-07 0)
(-0.00250026 7.34579e-07 0)
(-0.00249016 7.24673e-07 0)
(-0.0024802 7.14981e-07 0)
(-0.00247037 7.05494e-07 0)
(-0.00246067 6.96208e-07 0)
(-0.0024511 6.87117e-07 0)
(-0.00244165 6.78214e-07 0)
(-0.00243233 6.69494e-07 0)
(-0.00242312 6.60952e-07 0)
(-0.00241403 6.52583e-07 0)
(-0.00240505 6.44382e-07 0)
(-0.00239619 6.36345e-07 0)
(-0.00238744 6.28467e-07 0)
(-0.00237879 6.20745e-07 0)
(-0.00237025 6.13173e-07 0)
(-0.00236182 6.05749e-07 0)
(-0.00235348 5.9847e-07 0)
(-0.00234525 5.9133e-07 0)
(-0.00233711 5.84329e-07 0)
(-0.00232907 5.77461e-07 0)
(-0.00232112 5.70724e-07 0)
(-0.00231327 5.64116e-07 0)
(-0.00230551 5.57633e-07 0)
(-0.00229783 5.51272e-07 0)
(-0.00229024 5.4503e-07 0)
(-0.00228274 5.38906e-07 0)
(-0.00227532 5.32896e-07 0)
(-0.00226798 5.26996e-07 0)
(-0.00226073 5.21206e-07 0)
(-0.00225355 5.15523e-07 0)
(-0.00224646 5.09943e-07 0)
(-0.00223943 5.04465e-07 0)
(-0.00223249 4.99086e-07 0)
(-0.00222562 4.93803e-07 0)
(-0.00221882 4.88616e-07 0)
(-0.00221209 4.83521e-07 0)
(-0.00220543 4.78516e-07 0)
(-0.00219884 4.73599e-07 0)
(-0.00219232 4.68769e-07 0)
(-0.00218586 4.64024e-07 0)
(-0.00217947 4.59361e-07 0)
(-0.00217315 4.54779e-07 0)
(-0.00216688 4.50277e-07 0)
(-0.00216068 4.45852e-07 0)
(-0.00215454 4.41503e-07 0)
(-0.00214846 4.37229e-07 0)
(-0.00214244 4.33027e-07 0)
(-0.00213648 4.28897e-07 0)
(-0.00213057 4.24837e-07 0)
(-0.00212472 4.20846e-07 0)
(-0.00211892 4.16922e-07 0)
(-0.00211318 4.13063e-07 0)
(-0.0021075 4.09269e-07 0)
(-0.00210186 4.05537e-07 0)
(-0.00209628 4.01867e-07 0)
(-0.00209074 3.98257e-07 0)
(-0.00208526 3.94705e-07 0)
(-0.00207983 3.91209e-07 0)
(-0.00207444 3.87768e-07 0)
(-0.0020691 3.84382e-07 0)
(-0.00206381 3.81048e-07 0)
(-0.00205856 3.77765e-07 0)
(-0.00205337 3.74532e-07 0)
(-0.00204821 3.71347e-07 0)
(-0.0020431 3.6821e-07 0)
(-0.00203803 3.65119e-07 0)
(-0.00203301 3.62073e-07 0)
(-0.00202803 3.5907e-07 0)
(-0.00202309 3.5611e-07 0)
(-0.00201819 3.53192e-07 0)
(-0.00201333 3.50317e-07 0)
(-0.00200851 3.47479e-07 0)
(-0.00200373 3.44686e-07 0)
(-0.00199899 3.41923e-07 0)
(-0.00199429 3.3921e-07 0)
(-0.00198962 3.36517e-07 0)
(-0.00198499 3.33888e-07 0)
(-0.0019804 3.31255e-07 0)
(-0.00197585 3.28718e-07 0)
(-0.00197133 3.26128e-07 0)
(-0.00196684 3.23698e-07 0)
(-0.0019624 3.21119e-07 0)
(-0.00195798 3.18786e-07 0)
(-0.0019536 3.16136e-07 0)
(-0.00194992 3.13777e-07 0)
(-0.00194692 3.12578e-07 0)
(-0.0019439 3.11115e-07 0)
(-0.00194088 3.09414e-07 0)
(-0.00193786 3.07732e-07 0)
(-0.00193483 3.061e-07 0)
(-0.0019318 3.04497e-07 0)
(-0.00192876 3.02894e-07 0)
(-0.00192571 3.01296e-07 0)
(-0.00192266 2.99702e-07 0)
(-0.00191961 2.98118e-07 0)
(-0.00191655 2.96536e-07 0)
(-0.00191349 2.94968e-07 0)
(-0.00191042 2.93397e-07 0)
(-0.00190734 2.91837e-07 0)
(-0.00190427 2.90277e-07 0)
(-0.00190118 2.88724e-07 0)
(-0.00189809 2.87178e-07 0)
(-0.001895 2.85637e-07 0)
(-0.0018919 2.84101e-07 0)
(-0.0018888 2.82575e-07 0)
(-0.00188569 2.81048e-07 0)
(-0.00188258 2.79533e-07 0)
(-0.00187947 2.78016e-07 0)
(-0.00187634 2.7651e-07 0)
(-0.00187322 2.75007e-07 0)
(-0.00187009 2.73511e-07 0)
(-0.00186695 2.7202e-07 0)
(-0.00186381 2.70538e-07 0)
(-0.00186067 2.69057e-07 0)
(-0.00185752 2.67588e-07 0)
(-0.00185437 2.66117e-07 0)
(-0.00185121 2.64656e-07 0)
(-0.00184805 2.63199e-07 0)
(-0.00184488 2.61751e-07 0)
(-0.00184171 2.60307e-07 0)
(-0.00183854 2.58872e-07 0)
(-0.00183536 2.57435e-07 0)
(-0.00183217 2.56014e-07 0)
(-0.00182898 2.54589e-07 0)
(-0.00182579 2.5318e-07 0)
(-0.00182259 2.51771e-07 0)
(-0.00181939 2.5037e-07 0)
(-0.00181619 2.48977e-07 0)
(-0.00181298 2.47591e-07 0)
(-0.00180976 2.46208e-07 0)
(-0.00180654 2.44835e-07 0)
(-0.00180332 2.43462e-07 0)
(-0.00180009 2.42105e-07 0)
(-0.00179686 2.40741e-07 0)
(-0.00179363 2.39394e-07 0)
(-0.00179039 2.38048e-07 0)
(-0.00178715 2.36713e-07 0)
(-0.0017839 2.35382e-07 0)
(-0.00178065 2.3406e-07 0)
(-0.00177739 2.32737e-07 0)
(-0.00177413 2.31435e-07 0)
(-0.00177086 2.30124e-07 0)
(-0.0017676 2.28835e-07 0)
(-0.00176432 2.27545e-07 0)
(-0.00176105 2.26266e-07 0)
(-0.00175776 2.24992e-07 0)
(-0.00175448 2.23731e-07 0)
(-0.00175119 2.22471e-07 0)
(-0.0017479 2.21234e-07 0)
(-0.0017446 2.1998e-07 0)
(-0.00174129 2.18755e-07 0)
(-0.00173799 2.17528e-07 0)
(-0.00173468 2.16316e-07 0)
(-0.00173136 2.15111e-07 0)
(-0.00172804 2.13917e-07 0)
(-0.00172471 2.12733e-07 0)
(-0.00172138 2.1156e-07 0)
(-0.00171805 2.10401e-07 0)
(-0.00171471 2.09252e-07 0)
(-0.00171137 2.0812e-07 0)
(-0.00170802 2.06979e-07 0)
(-0.00170466 2.0592e-07 0)
(-0.0017013 2.04761e-07 0)
(-0.00169793 2.03821e-07 0)
(-0.00169457 2.0257e-07 0)
(-0.00169118 2.01877e-07 0)
(-0.00168781 2.00365e-07 0)
(-0.0016844 2.00214e-07 0)
(-0.00168102 1.97958e-07 0)
(-0.00167758 1.99112e-07 0)
(-0.00167422 1.95021e-07 0)
(-0.00167071 1.99167e-07 0)
(-0.00166741 1.90712e-07 0)
(-0.00166378 2.01656e-07 0)
(-0.00166061 1.83241e-07 0)
(-0.00165672 2.09274e-07 0)
(-0.00165386 1.68951e-07 0)
(-0.00164949 2.2721e-07 0)
(-0.00164722 1.41029e-07 0)
(-0.00164198 2.64131e-07 0)
(-0.00164077 8.8519e-08 0)
(-0.00163418 3.29689e-07 0)
(-0.00163449 5.72688e-09 0)
(-0.00162613 3.62707e-07 0)
(-0.0353511 -0.00216565 0)
(-0.0160355 -0.000525001 0)
(-0.0105886 -0.000100595 0)
(-0.00845274 -3.46268e-05 0)
(-0.0074877 -1.97202e-05 0)
(-0.00685105 -1.60489e-05 0)
(-0.0063413 -1.32487e-05 0)
(-0.00592915 -1.07994e-05 0)
(-0.00559364 -8.99907e-06 0)
(-0.00531402 -7.69985e-06 0)
(-0.00507571 -6.71564e-06 0)
(-0.00486931 -5.93821e-06 0)
(-0.00468832 -5.3086e-06 0)
(-0.00452803 -4.78991e-06 0)
(-0.00438486 -4.35649e-06 0)
(-0.00425602 -3.98984e-06 0)
(-0.00413934 -3.67628e-06 0)
(-0.00403307 -3.40552e-06 0)
(-0.0039358 -3.16977e-06 0)
(-0.00384637 -2.96294e-06 0)
(-0.00376381 -2.78032e-06 0)
(-0.00368734 -2.61811e-06 0)
(-0.00361626 -2.47331e-06 0)
(-0.00354999 -2.34345e-06 0)
(-0.00348803 -2.22651e-06 0)
(-0.00342996 -2.1208e-06 0)
(-0.0033754 -2.02492e-06 0)
(-0.00332402 -1.93767e-06 0)
(-0.00327553 -1.85794e-06 0)
(-0.00322969 -1.78499e-06 0)
(-0.00318627 -1.71768e-06 0)
(-0.00314507 -1.6557e-06 0)
(-0.00310592 -1.59761e-06 0)
(-0.00306867 -1.54362e-06 0)
(-0.00303319 -1.49169e-06 0)
(-0.00299936 -1.44211e-06 0)
(-0.00296707 -1.39327e-06 0)
(-0.00293636 -1.3423e-06 0)
(-0.00290691 -1.29417e-06 0)
(-0.00287928 -1.22994e-06 0)
(-0.0028524 -1.18322e-06 0)
(-0.00282826 -1.08131e-06 0)
(-0.00280385 -1.04457e-06 0)
(-0.00278406 -8.60123e-07 0)
(-0.00276279 -8.60809e-07 0)
(-0.00274739 -5.13735e-07 0)
(-0.00273405 -7.07865e-07 0)
(-0.00271399 2.86003e-07 0)
(-0.00273998 -6.3416e-06 0)
(-0.00246952 0.000177276 0)
(0.000107877 -4.34036e-05 0)
(0.000109894 -0.000209839 0)
(8.81036e-05 -0.000327481 0)
(9.00626e-05 -0.000366044 0)
(4.62676e-05 -0.000301501 0)
(-0.000179764 -2.5744e-05 0)
(-0.000692275 0.000675269 0)
(-0.000954579 0.00187202 0)
(-0.000534784 0.00265251 0)
(-0.000125786 0.00272833 0)
(2.67953e-05 0.0026465 0)
(0.000145435 0.00244464 0)
(0.000176863 0.00218717 0)
(0.000148815 0.00196725 0)
(0.000124463 0.00179181 0)
(0.000117822 0.00163359 0)
(0.000120411 0.00147305 0)
(0.000123559 0.00131051 0)
(0.00012848 0.00114561 0)
(0.000136421 0.000974444 0)
(0.000145188 0.000795119 0)
(0.000152986 0.000609208 0)
(0.000160786 0.000419447 0)
(0.000169983 0.000225248 0)
(0.000174151 2.06819e-05 0)
(0.000171532 -0.000181339 0)
(0.0001677 -0.000375885 0)
(0.000162941 -0.00056528 0)
(0.000156803 -0.000748134 0)
(0.000149399 -0.000922926 0)
(0.000140989 -0.00108863 0)
(0.000131827 -0.00124459 0)
(0.000122119 -0.00139044 0)
(0.000112023 -0.00152597 0)
(0.000101658 -0.00165111 0)
(9.11194e-05 -0.00176586 0)
(8.04913e-05 -0.00187029 0)
(6.98521e-05 -0.00196452 0)
(5.92789e-05 -0.00204871 0)
(4.88403e-05 -0.00212311 0)
(3.85987e-05 -0.00218798 0)
(2.85938e-05 -0.00224365 0)
(1.88526e-05 -0.00229045 0)
(9.3629e-06 -0.00232876 0)
(9.90852e-08 -0.0023589 0)
(-9.02624e-06 -0.00238126 0)
(-1.81084e-05 -0.00239602 0)
(-2.7338e-05 -0.00240356 0)
(-3.6997e-05 -0.00240381 0)
(-4.72005e-05 -0.00239663 0)
(-5.78935e-05 -0.00238211 0)
(-6.91416e-05 -0.00236021 0)
(-8.10864e-05 -0.0023307 0)
(-9.38319e-05 -0.00229333 0)
(-0.00010747 -0.00224785 0)
(-0.000122077 -0.00219397 0)
(-0.000137724 -0.00213135 0)
(-0.000154442 -0.00205958 0)
(-0.000172248 -0.00197825 0)
(-0.000191145 -0.00188693 0)
(-0.000211074 -0.00178523 0)
(-0.000231966 -0.00167275 0)
(-0.000253698 -0.0015491 0)
(-0.000275893 -0.00141411 0)
(-0.000298683 -0.00126794 0)
(-0.000321867 -0.00110929 0)
(-0.000344246 -0.000944226 0)
(-0.000381968 -0.000770776 0)
(-0.000433796 -0.000548692 0)
(-0.000409914 -0.000269809 0)
(-0.000254483 -1.08623e-05 0)
(-2.46422e-05 0.000170112 0)
(0.000210237 0.000263547 0)
(0.000383701 0.000270008 0)
(0.000474515 0.000226092 0)
(0.000500405 0.000164542 0)
(0.000461624 9.54404e-05 0)
(0.00035943 3.21189e-05 0)
(0.000202055 -3.46251e-06 0)
(2.70792e-05 1.03635e-05 0)
(-0.000105785 7.05074e-05 0)
(-0.000163861 0.000135524 0)
(-0.000160982 0.000163077 0)
(-0.000143081 0.000145436 0)
(-0.000136138 0.000110769 0)
(-0.000131054 8.96882e-05 0)
(-0.000109986 8.69357e-05 0)
(-6.78341e-05 9.07127e-05 0)
(-1.23298e-05 8.54599e-05 0)
(3.76897e-05 6.31131e-05 0)
(6.61564e-05 2.94543e-05 0)
(6.93605e-05 -6.47296e-07 0)
(5.63747e-05 -1.72974e-05 0)
(3.71344e-05 -2.19357e-05 0)
(1.69137e-05 -1.93235e-05 0)
(-2.01981e-06 -1.28666e-05 0)
(-1.83831e-05 -3.95779e-06 0)
(-3.10271e-05 7.08323e-06 0)
(-3.88747e-05 1.97308e-05 0)
(-4.14511e-05 3.27707e-05 0)
(-3.88366e-05 4.45973e-05 0)
(-3.16638e-05 5.35713e-05 0)
(-2.07184e-05 5.82487e-05 0)
(-7.14522e-06 5.72811e-05 0)
(7.7693e-06 4.97388e-05 0)
(2.26517e-05 3.53487e-05 0)
(3.62635e-05 1.41321e-05 0)
(4.74198e-05 -1.31982e-05 0)
(5.51447e-05 -4.55192e-05 0)
(5.84346e-05 -8.1235e-05 0)
(5.6815e-05 -0.00011823 0)
(5.00847e-05 -0.000154401 0)
(3.84028e-05 -0.000187505 0)
(2.23678e-05 -0.000215386 0)
(2.98278e-06 -0.000236173 0)
(-1.8445e-05 -0.000248415 0)
(-4.0285e-05 -0.000251062 0)
(-6.06058e-05 -0.000243697 0)
(-7.73903e-05 -0.000226537 0)
(-8.85689e-05 -0.00020043 0)
(-9.21663e-05 -0.000167166 0)
(-8.68518e-05 -0.000129491 0)
(-7.22712e-05 -9.06884e-05 0)
(-4.91087e-05 -5.41709e-05 0)
(-1.93371e-05 -2.31457e-05 0)
(1.3153e-05 7.60464e-08 0)
(4.18589e-05 1.50774e-05 0)
(5.87626e-05 2.37844e-05 0)
(5.3274e-05 2.79287e-05 0)
(1.2326e-05 2.91461e-05 0)
(-7.89406e-05 3.54882e-05 0)
(-0.000227802 7.17911e-05 0)
(-0.000414058 0.000177085 0)
(-0.000583544 0.000371993 0)
(-0.000680176 0.000625761 0)
(-0.000688675 0.000874435 0)
(-0.000634058 0.00107331 0)
(-0.00054948 0.00121963 0)
(-0.000454192 0.0013274 0)
(-0.000356111 0.00140621 0)
(-0.00025854 0.00146023 0)
(-0.000162792 0.00149134 0)
(-6.91626e-05 0.00150061 0)
(2.09937e-05 0.00148851 0)
(0.000107028 0.00145741 0)
(0.000189768 0.00140813 0)
(0.000269081 0.00134139 0)
(0.000344884 0.00125808 0)
(0.000416961 0.00115916 0)
(0.000485004 0.00104562 0)
(0.000548619 0.000918488 0)
(0.000607298 0.000778822 0)
(0.000660423 0.000627739 0)
(0.000707252 0.000466502 0)
(0.000746865 0.000296581 0)
(0.000779191 0.000119895 0)
(0.000803659 -6.19806e-05 0)
(0.000818796 -0.000246703 0)
(0.00082451 -0.000431385 0)
(0.000821507 -0.000613919 0)
(0.000809807 -0.000792136 0)
(0.000790038 -0.000964177 0)
(0.000762926 -0.00112879 0)
(0.000729149 -0.00128501 0)
(0.000689397 -0.0014321 0)
(0.000644292 -0.00156952 0)
(0.000594366 -0.00169686 0)
(0.000540046 -0.00181374 0)
(0.000481689 -0.00191983 0)
(0.000419596 -0.00201481 0)
(0.000354035 -0.00209835 0)
(0.000285284 -0.00217015 0)
(0.000213597 -0.00222993 0)
(0.000139384 -0.00227755 0)
(6.26658e-05 -0.00231315 0)
(-1.56135e-05 -0.00233651 0)
(-9.66091e-05 -0.00234819 0)
(-0.000181173 -0.00234622 0)
(-0.00026713 -0.00233024 0)
(-0.000353177 -0.00230031 0)
(-0.000438431 -0.00225664 0)
(-0.000522239 -0.00219955 0)
(-0.000603789 -0.00212934 0)
(-0.000682071 -0.00204624 0)
(-0.000755842 -0.00195044 0)
(-0.000823643 -0.00184255 0)
(-0.000884152 -0.00172339 0)
(-0.000935937 -0.00159341 0)
(-0.000977178 -0.00145295 0)
(-0.00100569 -0.0013023 0)
(-0.00101886 -0.00114163 0)
(-0.00101344 -0.000970854 0)
(-0.000985503 -0.000790216 0)
(-0.000930985 -0.000603401 0)
(-0.000847983 -0.000424496 0)
(-0.00074241 -0.000285537 0)
(-0.00063712 -0.000237151 0)
(-0.000582458 -0.000336241 0)
(-0.000635802 -0.000614218 0)
(-0.00081911 -0.00102795 0)
(1.28846e-05 -0.000104577 0)
(0.000151635 -7.61105e-05 0)
(0.000187951 5.03907e-05 0)
(3.09113e-05 0.000223348 0)
(-0.000266228 0.000329897 0)
(-0.000595542 0.000356427 0)
(-0.000905648 0.000327053 0)
(-0.00117106 0.000269421 0)
(-0.00138133 0.000203058 0)
(-0.00153784 0.000139557 0)
(-0.00164665 8.3424e-05 0)
(-0.001715 3.48952e-05 0)
(-0.00174881 -7.51972e-06 0)
(-0.00175315 -4.73276e-05 0)
(-0.0017281 -8.80032e-05 0)
(-0.00167422 -0.000131693 0)
(-0.00158873 -0.000182034 0)
(-0.00146477 -0.000240927 0)
(-0.001292 -0.00030282 0)
(-0.00106431 -0.000348889 0)
(-0.000795902 -0.000355574 0)
(-0.000521325 -0.000318694 0)
(-0.000271827 -0.000263469 0)
(-5.62106e-05 -0.000218274 0)
(0.000133942 -0.000197502 0)
(0.000310335 -0.000201561 0)
(0.000473272 -0.0002243 0)
(0.00066534 -0.000250624 0)
(0.000894538 -0.000213608 0)
(0.00107164 -9.68752e-05 0)
(0.00115673 -1.92924e-05 0)
(0.00121112 -2.85107e-05 0)
(0.00126874 -4.99499e-05 0)
(0.00131892 -4.44762e-05 0)
(0.00134802 -1.58134e-05 0)
(0.00133209 4.26449e-05 0)
(0.00124055 0.000126928 0)
(0.00106291 0.000208137 0)
(0.00082559 0.000241514 0)
(0.000593704 0.000203161 0)
(0.000428799 0.000117839 0)
(0.000345439 3.70938e-05 0)
(0.00032085 4.47141e-06 0)
(0.000334287 2.44866e-05 0)
(0.00037411 8.66501e-05 0)
(0.000411887 0.000159078 0)
(0.000434804 0.000161959 0)
(0.000492329 2.52113e-05 0)
(0.000654948 -0.000238815 0)
(0.000969254 -0.000450789 0)
(0.00133906 -0.000444857 0)
(0.00158244 -0.000328428 0)
(0.00174594 -0.000292652 0)
(0.00192042 -0.000268863 0)
(0.00205959 -0.0002094 0)
(0.00215352 -0.000169682 0)
(0.00222815 -0.000129146 0)
(0.00226672 -7.63935e-05 0)
(0.0022667 -3.10432e-05 0)
(0.00223384 1.39502e-05 0)
(0.00216603 5.98327e-05 0)
(0.00206361 0.000101727 0)
(0.00193061 0.000140925 0)
(0.00177007 0.000176037 0)
(0.00158673 0.000206017 0)
(0.00138414 0.000234188 0)
(0.00116266 0.000263459 0)
(0.000922151 0.000295392 0)
(0.000662246 0.000332405 0)
(0.000375372 0.000377341 0)
(4.04518e-05 0.000421519 0)
(-0.000328943 0.000441478 0)
(-0.00069275 0.000441536 0)
(-0.00105315 0.000432237 0)
(-0.00141152 0.000409962 0)
(-0.00175301 0.000369182 0)
(-0.00205902 0.000309009 0)
(-0.00231274 0.000232197 0)
(-0.00250154 0.000141731 0)
(-0.00261363 4.31695e-05 0)
(-0.00264791 -6.08928e-05 0)
(-0.00259311 -0.000167037 0)
(-0.00245255 -0.000264825 0)
(-0.00223634 -0.000344227 0)
(-0.00196158 -0.000397576 0)
(-0.00165132 -0.000420978 0)
(-0.00132973 -0.000415196 0)
(-0.00101768 -0.000384201 0)
(-0.000730737 -0.000334318 0)
(-0.000478603 -0.000273836 0)
(-0.000266614 -0.000209535 0)
(-9.7765e-05 -0.000145702 0)
(2.78334e-05 -8.63921e-05 0)
(0.000112592 -3.28887e-05 0)
(0.000159164 1.15822e-05 0)
(0.000171754 4.20936e-05 0)
(0.000159489 6.00947e-05 0)
(0.000128301 7.26034e-05 0)
(7.74025e-05 8.12406e-05 0)
(-1.17471e-06 7.51397e-05 0)
(6.58208e-05 4.04012e-05 0)
(3.68626e-05 0.000121934 0)
(2.19492e-06 0.000127858 0)
(-2.68677e-05 8.37363e-05 0)
(-3.99705e-05 5.10228e-06 0)
(-3.78467e-05 -7.79454e-05 0)
(-2.36476e-05 -0.000150577 0)
(5.38851e-07 -0.000199482 0)
(3.29041e-05 -0.000215268 0)
(7.22936e-05 -0.000189996 0)
(0.000115061 -0.000114976 0)
(0.000151392 1.70204e-05 0)
(0.000144526 0.000208201 0)
(3.02466e-05 0.000408156 0)
(-0.000135472 0.000470038 0)
(-0.000198108 0.000373046 0)
(-0.000119667 0.000254071 0)
(0.000139476 0.000242271 0)
(0.000377985 0.000601648 0)
(0.000228404 0.00102197 0)
(-0.000256366 0.000965567 0)
(-0.000655021 0.000387771 0)
(-0.000685407 -0.000370241 0)
(-0.000583753 -0.000975283 0)
(-0.000492967 -0.00147207 0)
(-0.000418861 -0.00191953 0)
(-0.000329582 -0.0023134 0)
(-0.000200381 -0.00262056 0)
(-2.71736e-05 -0.00279686 0)
(0.00019162 -0.00281592 0)
(0.000448891 -0.0026319 0)
(0.000720941 -0.00222797 0)
(0.000987923 -0.00153885 0)
(0.000889456 -0.000527407 0)
(0.000340423 0.000166821 0)
(7.02114e-05 0.000408966 0)
(5.13697e-05 0.000531897 0)
(2.45713e-05 0.000604155 0)
(-1.62102e-05 0.000607684 0)
(-5.38501e-05 0.000560862 0)
(-8.04422e-05 0.000478424 0)
(-3.79105e-05 0.000361763 0)
(7.29364e-05 0.000292633 0)
(0.000145907 0.000278443 0)
(0.000146605 0.000309651 0)
(4.10521e-05 0.000360707 0)
(-0.000157355 0.000354937 0)
(-0.000328612 0.000252596 0)
(-0.00041262 0.000106016 0)
(-0.000434947 -3.61493e-05 0)
(-0.000414871 -0.000124328 0)
(-0.000358784 -9.97729e-05 0)
(-0.000270282 3.86924e-05 0)
(-0.000113293 0.00022165 0)
(0.000222432 0.000460204 0)
(0.000767314 0.000851682 0)
(0.00119145 0.00155007 0)
(0.00103804 0.00236572 0)
(0.000531722 0.00269881 0)
(0.00038686 0.00275498 0)
(0.000407638 0.00294721 0)
(0.000280285 0.00313599 0)
(0.000207053 0.00321 0)
(0.000203111 0.00329684 0)
(0.000150331 0.00338129 0)
(0.000117848 0.00342222 0)
(0.000109928 0.00346448 0)
(8.41244e-05 0.00350168 0)
(6.7278e-05 0.00352003 0)
(5.93589e-05 0.0035366 0)
(4.52095e-05 0.00354864 0)
(3.47227e-05 0.00355148 0)
(2.77949e-05 0.00355155 0)
(1.88542e-05 0.0035483 0)
(1.14028e-05 0.00353992 0)
(5.49157e-06 0.00352908 0)
(-1.04758e-06 0.00351549 0)
(-6.96137e-06 0.00349861 0)
(-1.213e-05 0.00347946 0)
(-1.73684e-05 0.00345812 0)
(-2.2318e-05 0.00343444 0)
(-2.68532e-05 0.00340885 0)
(-3.12758e-05 0.0033815 0)
(-3.55126e-05 0.00335241 0)
(-3.94861e-05 0.00332178 0)
(-4.32963e-05 0.00328977 0)
(-4.69453e-05 0.00325644 0)
(-5.03945e-05 0.00322192 0)
(-5.36666e-05 0.00318635 0)
(-5.67692e-05 0.00314983 0)
(-5.96818e-05 0.00311246 0)
(-6.23982e-05 0.00307437 0)
(-6.49133e-05 0.00303566 0)
(-6.72096e-05 0.00299646 0)
(-6.92686e-05 0.00295689 0)
(-7.10734e-05 0.00291708 0)
(-7.26032e-05 0.00287717 0)
(-7.38351e-05 0.00283728 0)
(-7.47472e-05 0.00279758 0)
(-7.53183e-05 0.0027582 0)
(-7.55275e-05 0.00271931 0)
(-7.5356e-05 0.00268105 0)
(-7.47874e-05 0.00264359 0)
(-7.38078e-05 0.00260709 0)
(-7.24061e-05 0.00257171 0)
(-7.05736e-05 0.00253759 0)
(-6.83044e-05 0.0025049 0)
(-6.55945e-05 0.00247377 0)
(-6.24415e-05 0.00244436 0)
(-5.88445e-05 0.0024168 0)
(-5.48036e-05 0.00239122 0)
(-5.03201e-05 0.00236776 0)
(-4.53969e-05 0.00234652 0)
(-4.00394e-05 0.00232764 0)
(-3.42572e-05 0.00231123 0)
(-2.80646e-05 0.0022974 0)
(-2.14831e-05 0.00228626 0)
(-1.4544e-05 0.00227791 0)
(-7.27208e-06 0.00227245 0)
(2.83266e-07 0.00226997 0)
(8.0752e-06 0.00227046 0)
(1.6184e-05 0.00227385 0)
(2.48154e-05 0.0022802 0)
(3.411e-05 0.00228964 0)
(4.41547e-05 0.00230234 0)
(5.49825e-05 0.00231846 0)
(6.65481e-05 0.00233813 0)
(7.87259e-05 0.00236146 0)
(9.13092e-05 0.00238848 0)
(0.000104024 0.00241911 0)
(0.000116531 0.0024532 0)
(0.000128432 0.00249047 0)
(0.000139271 0.0025305 0)
(0.000148538 0.00257269 0)
(0.000155685 0.0026162 0)
(0.000160118 0.00266004 0)
(0.000161208 0.00270305 0)
(0.000158326 0.00274391 0)
(0.00015089 0.00278118 0)
(0.000138448 0.00281332 0)
(0.00012087 0.00283879 0)
(9.84206e-05 0.00285613 0)
(7.16976e-05 0.00286408 0)
(4.21406e-05 0.00286179 0)
(1.10686e-05 0.00285002 0)
(-2.13284e-05 0.0028293 0)
(-5.44073e-05 0.00279965 0)
(-8.7324e-05 0.00276161 0)
(-0.000119573 0.00271598 0)
(-0.000150814 0.0026635 0)
(-0.00018082 0.00260487 0)
(-0.000209503 0.00254081 0)
(-0.000236868 0.00247195 0)
(-0.000262984 0.00239883 0)
(-0.000287967 0.00232193 0)
(-0.000311966 0.00224166 0)
(-0.000335148 0.00215835 0)
(-0.000357686 0.0020723 0)
(-0.000379761 0.00198372 0)
(-0.000401559 0.00189279 0)
(-0.000423267 0.00179968 0)
(-0.00044507 0.00170446 0)
(-0.000467157 0.00160723 0)
(-0.00048972 0.001508 0)
(-0.000512956 0.0014068 0)
(-0.000537073 0.00130357 0)
(-0.000562284 0.00119822 0)
(-0.00058881 0.00109061 0)
(-0.000616862 0.000980498 0)
(-0.000646633 0.000867589 0)
(-0.000678284 0.000751532 0)
(-0.000711941 0.000631973 0)
(-0.000747673 0.000508618 0)
(-0.000785481 0.000381292 0)
(-0.000825438 0.000249986 0)
(-0.000868268 0.000114794 0)
(-0.00091439 -2.45064e-05 0)
(-0.000963573 -0.000167912 0)
(-0.00101647 -0.000315282 0)
(-0.00107418 -0.000466927 0)
(-0.00113728 -0.000623277 0)
(-0.00120638 -0.000784746 0)
(-0.00128227 -0.000951755 0)
(-0.00136586 -0.0011248 0)
(-0.00145816 -0.00130445 0)
(-0.00156023 -0.00149129 0)
(-0.00167326 -0.00168604 0)
(-0.00179855 -0.00188925 0)
(-0.00193763 -0.00210211 0)
(-0.00209189 -0.0023244 0)
(-0.00226372 -0.00255967 0)
(-0.0024537 -0.00280286 0)
(-0.00266739 -0.00306868 0)
(-0.00289972 -0.00332919 0)
(-0.00316945 -0.00364643 0)
(-0.00344454 -0.00389884 0)
(-0.00379379 -0.00432921 0)
(-0.00407286 -0.00446942 0)
(-0.00451566 -0.00519791 0)
(-0.00450111 -0.00480928 0)
)
;
    }
    frontAndBack
    {
        type            empty;
    }
}


// ************************************************************************* //
