# Wall shear stress
# Time        	patch         	min           	max           
1.000000e-02	fixedWalls	(-3.846850e-02 -1.163868e-02 0.000000e+00)	(4.336837e-02 3.684307e-03 0.000000e+00)
1.000000e-02	bottomWall	(-3.535165e-02 -1.026840e-02 0.000000e+00)	(1.278580e-03 2.165549e-03 0.000000e+00)
2.000000e-02	fixedWalls	(-1.435217e-02 -6.998697e-03 0.000000e+00)	(2.571948e-02 1.213720e-03 0.000000e+00)
2.000000e-02	bottomWall	(-3.535142e-02 -5.801358e-03 0.000000e+00)	(6.791750e-04 2.589616e-03 0.000000e+00)
3.000000e-02	fixedWalls	(-1.633963e-02 -4.369969e-03 0.000000e+00)	(9.238254e-03 2.774138e-04 0.000000e+00)
3.000000e-02	bottomWall	(-3.535122e-02 -2.165637e-03 0.000000e+00)	(1.998738e-03 9.762958e-03 0.000000e+00)
4.000000e-02	fixedWalls	(-1.128585e-02 -6.226718e-03 0.000000e+00)	(1.805563e-02 7.490975e-04 0.000000e+00)
4.000000e-02	bottomWall	(-3.535125e-02 -5.666939e-03 0.000000e+00)	(1.951827e-03 7.014544e-03 0.000000e+00)
5.000000e-02	fixedWalls	(-2.031026e-02 -2.291347e-03 0.000000e+00)	(7.191357e-03 2.268101e-04 0.000000e+00)
5.000000e-02	bottomWall	(-3.535121e-02 -2.165640e-03 0.000000e+00)	(2.178571e-03 9.588955e-03 0.000000e+00)
6.000000e-02	fixedWalls	(-1.488380e-02 -4.095140e-04 0.000000e+00)	(1.290309e-03 9.913307e-05 0.000000e+00)
6.000000e-02	bottomWall	(-3.535160e-02 -2.165560e-03 0.000000e+00)	(3.730769e-03 7.255258e-03 0.000000e+00)
7.000000e-02	fixedWalls	(-1.831003e-02 -7.150062e-03 0.000000e+00)	(2.936662e-02 2.173634e-03 0.000000e+00)
7.000000e-02	bottomWall	(-3.535129e-02 -5.898906e-03 0.000000e+00)	(2.764063e-03 6.329860e-03 0.000000e+00)
8.000000e-02	fixedWalls	(-1.173506e-02 -8.122486e-03 0.000000e+00)	(1.412378e-02 6.149889e-04 0.000000e+00)
8.000000e-02	bottomWall	(-3.535125e-02 -6.952707e-03 0.000000e+00)	(3.185442e-03 7.785228e-03 0.000000e+00)
9.000000e-02	fixedWalls	(-1.988251e-02 -3.671155e-03 0.000000e+00)	(8.750367e-03 4.758507e-04 0.000000e+00)
9.000000e-02	bottomWall	(-3.535125e-02 -2.165618e-03 0.000000e+00)	(2.087996e-03 8.753549e-03 0.000000e+00)
1.000000e-01	fixedWalls	(-2.223866e-02 -6.152192e-03 0.000000e+00)	(1.407158e-02 7.002603e-04 0.000000e+00)
1.000000e-01	bottomWall	(-3.535122e-02 -2.956167e-03 0.000000e+00)	(1.562235e-03 4.862192e-03 0.000000e+00)
1.100000e-01	fixedWalls	(-1.489551e-02 -4.298713e-03 0.000000e+00)	(2.099714e-02 9.030434e-04 0.000000e+00)
1.100000e-01	bottomWall	(-3.535126e-02 -2.165660e-03 0.000000e+00)	(2.346868e-03 5.147068e-03 0.000000e+00)
1.200000e-01	fixedWalls	(-1.391898e-02 -5.702599e-03 0.000000e+00)	(4.694297e-03 7.578834e-04 0.000000e+00)
1.200000e-01	bottomWall	(-3.535122e-02 -4.334598e-03 0.000000e+00)	(1.453370e-03 9.003403e-03 0.000000e+00)
1.300000e-01	fixedWalls	(-2.296859e-02 -8.485760e-03 0.000000e+00)	(5.033749e-03 4.986681e-04 0.000000e+00)
1.300000e-01	bottomWall	(-3.535134e-02 -3.636877e-03 0.000000e+00)	(1.406277e-03 6.269621e-03 0.000000e+00)
1.400000e-01	fixedWalls	(-1.496367e-02 -8.071450e-03 0.000000e+00)	(2.878717e-02 1.178882e-03 0.000000e+00)
1.400000e-01	bottomWall	(-3.535132e-02 -5.878964e-03 0.000000e+00)	(3.973001e-03 6.058611e-03 0.000000e+00)
1.500000e-01	fixedWalls	(-1.054563e-02 -2.228779e-03 0.000000e+00)	(7.051761e-03 2.685165e-04 0.000000e+00)
1.500000e-01	bottomWall	(-3.535132e-02 -2.209012e-03 0.000000e+00)	(2.985869e-03 7.532743e-03 0.000000e+00)
1.600000e-01	fixedWalls	(-2.277071e-02 -8.335375e-03 0.000000e+00)	(1.646018e-02 6.319592e-04 0.000000e+00)
1.600000e-01	bottomWall	(-3.535132e-02 -3.587226e-03 0.000000e+00)	(2.238706e-03 7.608049e-03 0.000000e+00)
1.700000e-01	fixedWalls	(-1.356862e-02 -8.196209e-03 0.000000e+00)	(1.380579e-02 7.622901e-04 0.000000e+00)
1.700000e-01	bottomWall	(-3.535131e-02 -6.332376e-03 0.000000e+00)	(1.710721e-03 3.721236e-03 0.000000e+00)
1.800000e-01	fixedWalls	(-2.464313e-02 -8.375627e-03 0.000000e+00)	(1.130837e-02 6.287842e-04 0.000000e+00)
1.800000e-01	bottomWall	(-3.535124e-02 -3.640104e-03 0.000000e+00)	(2.907371e-03 1.028509e-02 0.000000e+00)
1.900000e-01	fixedWalls	(-9.512953e-03 -4.296289e-03 0.000000e+00)	(3.582259e-03 4.014646e-04 0.000000e+00)
1.900000e-01	bottomWall	(-3.535123e-02 -3.824022e-03 0.000000e+00)	(1.334788e-03 3.217520e-03 0.000000e+00)
2.000000e-01	fixedWalls	(-9.327827e-03 -1.070639e-03 0.000000e+00)	(8.301537e-03 5.572384e-04 0.000000e+00)
2.000000e-01	bottomWall	(-3.535123e-02 -2.165652e-03 0.000000e+00)	(2.970574e-03 7.106226e-03 0.000000e+00)
2.100000e-01	fixedWalls	(-1.209473e-02 -5.642029e-03 0.000000e+00)	(7.378788e-03 3.207430e-04 0.000000e+00)
2.100000e-01	bottomWall	(-3.535130e-02 -4.438361e-03 0.000000e+00)	(2.492159e-03 8.806329e-03 0.000000e+00)
2.200000e-01	fixedWalls	(-1.822183e-02 -8.571542e-03 0.000000e+00)	(1.927211e-02 1.042269e-03 0.000000e+00)
2.200000e-01	bottomWall	(-3.535122e-02 -5.187030e-03 0.000000e+00)	(1.805213e-03 9.341657e-03 0.000000e+00)
2.300000e-01	fixedWalls	(-1.517461e-02 -8.456123e-03 0.000000e+00)	(1.314310e-02 9.053842e-04 0.000000e+00)
2.300000e-01	bottomWall	(-3.535124e-02 -5.979309e-03 0.000000e+00)	(1.468172e-03 5.154826e-03 0.000000e+00)
2.400000e-01	fixedWalls	(-2.536982e-02 -9.020890e-03 0.000000e+00)	(1.020206e-02 6.887709e-04 0.000000e+00)
2.400000e-01	bottomWall	(-3.535123e-02 -3.771844e-03 0.000000e+00)	(1.870607e-03 9.260809e-03 0.000000e+00)
2.500000e-01	fixedWalls	(-2.107613e-02 -7.300878e-03 0.000000e+00)	(1.169771e-02 5.405571e-04 0.000000e+00)
2.500000e-01	bottomWall	(-3.535127e-02 -4.496666e-03 0.000000e+00)	(2.903694e-03 5.819178e-03 0.000000e+00)
2.600000e-01	fixedWalls	(-1.168673e-02 -6.877082e-03 0.000000e+00)	(1.010371e-02 6.102155e-04 0.000000e+00)
2.600000e-01	bottomWall	(-3.535124e-02 -6.006463e-03 0.000000e+00)	(3.483488e-03 4.592796e-03 0.000000e+00)
2.700000e-01	fixedWalls	(-1.386499e-02 -5.890726e-03 0.000000e+00)	(1.348912e-02 6.841607e-04 0.000000e+00)
2.700000e-01	bottomWall	(-3.535125e-02 -4.281081e-03 0.000000e+00)	(2.759269e-03 8.207955e-03 0.000000e+00)
2.800000e-01	fixedWalls	(-1.658823e-02 -8.419408e-03 0.000000e+00)	(1.140458e-02 8.425117e-04 0.000000e+00)
2.800000e-01	bottomWall	(-3.535123e-02 -5.638591e-03 0.000000e+00)	(3.314946e-03 7.787463e-03 0.000000e+00)
2.900000e-01	fixedWalls	(-1.124423e-02 -2.098509e-03 0.000000e+00)	(6.336905e-03 3.147789e-04 0.000000e+00)
2.900000e-01	bottomWall	(-3.535129e-02 -2.675440e-03 0.000000e+00)	(2.698440e-03 6.606835e-03 0.000000e+00)
3.000000e-01	fixedWalls	(-1.042387e-02 -2.829217e-03 0.000000e+00)	(1.220299e-02 5.441982e-04 0.000000e+00)
3.000000e-01	bottomWall	(-3.535121e-02 -2.843208e-03 0.000000e+00)	(1.828350e-03 4.025216e-03 0.000000e+00)
3.100000e-01	fixedWalls	(-1.561755e-02 -4.945548e-03 0.000000e+00)	(2.190025e-02 9.510571e-04 0.000000e+00)
3.100000e-01	bottomWall	(-3.535122e-02 -3.540638e-03 0.000000e+00)	(2.769885e-03 5.719924e-03 0.000000e+00)
3.200000e-01	fixedWalls	(-1.754322e-02 -6.827966e-03 0.000000e+00)	(4.707732e-03 6.067804e-04 0.000000e+00)
3.200000e-01	bottomWall	(-3.535136e-02 -3.799311e-03 0.000000e+00)	(2.257315e-03 9.429888e-03 0.000000e+00)
3.300000e-01	fixedWalls	(-1.490629e-02 -7.410167e-03 0.000000e+00)	(1.554931e-02 5.132917e-04 0.000000e+00)
3.300000e-01	bottomWall	(-3.535126e-02 -5.197906e-03 0.000000e+00)	(2.266718e-03 3.551548e-03 0.000000e+00)
3.400000e-01	fixedWalls	(-2.280949e-02 -9.512744e-03 0.000000e+00)	(1.745717e-02 6.673722e-04 0.000000e+00)
3.400000e-01	bottomWall	(-3.535120e-02 -4.746761e-03 0.000000e+00)	(2.962989e-03 1.164157e-02 0.000000e+00)
3.500000e-01	fixedWalls	(-1.543165e-02 -6.914492e-03 0.000000e+00)	(9.636604e-03 4.370273e-04 0.000000e+00)
3.500000e-01	bottomWall	(-3.535123e-02 -4.602883e-03 0.000000e+00)	(1.725749e-03 4.692259e-03 0.000000e+00)
3.600000e-01	fixedWalls	(-1.844475e-02 -5.193855e-03 0.000000e+00)	(8.227923e-03 4.774504e-04 0.000000e+00)
3.600000e-01	bottomWall	(-3.535129e-02 -3.083149e-03 0.000000e+00)	(3.106454e-03 5.013955e-03 0.000000e+00)
3.700000e-01	fixedWalls	(-1.120459e-02 -2.394461e-03 0.000000e+00)	(1.397225e-02 6.227132e-04 0.000000e+00)
3.700000e-01	bottomWall	(-3.535128e-02 -2.492266e-03 0.000000e+00)	(2.290292e-03 3.824252e-03 0.000000e+00)
3.800000e-01	fixedWalls	(-8.824074e-03 -1.321183e-03 0.000000e+00)	(1.003995e-02 6.535724e-04 0.000000e+00)
3.800000e-01	bottomWall	(-3.535123e-02 -2.917734e-03 0.000000e+00)	(3.117094e-03 6.553611e-03 0.000000e+00)
3.900000e-01	fixedWalls	(-1.184163e-02 -9.199661e-04 0.000000e+00)	(7.881759e-03 4.361087e-04 0.000000e+00)
3.900000e-01	bottomWall	(-3.535133e-02 -2.165606e-03 0.000000e+00)	(3.692188e-03 8.365031e-03 0.000000e+00)
4.000000e-01	fixedWalls	(-8.024792e-03 -7.472869e-04 0.000000e+00)	(6.717471e-03 4.092990e-04 0.000000e+00)
4.000000e-01	bottomWall	(-3.535131e-02 -2.918110e-03 0.000000e+00)	(2.486412e-03 3.498944e-03 0.000000e+00)
4.100000e-01	fixedWalls	(-1.755483e-02 -6.775424e-03 0.000000e+00)	(2.081878e-02 8.294358e-04 0.000000e+00)
4.100000e-01	bottomWall	(-3.535124e-02 -3.451235e-03 0.000000e+00)	(2.479071e-03 4.911309e-03 0.000000e+00)
4.200000e-01	fixedWalls	(-1.459556e-02 -8.807786e-03 0.000000e+00)	(1.136070e-02 5.824597e-04 0.000000e+00)
4.200000e-01	bottomWall	(-3.535128e-02 -6.774859e-03 0.000000e+00)	(1.695750e-03 5.314108e-03 0.000000e+00)
4.300000e-01	fixedWalls	(-1.971582e-02 -9.277792e-03 0.000000e+00)	(1.001396e-02 4.019364e-04 0.000000e+00)
4.300000e-01	bottomWall	(-3.535123e-02 -4.985467e-03 0.000000e+00)	(2.776296e-03 7.399635e-03 0.000000e+00)
4.400000e-01	fixedWalls	(-1.546656e-02 -8.613781e-03 0.000000e+00)	(1.129417e-02 5.564085e-04 0.000000e+00)
4.400000e-01	bottomWall	(-3.535125e-02 -6.284820e-03 0.000000e+00)	(2.155208e-03 6.067707e-03 0.000000e+00)
4.500000e-01	fixedWalls	(-1.753870e-02 -3.643534e-03 0.000000e+00)	(6.540441e-03 3.510271e-04 0.000000e+00)
4.500000e-01	bottomWall	(-3.535128e-02 -2.233176e-03 0.000000e+00)	(2.210366e-03 6.555124e-03 0.000000e+00)
4.600000e-01	fixedWalls	(-2.532810e-02 -1.795972e-03 0.000000e+00)	(8.415595e-03 3.115950e-04 0.000000e+00)
4.600000e-01	bottomWall	(-3.535122e-02 -2.380245e-03 0.000000e+00)	(2.058150e-03 9.385704e-03 0.000000e+00)
4.700000e-01	fixedWalls	(-1.031133e-02 -1.571781e-03 0.000000e+00)	(1.110115e-02 7.151192e-04 0.000000e+00)
4.700000e-01	bottomWall	(-3.535126e-02 -2.676620e-03 0.000000e+00)	(3.215063e-03 7.414058e-03 0.000000e+00)
4.800000e-01	fixedWalls	(-1.947145e-02 -5.977182e-03 0.000000e+00)	(7.935886e-03 3.685804e-04 0.000000e+00)
4.800000e-01	bottomWall	(-3.535123e-02 -2.165648e-03 0.000000e+00)	(1.560684e-03 4.495726e-03 0.000000e+00)
4.900000e-01	fixedWalls	(-1.674571e-02 -6.704342e-03 0.000000e+00)	(6.846347e-03 5.273659e-04 0.000000e+00)
4.900000e-01	bottomWall	(-3.535123e-02 -3.720276e-03 0.000000e+00)	(1.661793e-03 4.110028e-03 0.000000e+00)
5.000000e-01	fixedWalls	(-1.501603e-02 -7.583439e-03 0.000000e+00)	(1.051657e-02 6.648720e-04 0.000000e+00)
5.000000e-01	bottomWall	(-3.535126e-02 -5.351653e-03 0.000000e+00)	(1.720197e-03 5.719813e-03 0.000000e+00)
