/*--------------------------------*- C++ -*----------------------------------*\
  =========                 |
  \\      /  F ield         | OpenFOAM: The Open Source CFD Toolbox
   \\    /   O peration     | Website:  https://openfoam.org
    \\  /    A nd           | Version:  7
     \\/     M anipulation  |
\*---------------------------------------------------------------------------*/
FoamFile
{
    version     2.0;
    format      ascii;
    class       volScalarField;
    location    "0.21";
    object      yPlus;
}
// * * * * * * * * * * * * * * * * * * * * * * * * * * * * * * * * * * * * * //

dimensions      [0 0 0 0 0 0 0];

internalField   uniform 0;

boundaryField
{
    velocityInlet
    {
        type            calculated;
        value           uniform 0;
    }
    pressureOutlet
    {
        type            calculated;
        value           uniform 0;
    }
    fixedWalls
    {
        type            calculated;
        value           nonuniform List<scalar> 
100
(
2.29032
1.66626
1.37248
1.30739
1.27491
1.2448
1.21589
1.18866
1.16139
1.13171
1.09836
1.06167
1.02388
0.989198
0.96267
0.94796
0.945185
0.950951
0.960453
0.969584
0.975792
0.977602
0.973764
0.963739
0.950163
0.941361
0.948839
0.974068
0.993516
0.964881
0.856331
0.682267
0.520084
0.479926
0.561042
0.664978
0.744896
0.795352
0.823049
0.835307
0.837569
0.8338
0.826872
0.818586
0.809147
0.797468
0.782705
0.766205
0.752504
0.748496
0.76102
0.792997
0.838859
0.884023
0.910691
0.903735
0.852785
0.751177
0.594244
0.374264
0.148825
0.291626
0.214992
0.263285
0.466897
0.601813
0.693233
0.751471
0.783696
0.794311
0.785734
0.759783
0.71887
0.66684
0.609629
0.555629
0.514945
0.495835
0.500129
0.522326
0.554016
0.587792
0.619045
0.645026
0.66532
0.680121
0.690857
0.696251
0.694301
0.676591
0.636218
0.565201
0.482515
0.418158
0.418244
0.441588
0.499889
0.501114
0.523942
0.736105
)
;
    }
    bottomWall
    {
        type            calculated;
        value           nonuniform List<scalar> 
800
(
2.94479
1.9839
1.61342
1.44031
1.35518
1.29656
1.24762
1.20652
1.17199
1.14243
1.11664
1.09382
1.07342
1.05503
1.03834
1.0231
1.0091
0.996188
0.984226
0.973105
0.96273
0.953022
0.943915
0.935348
0.927275
0.919648
0.91243
0.905587
0.89909
0.89291
0.887025
0.881412
0.876053
0.87093
0.866028
0.861332
0.856829
0.852507
0.848357
0.844366
0.840527
0.836831
0.833269
0.829836
0.826522
0.823325
0.820235
0.817251
0.814363
0.811571
0.809231
0.807293
0.805376
0.803484
0.801617
0.799774
0.797955
0.796158
0.794383
0.792629
0.790898
0.789187
0.787497
0.785825
0.784175
0.782543
0.78093
0.779335
0.777759
0.776201
0.77466
0.773137
0.771629
0.770139
0.768665
0.767206
0.765764
0.764337
0.762924
0.761527
0.760145
0.758776
0.757422
0.756082
0.754755
0.753442
0.752142
0.750856
0.749581
0.74832
0.74707
0.745834
0.744609
0.743396
0.742196
0.741006
0.739828
0.738661
0.737505
0.73636
0.735226
0.734102
0.732989
0.731885
0.730793
0.72971
0.728637
0.727574
0.726521
0.725477
0.724442
0.723416
0.7224
0.721392
0.720394
0.719404
0.718422
0.71745
0.716486
0.71553
0.714581
0.713641
0.71271
0.711786
0.71087
0.709961
0.70906
0.708166
0.707281
0.706401
0.705531
0.704665
0.703808
0.702957
0.702113
0.701276
0.700446
0.699623
0.698805
0.697994
0.69719
0.696392
0.6956
0.694815
0.694036
0.693261
0.692494
0.691732
0.690977
0.690227
0.689597
0.689082
0.688566
0.68805
0.687532
0.687013
0.686493
0.685974
0.685452
0.684931
0.684408
0.683884
0.68336
0.682834
0.682308
0.681781
0.681254
0.680726
0.680197
0.679667
0.679137
0.678605
0.678073
0.67754
0.677006
0.676472
0.675937
0.6754
0.674865
0.674327
0.673789
0.673251
0.672711
0.67217
0.67163
0.671088
0.670545
0.670002
0.669458
0.668914
0.668368
0.667822
0.667275
0.666728
0.666179
0.66563
0.66508
0.664529
0.663977
0.663424
0.662871
0.662317
0.661761
0.661205
0.660648
0.660089
0.65953
0.658969
0.658408
0.657846
0.657283
0.656718
0.656153
0.655585
0.655018
0.654448
0.653877
0.653306
0.652732
0.652157
0.651581
0.651004
0.650423
0.649843
0.649261
0.648675
0.648089
0.647501
0.64691
0.646318
0.645724
0.645126
0.644528
0.643924
0.643324
0.64271
0.64211
0.641482
0.64089
0.640234
0.639664
0.638958
0.638442
0.637644
0.637235
0.636271
0.636057
0.634838
0.634902
0.633355
2.9448
1.98395
1.61354
1.4405
1.35545
1.2969
1.24803
1.207
1.17254
1.14305
1.11734
1.09459
1.07427
1.05597
1.03936
1.02421
1.01032
0.997512
0.985668
0.974675
0.964442
0.954892
0.945959
0.937589
0.929733
0.922353
0.915413
0.908886
0.902746
0.896974
0.891556
0.886477
0.881734
0.877317
0.873233
0.869479
0.866071
0.863027
0.860349
0.858126
0.856266
0.855106
0.854169
0.854583
0.85462
0.857744
0.858686
0.866639
0.871561
0.850015
0.88455
1.54069
2.06463
2.56822
3.07825
3.56987
3.96286
4.17661
4.17797
3.97669
3.57475
2.96325
2.08871
1.41562
2.41338
3.17871
3.75142
4.19929
4.55747
4.84726
5.08292
5.27455
5.42961
5.55383
5.65174
5.72674
5.78092
5.81651
5.83631
5.83935
5.82368
5.7855
5.71925
5.62138
5.49354
5.34353
5.18313
5.02423
4.87467
4.73722
4.61067
4.49104
4.3718
4.24595
4.10862
3.95805
3.79477
3.62041
3.43676
3.24541
3.04741
2.84273
2.62984
2.40531
2.16346
1.89567
1.58935
1.23318
0.855741
1.03739
1.4408
1.7865
2.09551
2.38512
2.64605
2.85589
3.00377
3.08995
3.1265
3.11864
3.07797
3.02732
2.9951
3.00209
3.04476
3.08928
3.10069
3.0815
3.05508
3.03695
3.0272
3.0217
3.01758
3.01117
2.99819
2.98027
2.96355
2.94849
2.93102
2.90937
2.88354
2.85347
2.82179
2.7924
2.76601
2.74161
2.71923
2.69894
2.68067
2.66437
2.64952
2.63535
2.62139
2.60736
2.59309
2.57848
2.56326
2.54709
2.5297
2.51092
2.49083
2.46963
2.44771
2.42563
2.40405
2.3837
2.36528
2.34945
2.33669
2.32733
2.32166
2.31949
2.32063
2.32484
2.33191
2.34166
2.354
2.36886
2.38621
2.40597
2.42796
2.45188
2.47735
2.50387
2.5309
2.55784
2.58409
2.60907
2.63224
2.65319
2.67151
2.68685
2.69896
2.70768
2.71294
2.71467
2.71274
2.70732
2.69839
2.68601
2.6702
2.65101
2.62849
2.60267
2.57358
2.54126
2.50572
2.46698
2.42506
2.37996
2.33169
2.28025
2.22564
2.16784
2.10685
2.04265
1.9752
1.90448
1.83045
1.75305
1.67222
1.58786
1.50053
1.4098
1.31535
1.21723
1.11585
1.01263
0.911501
0.822117
0.763459
0.755825
0.796586
0.862796
0.935686
1.00651
1.07217
1.13211
1.18664
1.23525
1.27803
1.31476
1.34458
1.36655
1.37626
1.37054
1.36173
1.41939
1.70078
2.25347
0.782879
1.71645
2.33109
2.80136
3.17098
3.45288
3.6486
3.75421
3.76671
3.68118
3.49914
3.22099
2.85431
2.41284
1.91164
1.38435
1.0051
1.14104
1.50787
1.9311
2.30152
2.71088
2.96649
3.10086
3.18998
3.217
3.04956
3.14726
3.41745
3.50926
3.01935
2.52234
3.01275
3.42973
3.7398
3.95869
4.06683
4.07088
3.95982
3.73987
3.39185
2.87981
2.14211
1.58463
2.4921
3.33432
3.98994
4.49023
4.84726
5.0645
5.14018
5.0705
4.86648
4.49295
3.92016
3.12958
2.35153
3.04424
4.15448
5.01958
5.61952
5.96991
6.05714
5.96386
5.73176
5.38647
4.9867
4.78384
4.67258
4.57606
4.49977
4.48385
4.49617
4.42508
4.23094
3.97541
3.73367
3.52145
3.3362
3.21362
3.17249
3.19354
3.29391
3.38387
3.4526
3.49684
3.51479
3.51558
3.47627
3.39376
3.26417
3.08147
2.8339
2.50194
2.05714
1.466
1.21476
1.5678
1.51757
0.871124
0.984254
1.30898
1.11612
0.878557
0.633289
1.14446
1.87221
2.53362
3.13865
3.6902
4.19249
4.63931
5.00977
5.28294
5.43948
5.46445
5.31996
4.96938
4.35001
3.35533
1.71916
2.54276
2.81228
3.01304
2.93932
2.9342
2.73404
2.39775
1.94942
1.45123
0.918733
0.689661
0.776627
0.823907
0.968365
1.26325
1.55498
1.71157
1.75956
1.84106
2.05681
2.28576
2.4395
2.5095
2.46336
2.29057
2.03151
1.51786
1.28921
1.86717
2.38074
2.82836
3.28518
3.72264
4.07247
4.31936
4.46814
4.54683
4.57921
4.56561
4.50262
4.39459
4.256
4.11226
4.00085
3.96941
4.04145
4.19542
4.39998
4.60968
4.76761
4.823
4.81518
4.90139
5.1039
5.29703
5.43931
5.71131
6.1523
6.47985
6.59605
6.60538
6.60963
6.62823
6.60834
6.56193
6.52174
6.48143
6.42882
6.37185
6.31636
6.25818
6.19601
6.1327
6.06874
6.00291
5.93529
5.86634
5.79544
5.72151
5.64386
5.563
5.47642
5.3837
5.28544
5.18356
5.08154
4.98491
4.90171
4.86135
4.86264
4.90335
4.98744
5.12798
5.34998
5.67502
6.02978
6.35496
6.63335
6.87479
7.0819
7.25151
7.38542
7.4884
7.56495
7.61743
7.65233
7.67252
7.67683
7.66842
7.65073
7.62474
7.59126
7.55152
7.50653
7.45718
7.40435
7.34892
7.29184
7.23407
7.1767
7.12091
7.06796
7.01926
6.97621
6.94025
6.91269
6.89884
6.91677
6.95112
6.99823
7.05213
7.11093
7.17291
7.23606
7.29749
7.3557
7.41101
7.46405
7.51402
7.55913
7.59807
7.63041
7.65579
7.67338
7.68232
7.68223
7.67357
7.65741
7.63465
7.60418
7.57625
7.54208
7.49958
7.44867
7.38915
7.32085
7.24357
7.15716
7.06148
6.95643
6.84198
6.7182
6.58525
6.44336
6.29292
6.15173
6.03298
5.91631
5.80196
5.69013
5.58191
5.48037
5.39482
5.33634
5.31846
5.35412
5.45507
5.60978
5.65067
)
;
    }
    frontAndBack
    {
        type            empty;
    }
}


// ************************************************************************* //
