/*--------------------------------*- C++ -*----------------------------------*\
  =========                 |
  \\      /  F ield         | OpenFOAM: The Open Source CFD Toolbox
   \\    /   O peration     | Website:  https://openfoam.org
    \\  /    A nd           | Version:  7
     \\/     M anipulation  |
\*---------------------------------------------------------------------------*/
FoamFile
{
    version     2.0;
    format      ascii;
    class       volVectorField;
    location    "0.41";
    object      wallShearStress;
}
// * * * * * * * * * * * * * * * * * * * * * * * * * * * * * * * * * * * * * //

dimensions      [0 2 -2 0 0 0 0];

internalField   uniform (0 0 0);

boundaryField
{
    velocityInlet
    {
        type            calculated;
        value           uniform (0 0 0);
    }
    pressureOutlet
    {
        type            calculated;
        value           uniform (0 0 0);
    }
    fixedWalls
    {
        type            calculated;
        value           nonuniform List<vector> 
100
(
(-0.0178759 -0.00500358 0)
(-0.00538016 -0.00091137 0)
(-0.00457985 5.72853e-05 0)
(-0.00436946 8.86603e-06 0)
(-0.00384409 -6.14139e-05 0)
(-0.0033279 -6.25489e-05 0)
(-0.00293803 -4.75051e-05 0)
(-0.00267038 -3.17382e-05 0)
(-0.00249728 -1.77511e-05 0)
(-0.00239811 -5.77875e-06 0)
(-0.0023667 5.63561e-06 0)
(-0.00241382 2.03384e-05 0)
(-0.00255947 3.91947e-05 0)
(-0.00279245 5.54589e-05 0)
(-0.00299093 5.20674e-05 0)
(-0.00288786 -1.21083e-05 0)
(-0.0022404 -0.000109657 0)
(-0.00119831 -0.000159642 0)
(-0.000332224 -0.000112421 0)
(-0.00014418 -1.48885e-05 0)
(-0.000646207 7.50574e-05 0)
(-0.00146394 0.000110988 0)
(-0.00224627 9.74583e-05 0)
(-0.00283188 6.95663e-05 0)
(-0.00320551 4.45163e-05 0)
(-0.00341325 2.66987e-05 0)
(-0.0034971 1.40645e-05 0)
(-0.00347884 1.22837e-06 0)
(-0.00337279 -1.06171e-05 0)
(-0.00320371 -1.90329e-05 0)
(-0.0030114 -2.16383e-05 0)
(-0.00283934 -1.80475e-05 0)
(-0.00271685 -1.05032e-05 0)
(-0.00263826 -4.53282e-06 0)
(-0.00255348 -7.97357e-06 0)
(-0.00240386 -2.04769e-05 0)
(-0.00219896 -2.99111e-05 0)
(-0.00203962 -2.73252e-05 0)
(-0.00204933 -9.53908e-06 0)
(-0.00232384 2.18682e-05 0)
(-0.0029261 6.2961e-05 0)
(-0.00382696 0.000100577 0)
(-0.00489507 0.000122944 0)
(-0.00604459 0.000144919 0)
(-0.00721431 0.000165158 0)
(-0.00805352 0.000145441 0)
(-0.00787093 1.74499e-05 0)
(-0.00601829 -0.00021282 0)
(-0.00222835 -0.000516616 0)
(0.00249942 -0.000576118 0)
(0.00623375 -0.000460125 0)
(0.00791241 -0.000189364 0)
(0.00732627 8.33067e-05 0)
(0.00523708 0.000235943 0)
(0.00268715 0.000259272 0)
(0.000398235 0.000219296 0)
(-0.00133463 0.000157829 0)
(-0.00250744 0.00010198 0)
(-0.00324922 6.22715e-05 0)
(-0.00370937 3.77125e-05 0)
(-0.00401723 2.56742e-05 0)
(-0.00427201 2.34937e-05 0)
(-0.00453402 2.6738e-05 0)
(-0.00481324 2.93506e-05 0)
(-0.00508184 2.81719e-05 0)
(-0.00531542 2.57988e-05 0)
(-0.00552019 2.6948e-05 0)
(-0.00572789 3.39525e-05 0)
(-0.0059743 4.49261e-05 0)
(-0.00621354 4.85998e-05 0)
(-0.00618612 1.86297e-05 0)
(-0.00549954 -4.8359e-05 0)
(-0.00396208 -0.000127673 0)
(-0.0018223 -0.000201768 0)
(0.000632087 -0.00021961 0)
(0.00297578 -0.000231955 0)
(0.00495168 -0.000203948 0)
(0.00626394 -0.000138667 0)
(0.00668883 -5.07863e-05 0)
(0.00619339 3.89721e-05 0)
(0.00495345 0.00010666 0)
(0.00327813 0.000140522 0)
(0.00149815 0.000143363 0)
(-0.000124596 0.000126059 0)
(-0.00142977 9.68224e-05 0)
(-0.00236447 6.66234e-05 0)
(-0.00295723 4.09774e-05 0)
(-0.00327696 2.17578e-05 0)
(-0.00340053 9.11469e-06 0)
(-0.00339432 4.71696e-07 0)
(-0.00330573 -5.17294e-06 0)
(-0.00317919 -8.4952e-06 0)
(-0.00304376 -8.31245e-06 0)
(-0.00294154 -6.99788e-06 0)
(-0.00289814 -1.13973e-06 0)
(-0.00290483 1.26763e-06 0)
(-0.00307709 1.34696e-05 0)
(-0.00317065 1.33915e-05 0)
(-0.00366978 3.36616e-05 0)
(-0.00387881 8.83912e-06 0)
)
;
    }
    bottomWall
    {
        type            calculated;
        value           nonuniform List<vector> 
800
(
(-0.0353488 0.00214397 0)
(-0.0160266 0.000524832 0)
(-0.0106079 0.000100713 0)
(-0.00845609 3.52557e-05 0)
(-0.00748649 1.98546e-05 0)
(-0.00685303 1.6114e-05 0)
(-0.00634575 1.33478e-05 0)
(-0.00593481 1.08914e-05 0)
(-0.00560025 9.06982e-06 0)
(-0.00532161 7.75388e-06 0)
(-0.0050843 6.75765e-06 0)
(-0.00487889 5.97075e-06 0)
(-0.00469889 5.33332e-06 0)
(-0.00453958 4.80789e-06 0)
(-0.00439737 4.36851e-06 0)
(-0.0042695 3.99672e-06 0)
(-0.00415377 3.67873e-06 0)
(-0.00404843 3.40399e-06 0)
(-0.00395208 3.16466e-06 0)
(-0.00386356 2.95469e-06 0)
(-0.00378189 2.76921e-06 0)
(-0.00370628 2.60432e-06 0)
(-0.00363606 2.45705e-06 0)
(-0.00357062 2.32477e-06 0)
(-0.00350948 2.20521e-06 0)
(-0.00345224 2.09703e-06 0)
(-0.00339849 1.99856e-06 0)
(-0.00334793 1.90856e-06 0)
(-0.00330027 1.82624e-06 0)
(-0.00325526 1.75044e-06 0)
(-0.00321269 1.68055e-06 0)
(-0.00317235 1.61603e-06 0)
(-0.00313408 1.55627e-06 0)
(-0.0030977 1.50072e-06 0)
(-0.0030631 1.44903e-06 0)
(-0.00303013 1.40085e-06 0)
(-0.00299869 1.3558e-06 0)
(-0.00296866 1.31363e-06 0)
(-0.00293996 1.27405e-06 0)
(-0.0029125 1.237e-06 0)
(-0.0028862 1.20211e-06 0)
(-0.00286099 1.16915e-06 0)
(-0.0028368 1.13824e-06 0)
(-0.00281357 1.1088e-06 0)
(-0.00279125 1.08109e-06 0)
(-0.00276978 1.05486e-06 0)
(-0.00274911 1.03024e-06 0)
(-0.00272922 1.0061e-06 0)
(-0.00271003 9.84393e-07 0)
(-0.00269155 9.61143e-07 0)
(-0.0026761 9.42222e-07 0)
(-0.00266334 9.31463e-07 0)
(-0.00265074 9.17674e-07 0)
(-0.00263834 9.0304e-07 0)
(-0.00262613 8.8923e-07 0)
(-0.0026141 8.7616e-07 0)
(-0.00260224 8.63303e-07 0)
(-0.00259056 8.50848e-07 0)
(-0.00257905 8.38652e-07 0)
(-0.0025677 8.26544e-07 0)
(-0.00255652 8.15014e-07 0)
(-0.00254548 8.03727e-07 0)
(-0.0025346 7.92512e-07 0)
(-0.00252388 7.81534e-07 0)
(-0.0025133 7.70958e-07 0)
(-0.00250286 7.60448e-07 0)
(-0.00249257 7.50335e-07 0)
(-0.00248241 7.40451e-07 0)
(-0.00247238 7.30462e-07 0)
(-0.00246249 7.20865e-07 0)
(-0.00245273 7.11659e-07 0)
(-0.00244309 7.02509e-07 0)
(-0.00243358 6.93414e-07 0)
(-0.00242419 6.84705e-07 0)
(-0.00241491 6.7605e-07 0)
(-0.00240575 6.67443e-07 0)
(-0.00239671 6.5922e-07 0)
(-0.00238778 6.51212e-07 0)
(-0.00237896 6.4325e-07 0)
(-0.00237024 6.355e-07 0)
(-0.00236163 6.27961e-07 0)
(-0.00235312 6.20298e-07 0)
(-0.00234472 6.12845e-07 0)
(-0.00233641 6.05765e-07 0)
(-0.0023282 5.98725e-07 0)
(-0.00232009 5.91724e-07 0)
(-0.00231207 5.84928e-07 0)
(-0.00230414 5.78166e-07 0)
(-0.00229631 5.71608e-07 0)
(-0.00228856 5.65251e-07 0)
(-0.00228089 5.58927e-07 0)
(-0.00227332 5.52634e-07 0)
(-0.00226583 5.4654e-07 0)
(-0.00225842 5.40477e-07 0)
(-0.00225109 5.3461e-07 0)
(-0.00224384 5.28938e-07 0)
(-0.00223667 5.22963e-07 0)
(-0.00222958 5.17347e-07 0)
(-0.00222257 5.12093e-07 0)
(-0.00221562 5.06531e-07 0)
(-0.00220876 5.01162e-07 0)
(-0.00220196 4.95985e-07 0)
(-0.00219524 4.90834e-07 0)
(-0.00218858 4.85706e-07 0)
(-0.00218199 4.80603e-07 0)
(-0.00217548 4.75856e-07 0)
(-0.00216902 4.70966e-07 0)
(-0.00216264 4.66264e-07 0)
(-0.00215631 4.61585e-07 0)
(-0.00215005 4.56927e-07 0)
(-0.00214385 4.52457e-07 0)
(-0.00213772 4.4784e-07 0)
(-0.00213165 4.43411e-07 0)
(-0.00212563 4.39168e-07 0)
(-0.00211968 4.34943e-07 0)
(-0.00211378 4.30737e-07 0)
(-0.00210793 4.26551e-07 0)
(-0.00210215 4.22548e-07 0)
(-0.00209642 4.18563e-07 0)
(-0.00209074 4.14595e-07 0)
(-0.00208512 4.10644e-07 0)
(-0.00207955 4.06877e-07 0)
(-0.00207403 4.03128e-07 0)
(-0.00206856 3.99227e-07 0)
(-0.00206315 3.95676e-07 0)
(-0.00205778 3.92141e-07 0)
(-0.00205246 3.88623e-07 0)
(-0.00204719 3.8512e-07 0)
(-0.00204196 3.81467e-07 0)
(-0.00203679 3.78161e-07 0)
(-0.00203166 3.74871e-07 0)
(-0.00202658 3.71595e-07 0)
(-0.00202153 3.68334e-07 0)
(-0.00201654 3.65085e-07 0)
(-0.00201159 3.62019e-07 0)
(-0.00200668 3.58798e-07 0)
(-0.00200181 3.55759e-07 0)
(-0.00199699 3.52897e-07 0)
(-0.0019922 3.49887e-07 0)
(-0.00198745 3.4688e-07 0)
(-0.00198275 3.44067e-07 0)
(-0.00197808 3.41244e-07 0)
(-0.00197345 3.38298e-07 0)
(-0.00196887 3.35483e-07 0)
(-0.00196432 3.32916e-07 0)
(-0.0019598 3.30259e-07 0)
(-0.00195532 3.27755e-07 0)
(-0.00195088 3.24899e-07 0)
(-0.00194647 3.22456e-07 0)
(-0.0019421 3.19607e-07 0)
(-0.00193844 3.17152e-07 0)
(-0.00193543 3.16057e-07 0)
(-0.00193243 3.14271e-07 0)
(-0.00192942 3.12385e-07 0)
(-0.00192641 3.10793e-07 0)
(-0.00192339 3.08994e-07 0)
(-0.00192037 3.07451e-07 0)
(-0.00191733 3.05678e-07 0)
(-0.00191431 3.03912e-07 0)
(-0.00191127 3.02383e-07 0)
(-0.00190823 3.00637e-07 0)
(-0.00190519 2.98895e-07 0)
(-0.00190214 2.9717e-07 0)
(-0.00189909 2.95664e-07 0)
(-0.00189603 2.94173e-07 0)
(-0.00189297 2.92464e-07 0)
(-0.0018899 2.90767e-07 0)
(-0.00188683 2.89076e-07 0)
(-0.00188376 2.87396e-07 0)
(-0.00188068 2.85931e-07 0)
(-0.0018776 2.8427e-07 0)
(-0.00187451 2.82608e-07 0)
(-0.00187142 2.81169e-07 0)
(-0.00186833 2.79525e-07 0)
(-0.00186523 2.77895e-07 0)
(-0.00186213 2.76271e-07 0)
(-0.00185903 2.74658e-07 0)
(-0.00185592 2.73247e-07 0)
(-0.0018528 2.71654e-07 0)
(-0.00184969 2.70057e-07 0)
(-0.00184656 2.68674e-07 0)
(-0.00184344 2.67098e-07 0)
(-0.00184031 2.65535e-07 0)
(-0.00183717 2.63978e-07 0)
(-0.00183404 2.62435e-07 0)
(-0.0018309 2.61082e-07 0)
(-0.00182775 2.59557e-07 0)
(-0.0018246 2.5803e-07 0)
(-0.00182145 2.56704e-07 0)
(-0.00181829 2.55198e-07 0)
(-0.00181513 2.53703e-07 0)
(-0.00181196 2.52217e-07 0)
(-0.00180879 2.5092e-07 0)
(-0.00180561 2.49449e-07 0)
(-0.00180244 2.4799e-07 0)
(-0.00179925 2.46711e-07 0)
(-0.00179607 2.45275e-07 0)
(-0.00179288 2.43834e-07 0)
(-0.00178968 2.4258e-07 0)
(-0.00178648 2.41165e-07 0)
(-0.00178328 2.39755e-07 0)
(-0.00178007 2.38525e-07 0)
(-0.00177686 2.3714e-07 0)
(-0.00177364 2.35919e-07 0)
(-0.00177042 2.34718e-07 0)
(-0.00176719 2.33347e-07 0)
(-0.00176396 2.31989e-07 0)
(-0.00176072 2.30807e-07 0)
(-0.00175748 2.29465e-07 0)
(-0.00175423 2.28295e-07 0)
(-0.00175098 2.2714e-07 0)
(-0.00174772 2.2582e-07 0)
(-0.00174446 2.24683e-07 0)
(-0.00174119 2.23537e-07 0)
(-0.00173791 2.22399e-07 0)
(-0.00173463 2.21281e-07 0)
(-0.00173134 2.20008e-07 0)
(-0.00172806 2.18903e-07 0)
(-0.00172476 2.17803e-07 0)
(-0.00172145 2.1671e-07 0)
(-0.00171814 2.15779e-07 0)
(-0.00171482 2.14551e-07 0)
(-0.0017115 2.13492e-07 0)
(-0.00170817 2.1258e-07 0)
(-0.00170483 2.1151e-07 0)
(-0.00170148 2.10505e-07 0)
(-0.00169813 2.09564e-07 0)
(-0.00169477 2.08618e-07 0)
(-0.0016914 2.07639e-07 0)
(-0.00168802 2.06949e-07 0)
(-0.00168464 2.05821e-07 0)
(-0.00168123 2.053e-07 0)
(-0.00167784 2.03853e-07 0)
(-0.00167441 2.03935e-07 0)
(-0.001671 2.01834e-07 0)
(-0.00166753 2.03191e-07 0)
(-0.00166414 1.99125e-07 0)
(-0.0016606 2.03548e-07 0)
(-0.00165726 1.95015e-07 0)
(-0.00165358 2.06456e-07 0)
(-0.00165038 1.87775e-07 0)
(-0.00164643 2.14679e-07 0)
(-0.00164353 1.73127e-07 0)
(-0.00163909 2.33293e-07 0)
(-0.0016368 1.44638e-07 0)
(-0.00163147 2.71522e-07 0)
(-0.00163026 9.03443e-08 0)
(-0.00162355 3.39497e-07 0)
(-0.00162388 4.29527e-09 0)
(-0.00161538 3.74433e-07 0)
(-0.0353488 -0.00214398 0)
(-0.0160265 -0.000524837 0)
(-0.0106076 -0.000100719 0)
(-0.0084557 -3.52623e-05 0)
(-0.00748591 -1.98639e-05 0)
(-0.00685207 -1.61264e-05 0)
(-0.00634435 -1.3362e-05 0)
(-0.00593292 -1.09076e-05 0)
(-0.00559781 -9.08768e-06 0)
(-0.00531858 -7.77289e-06 0)
(-0.00508066 -6.77776e-06 0)
(-0.00487459 -5.99205e-06 0)
(-0.0046939 -5.35567e-06 0)
(-0.00453387 -4.83136e-06 0)
(-0.00439091 -4.3932e-06 0)
(-0.00426226 -4.02248e-06 0)
(-0.00414572 -3.70528e-06 0)
(-0.00403956 -3.43111e-06 0)
(-0.00394237 -3.19205e-06 0)
(-0.00385301 -2.98185e-06 0)
(-0.00377052 -2.79562e-06 0)
(-0.00369412 -2.62948e-06 0)
(-0.00362312 -2.48036e-06 0)
(-0.00355697 -2.34575e-06 0)
(-0.00349516 -2.22333e-06 0)
(-0.00343731 -2.1113e-06 0)
(-0.00338304 -2.00809e-06 0)
(-0.00333206 -1.91222e-06 0)
(-0.0032841 -1.82254e-06 0)
(-0.00323893 -1.73799e-06 0)
(-0.00319639 -1.65668e-06 0)
(-0.00315629 -1.5786e-06 0)
(-0.00311854 -1.50136e-06 0)
(-0.003083 -1.4256e-06 0)
(-0.00304965 -1.34673e-06 0)
(-0.0030184 -1.26852e-06 0)
(-0.0029893 -1.18159e-06 0)
(-0.00296233 -1.0948e-06 0)
(-0.00293754 -9.9135e-07 0)
(-0.00291525 -8.86067e-07 0)
(-0.00289493 -7.57694e-07 0)
(-0.0028785 -6.11002e-07 0)
(-0.00286261 -4.58529e-07 0)
(-0.00285502 -2.07264e-07 0)
(-0.00284211 -7.12545e-08 0)
(-0.00285091 4.66275e-07 0)
(-0.0028349 3.73803e-07 0)
(-0.00287822 2.03124e-06 0)
(-0.00284825 -4.61122e-06 0)
(-0.00276138 0.000201782 0)
(6.83902e-05 -3.44263e-05 0)
(4.92249e-05 -0.00018161 0)
(-2.84218e-05 -0.000228746 0)
(-6.471e-05 -0.000145494 0)
(-1.58461e-05 -6.57354e-05 0)
(2.71366e-05 -3.16395e-05 0)
(-4.36098e-05 5.25283e-05 0)
(-0.000193563 0.000286591 0)
(-0.000271847 0.000622451 0)
(-0.00022445 0.000900732 0)
(-0.000127485 0.00104087 0)
(-3.93128e-05 0.0010677 0)
(2.79917e-05 0.00101219 0)
(6.92814e-05 0.00090803 0)
(9.16556e-05 0.000776025 0)
(0.000100611 0.000633521 0)
(0.00010183 0.000490507 0)
(9.87707e-05 0.000352397 0)
(9.43342e-05 0.000220945 0)
(9.03533e-05 9.60603e-05 0)
(8.7693e-05 -2.35778e-05 0)
(8.6878e-05 -0.000140147 0)
(8.8214e-05 -0.000256159 0)
(9.09934e-05 -0.000371909 0)
(9.50116e-05 -0.000489253 0)
(9.98748e-05 -0.000609537 0)
(0.000105098 -0.000733557 0)
(0.000110114 -0.000861477 0)
(0.000114364 -0.00099286 0)
(0.000117452 -0.00112718 0)
(0.000118996 -0.00126285 0)
(0.000118706 -0.00139815 0)
(0.000116438 -0.0015313 0)
(0.000112164 -0.00166054 0)
(0.000105935 -0.00178417 0)
(9.78721e-05 -0.00190062 0)
(8.81228e-05 -0.00200847 0)
(7.68676e-05 -0.00210648 0)
(6.42991e-05 -0.00219365 0)
(5.05626e-05 -0.00226908 0)
(3.59099e-05 -0.00233208 0)
(2.04575e-05 -0.00238222 0)
(4.2929e-06 -0.00241888 0)
(-1.2206e-05 -0.00244212 0)
(-2.94151e-05 -0.0024519 0)
(-4.78877e-05 -0.00244713 0)
(-6.64088e-05 -0.0024283 0)
(-8.39596e-05 -0.00239609 0)
(-0.00010019 -0.00235126 0)
(-0.000114979 -0.00229479 0)
(-0.000128236 -0.00222775 0)
(-0.000139944 -0.00215127 0)
(-0.000150192 -0.00206647 0)
(-0.00015914 -0.00197443 0)
(-0.00016698 -0.00187616 0)
(-0.000173904 -0.00177255 0)
(-0.000180084 -0.00166439 0)
(-0.000185709 -0.00155236 0)
(-0.000191038 -0.0014369 0)
(-0.000196292 -0.00131833 0)
(-0.000201807 -0.00119683 0)
(-0.000207817 -0.00107234 0)
(-0.000214727 -0.000945098 0)
(-0.000223909 -0.000814953 0)
(-0.000235489 -0.000683359 0)
(-0.000260948 -0.000555424 0)
(-0.000315186 -0.000403689 0)
(-0.000342678 -0.000192622 0)
(-0.000247313 4.31895e-05 0)
(-5.57484e-05 0.000215957 0)
(0.000136991 0.000298331 0)
(0.000290761 0.000318875 0)
(0.000384554 0.000295064 0)
(0.000402118 0.000242186 0)
(0.000342606 0.000184037 0)
(0.000219203 0.000140936 0)
(5.43293e-05 0.000135366 0)
(-9.62632e-05 0.000181334 0)
(-0.000186186 0.000253986 0)
(-0.000209118 0.000313434 0)
(-0.000200706 0.000346282 0)
(-0.000188216 0.00036973 0)
(-0.000170467 0.00039982 0)
(-0.000138133 0.000435994 0)
(-9.1347e-05 0.000469335 0)
(-3.59456e-05 0.000490208 0)
(1.42428e-05 0.000493398 0)
(4.79204e-05 0.000485318 0)
(6.65222e-05 0.000475401 0)
(7.94618e-05 0.000464207 0)
(9.21901e-05 0.000445972 0)
(0.000105613 0.000415938 0)
(0.00011663 0.000373315 0)
(0.000122074 0.000323375 0)
(0.000123426 0.000272677 0)
(0.000123972 0.000223223 0)
(0.000124258 0.000174024 0)
(0.000122909 0.000125477 0)
(0.000119218 7.96183e-05 0)
(0.000113125 3.81014e-05 0)
(0.000105198 1.93569e-06 0)
(9.58709e-05 -2.85538e-05 0)
(8.52448e-05 -5.33116e-05 0)
(7.32388e-05 -7.22804e-05 0)
(5.9763e-05 -8.54347e-05 0)
(4.47219e-05 -9.2753e-05 0)
(2.82302e-05 -9.40909e-05 0)
(1.08473e-05 -9.07217e-05 0)
(-7.42559e-06 -8.05923e-05 0)
(-2.54139e-05 -6.4586e-05 0)
(-4.21207e-05 -4.36786e-05 0)
(-5.67225e-05 -1.87988e-05 0)
(-6.85929e-05 9.15201e-06 0)
(-7.73347e-05 3.92989e-05 0)
(-8.28154e-05 7.08599e-05 0)
(-8.51426e-05 0.000103219 0)
(-8.46284e-05 0.000135982 0)
(-8.17853e-05 0.000169033 0)
(-7.73206e-05 0.000202612 0)
(-7.2187e-05 0.000237558 0)
(-6.73042e-05 0.000274745 0)
(-6.37088e-05 0.000315137 0)
(-6.27657e-05 0.00035924 0)
(-6.66161e-05 0.000406874 0)
(-7.862e-05 0.000457316 0)
(-0.000103482 0.000509995 0)
(-0.000146607 0.000565916 0)
(-0.00021188 0.000629664 0)
(-0.000297629 0.000710499 0)
(-0.00039238 0.000819502 0)
(-0.000475269 0.000960324 0)
(-0.000526123 0.00112103 0)
(-0.00053822 0.00127937 0)
(-0.000520059 0.00141856 0)
(-0.000484638 0.00153528 0)
(-0.000440387 0.00163311 0)
(-0.000391413 0.00171465 0)
(-0.000340486 0.00178089 0)
(-0.000289707 0.00183296 0)
(-0.000240399 0.00187217 0)
(-0.000193384 0.00189969 0)
(-0.000149211 0.00191665 0)
(-0.000108133 0.00192414 0)
(-7.02611e-05 0.00192308 0)
(-3.61931e-05 0.00191443 0)
(-5.54269e-06 0.00190001 0)
(2.25498e-05 0.0018802 0)
(4.80468e-05 0.00185559 0)
(7.12502e-05 0.00182678 0)
(9.23823e-05 0.00179421 0)
(0.000111649 0.00175835 0)
(0.000129274 0.00171956 0)
(0.000145413 0.00167821 0)
(0.000160237 0.00163458 0)
(0.000173884 0.00158897 0)
(0.000186491 0.0015416 0)
(0.000198176 0.0014927 0)
(0.000209027 0.00144244 0)
(0.000219132 0.00139101 0)
(0.000228583 0.00133856 0)
(0.000237447 0.00128521 0)
(0.000245771 0.00123109 0)
(0.000253621 0.00117633 0)
(0.000261065 0.00112101 0)
(0.000268128 0.00106521 0)
(0.000274851 0.00100904 0)
(0.00028129 0.000952545 0)
(0.000287479 0.000895796 0)
(0.000293451 0.000838809 0)
(0.000299204 0.000781581 0)
(0.000304714 0.000724136 0)
(0.000309949 0.000666507 0)
(0.000314853 0.000608713 0)
(0.000319374 0.00055077 0)
(0.000323478 0.000492628 0)
(0.000327466 0.000434768 0)
(0.000331852 0.000378086 0)
(0.000335348 0.000321078 0)
(0.000337782 0.000263629 0)
(0.000338686 0.000205562 0)
(0.000337539 0.000146915 0)
(0.000333734 8.79444e-05 0)
(0.000326653 2.91376e-05 0)
(0.000315756 -2.88032e-05 0)
(0.000300649 -8.50573e-05 0)
(0.000281088 -0.000138794 0)
(0.000256961 -0.000189224 0)
(0.000228255 -0.000235626 0)
(0.000195694 -0.000278112 0)
(0.000159337 -0.000316149 0)
(0.000118567 -0.000347244 0)
(7.4119e-05 -0.000370624 0)
(2.69029e-05 -0.000385901 0)
(-2.2757e-05 -0.00039414 0)
(-7.51113e-05 -0.000399422 0)
(-0.000132907 -0.00041284 0)
(-0.000207066 -0.000457037 0)
(-0.000324858 -0.000569842 0)
(-0.000524321 -0.000793348 0)
(-0.000817 -0.00113455 0)
(-4.56899e-06 -7.4563e-05 0)
(0.00010521 -0.000110781 0)
(0.000213331 -9.87258e-05 0)
(0.000257746 -1.68528e-05 0)
(0.000201305 6.86873e-05 0)
(9.20857e-05 0.000110877 0)
(-3.01029e-05 0.000110296 0)
(-0.000133276 8.15037e-05 0)
(-0.000198157 3.76904e-05 0)
(-0.000215887 1.41965e-06 0)
(-0.000201902 -9.86424e-06 0)
(-0.000182737 1.05973e-06 0)
(-0.000175649 1.87752e-05 0)
(-0.000185171 3.52854e-05 0)
(-0.000212236 5.07627e-05 0)
(-0.000257808 6.50349e-05 0)
(-0.000318415 7.45217e-05 0)
(-0.000388268 7.60444e-05 0)
(-0.000456744 6.48644e-05 0)
(-0.000511063 4.60495e-05 0)
(-0.000546297 2.26094e-05 0)
(-0.000551473 -5.79661e-06 0)
(-0.000516428 -2.79038e-05 0)
(-0.000463341 -4.10595e-05 0)
(-0.000403447 -6.7337e-05 0)
(-0.00033044 -0.000102821 0)
(-0.000272658 -0.000115531 0)
(-0.000247032 -9.90967e-05 0)
(-0.000221559 -5.68449e-05 0)
(-0.000200997 5.96041e-05 0)
(-0.00023568 0.00019722 0)
(-0.000314851 0.000247675 0)
(-0.000382616 0.000198356 0)
(-0.000370109 7.63999e-05 0)
(-0.000245902 -1.2565e-05 0)
(-9.84712e-05 -5.03176e-05 0)
(4.83885e-05 -0.000141455 0)
(0.000256161 -0.000241414 0)
(0.000492808 -0.000280642 0)
(0.000708798 -0.000274641 0)
(0.000902793 -0.000268485 0)
(0.00109498 -0.000263173 0)
(0.00127702 -0.000251354 0)
(0.00144546 -0.000239756 0)
(0.00160266 -0.000228288 0)
(0.00174731 -0.000213608 0)
(0.00187707 -0.000196835 0)
(0.00199174 -0.000178855 0)
(0.0020907 -0.000159461 0)
(0.00217313 -0.000138598 0)
(0.00223802 -0.000115993 0)
(0.00228405 -9.1381e-05 0)
(0.00231008 -6.4951e-05 0)
(0.00231494 -3.72758e-05 0)
(0.00229725 -1.01836e-05 0)
(0.00225896 1.5877e-05 0)
(0.00220053 4.20044e-05 0)
(0.0021216 6.74239e-05 0)
(0.00202349 9.13848e-05 0)
(0.00190758 0.000113617 0)
(0.00177549 0.00013355 0)
(0.00162936 0.000150887 0)
(0.00147133 0.000165531 0)
(0.00130358 0.000177554 0)
(0.00112806 0.000187267 0)
(0.000946403 0.000195142 0)
(0.000759772 0.000201802 0)
(0.000568795 0.000207946 0)
(0.000373544 0.00021429 0)
(0.000173567 0.000221456 0)
(-3.16228e-05 0.000230099 0)
(-0.000244511 0.000240577 0)
(-0.000466998 0.000251652 0)
(-0.000698692 0.000263573 0)
(-0.000939921 0.000275039 0)
(-0.00118978 0.000284026 0)
(-0.00144551 0.000287689 0)
(-0.00170189 0.000285133 0)
(-0.0019551 0.000274823 0)
(-0.00219686 0.000250185 0)
(-0.00241318 0.000213448 0)
(-0.00259631 0.000162507 0)
(-0.00273195 0.000103351 0)
(-0.00282238 3.51308e-05 0)
(-0.00285071 -4.58748e-05 0)
(-0.00282195 -0.000130204 0)
(-0.0027168 -0.000234312 0)
(-0.00255478 -0.0003125 0)
(-0.00232935 -0.000458284 0)
(-0.00199154 -0.000551015 0)
(-0.00167124 -0.0008169 0)
(-0.000765209 -0.00108233 0)
(9.02676e-05 -0.000331694 0)
(0.000198266 0.000300196 0)
(0.000132969 0.000296464 0)
(9.39602e-06 0.000222817 0)
(-9.44069e-05 0.00012926 0)
(-0.000180709 4.56984e-05 0)
(-0.000185306 -6.88723e-05 0)
(-2.45762e-05 -0.00012248 0)
(-0.000138846 -4.09433e-05 0)
(-0.000186781 -0.00027047 0)
(-0.000205845 -0.000522557 0)
(-0.00020804 -0.000786008 0)
(-0.000179352 -0.00103811 0)
(-0.000102609 -0.0012223 0)
(6.05855e-06 -0.00128014 0)
(0.000111101 -0.00120937 0)
(0.000200569 -0.00101698 0)
(0.000271258 -0.000732058 0)
(0.000326324 -0.000363702 0)
(0.000337141 4.60497e-05 0)
(0.000317894 0.000413339 0)
(0.000276383 0.000726963 0)
(0.000215225 0.000967933 0)
(0.000145599 0.00112453 0)
(8.01823e-05 0.00120141 0)
(2.88673e-05 0.00121174 0)
(-2.87684e-06 0.00118026 0)
(-1.9359e-05 0.00113147 0)
(-2.72791e-05 0.00108205 0)
(-3.23107e-05 0.00103885 0)
(-3.71342e-05 0.00100209 0)
(-4.38203e-05 0.000968464 0)
(-5.36265e-05 0.000931372 0)
(-6.30901e-05 0.000884997 0)
(-6.75047e-05 0.000829232 0)
(-6.6184e-05 0.000768195 0)
(-6.11207e-05 0.000705955 0)
(-5.23999e-05 0.000647507 0)
(-4.09628e-05 0.000598685 0)
(-3.31491e-05 0.000558592 0)
(-2.69891e-05 0.000528275 0)
(-2.88707e-05 0.000502678 0)
(-4.73149e-05 0.000469381 0)
(-7.38003e-05 0.000426047 0)
(-0.000103443 0.000364783 0)
(-0.000119202 0.000271528 0)
(-0.000104759 0.000159033 0)
(-6.74382e-05 4.55327e-05 0)
(-2.69856e-06 -7.5312e-05 0)
(0.000113681 -0.000154635 0)
(0.000168323 -0.000131011 0)
(4.20917e-05 -8.86217e-05 0)
(-0.000154647 -0.00011787 0)
(-0.000323278 -0.000169177 0)
(-0.000439542 -0.000212331 0)
(-0.000454975 -0.00023922 0)
(-0.000348075 -0.000243125 0)
(-0.000117139 -0.000182242 0)
(0.000223544 -9.01177e-06 0)
(0.000590916 0.00035731 0)
(0.000647472 0.000847984 0)
(0.000377717 0.0011392 0)
(0.000258641 0.00122142 0)
(0.000283977 0.00135865 0)
(0.000234289 0.00152671 0)
(0.000202181 0.00163547 0)
(0.000195013 0.00174477 0)
(0.00016884 0.00184727 0)
(0.000156025 0.0019298 0)
(0.000144318 0.00200951 0)
(0.000130435 0.00207947 0)
(0.00012166 0.00214115 0)
(0.000111811 0.00219811 0)
(0.00010306 0.00224805 0)
(9.56284e-05 0.00229302 0)
(8.80409e-05 0.00233331 0)
(8.13785e-05 0.00236881 0)
(7.51019e-05 0.00240048 0)
(6.90938e-05 0.00242828 0)
(6.3598e-05 0.00245258 0)
(5.83366e-05 0.00247372 0)
(5.3349e-05 0.00249182 0)
(4.86439e-05 0.00250713 0)
(4.4134e-05 0.00251983 0)
(3.98301e-05 0.00253009 0)
(3.5705e-05 0.00253807 0)
(3.17021e-05 0.00254393 0)
(2.78229e-05 0.00254774 0)
(2.40563e-05 0.00254966 0)
(2.0426e-05 0.00254976 0)
(1.69314e-05 0.00254822 0)
(1.35284e-05 0.00254514 0)
(1.01983e-05 0.0025406 0)
(6.92939e-06 0.00253467 0)
(3.71554e-06 0.00252745 0)
(5.3271e-07 0.00251899 0)
(-2.62856e-06 0.00250937 0)
(-5.77967e-06 0.00249864 0)
(-8.94614e-06 0.00248686 0)
(-1.21511e-05 0.00247406 0)
(-1.54403e-05 0.00246026 0)
(-1.88751e-05 0.00244544 0)
(-2.25373e-05 0.00242959 0)
(-2.65567e-05 0.0024126 0)
(-3.11275e-05 0.00239434 0)
(-3.65098e-05 0.00237454 0)
(-4.30808e-05 0.00235286 0)
(-5.13558e-05 0.00232875 0)
(-6.2011e-05 0.0023015 0)
(-7.58957e-05 0.00227014 0)
(-9.395e-05 0.00223343 0)
(-0.000117062 0.00218994 0)
(-0.000145709 0.00213815 0)
(-0.000179525 0.00207808 0)
(-0.000216519 0.00201065 0)
(-0.000252357 0.00193682 0)
(-0.000281155 0.00186205 0)
(-0.000297662 0.00179591 0)
(-0.000300979 0.00175066 0)
(-0.000299259 0.00175656 0)
(-0.000293893 0.0018034 0)
(-0.000273107 0.00186674 0)
(-0.000183501 0.00189318 0)
(9.31092e-05 0.00185116 0)
(0.000674669 0.00187273 0)
(0.00144022 0.00229655 0)
(0.00188095 0.00323634 0)
(0.00164233 0.00413852 0)
(0.00114111 0.00447695 0)
(0.000873888 0.00454519 0)
(0.00070312 0.00472456 0)
(0.000458227 0.00487059 0)
(0.00025895 0.00488283 0)
(0.000125325 0.00487828 0)
(-5.19665e-06 0.00486185 0)
(-0.000110785 0.00479949 0)
(-0.000185863 0.00472486 0)
(-0.000251789 0.00464276 0)
(-0.000303827 0.00454437 0)
(-0.000341138 0.00444041 0)
(-0.000370951 0.00433415 0)
(-0.000393412 0.00422372 0)
(-0.000408979 0.00411252 0)
(-0.000420366 0.00400212 0)
(-0.000428342 0.00389208 0)
(-0.000433262 0.00378321 0)
(-0.000435917 0.0036761 0)
(-0.000436601 0.00357074 0)
(-0.000435274 0.0034674 0)
(-0.000431887 0.00336651 0)
(-0.000426269 0.00326846 0)
(-0.000418159 0.00317389 0)
(-0.000407356 0.00308352 0)
(-0.000393642 0.00299819 0)
(-0.000376811 0.00291873 0)
(-0.000356604 0.00284595 0)
(-0.000332626 0.00278044 0)
(-0.000304181 0.00272243 0)
(-0.000270121 0.00267138 0)
(-0.000229549 0.00264462 0)
(-0.000176094 0.00263348 0)
(-0.000106034 0.0026291 0)
(-1.90991e-05 0.00263061 0)
(8.43805e-05 0.00264 0)
(0.000201309 0.0026583 0)
(0.000327032 0.00268349 0)
(0.000457452 0.00271596 0)
(0.000587486 0.00276183 0)
(0.000708989 0.00283319 0)
(0.000808603 0.00294419 0)
(0.000868407 0.00309901 0)
(0.000875271 0.00329017 0)
(0.000822798 0.00347391 0)
(0.000723641 0.00361965 0)
(0.000601293 0.00372777 0)
(0.000472173 0.003792 0)
(0.00034665 0.00382183 0)
(0.000227735 0.00383891 0)
(0.000113176 0.00385212 0)
(6.2291e-07 0.00385659 0)
(-0.000111221 0.00385141 0)
(-0.000225991 0.00383647 0)
(-0.000347106 0.00380965 0)
(-0.000474131 0.00376814 0)
(-0.000606134 0.00371074 0)
(-0.000742604 0.0036374 0)
(-0.000883236 0.0035481 0)
(-0.00102777 0.00344274 0)
(-0.00117607 0.00332153 0)
(-0.00132827 0.00318487 0)
(-0.00148473 0.00303307 0)
(-0.0016461 0.00286644 0)
(-0.00181309 0.00268516 0)
(-0.00198625 0.0024894 0)
(-0.00216669 0.00227923 0)
(-0.00235679 0.00205336 0)
(-0.00260696 0.00184399 0)
(-0.00291999 0.00163337 0)
(-0.00325954 0.00139022 0)
(-0.00361341 0.00110844 0)
(-0.00396719 0.000786416 0)
(-0.00431143 0.000427183 0)
(-0.0046349 3.93281e-05 0)
(-0.00493943 -0.000362675 0)
(-0.00523213 -0.000807294 0)
(-0.00553721 -0.00105325 0)
(-0.0057907 -0.00197241 0)
(-0.00546782 -0.00114547 0)
)
;
    }
    frontAndBack
    {
        type            empty;
    }
}


// ************************************************************************* //
