/*--------------------------------*- C++ -*----------------------------------*\
  =========                 |
  \\      /  F ield         | OpenFOAM: The Open Source CFD Toolbox
   \\    /   O peration     | Website:  https://openfoam.org
    \\  /    A nd           | Version:  7
     \\/     M anipulation  |
\*---------------------------------------------------------------------------*/
FoamFile
{
    version     2.0;
    format      ascii;
    class       volVectorField;
    location    "0.28";
    object      wallShearStress;
}
// * * * * * * * * * * * * * * * * * * * * * * * * * * * * * * * * * * * * * //

dimensions      [0 2 -2 0 0 0 0];

internalField   uniform (0 0 0);

boundaryField
{
    velocityInlet
    {
        type            calculated;
        value           uniform (0 0 0);
    }
    pressureOutlet
    {
        type            calculated;
        value           uniform (0 0 0);
    }
    fixedWalls
    {
        type            calculated;
        value           nonuniform List<vector> 
100
(
(-0.0140049 -0.00654923 0)
(0.00828342 -0.00102901 0)
(-0.00167439 0.000657367 0)
(0.000877041 -1.07673e-05 0)
(-0.000943658 7.81808e-05 0)
(-0.000451963 3.33809e-05 0)
(-0.00120815 3.93154e-05 0)
(-0.00149062 0.00011153 0)
(-0.00271959 0.000177939 0)
(-0.00422238 0.000261767 0)
(-0.00606422 0.000260084 0)
(-0.00765225 0.000225194 0)
(-0.00854675 0.000149962 0)
(-0.00801489 -6.39594e-05 0)
(-0.00380802 -0.000698028 0)
(0.00435949 -0.00136128 0)
(0.0138906 -0.00166293 0)
(0.0210043 -0.00125236 0)
(0.0237541 -0.000490816 0)
(0.0217957 0.000311075 0)
(0.0162688 0.0008394 0)
(0.00933318 0.000947017 0)
(0.00305855 0.000736031 0)
(-0.00138807 0.000490154 0)
(-0.00398915 0.000251743 0)
(-0.00529095 0.000109887 0)
(-0.00582903 4.06436e-05 0)
(-0.00599723 1.42759e-05 0)
(-0.00600282 6.88832e-06 0)
(-0.00592877 3.85852e-06 0)
(-0.00578816 -2.81157e-07 0)
(-0.0055602 -9.22896e-06 0)
(-0.0052081 -2.489e-05 0)
(-0.00469336 -4.77028e-05 0)
(-0.00398787 -7.62132e-05 0)
(-0.00308802 -0.000106853 0)
(-0.00202592 -0.000134422 0)
(-0.000874683 -0.000151313 0)
(0.000269995 -0.000154154 0)
(0.0012835 -0.000138676 0)
(0.00204255 -0.000106234 0)
(0.00247387 -6.39716e-05 0)
(0.00254458 -1.7486e-05 0)
(0.00228161 2.54206e-05 0)
(0.00174693 6.17818e-05 0)
(0.00103551 8.29596e-05 0)
(0.000267637 8.93281e-05 0)
(-0.000421567 8.11319e-05 0)
(-0.000889154 5.42577e-05 0)
(-0.00103341 1.68305e-05 0)
(-0.00085988 -2.17582e-05 0)
(-0.000524567 -3.91051e-05 0)
(-0.00027371 -2.86481e-05 0)
(-0.000320665 3.57734e-06 0)
(-0.000728967 3.98613e-05 0)
(-0.00138052 6.24585e-05 0)
(-0.00207518 6.39227e-05 0)
(-0.00265204 5.04224e-05 0)
(-0.00304011 3.27582e-05 0)
(-0.00324664 1.74713e-05 0)
(-0.00331849 7.8152e-06 0)
(-0.00330748 1.86021e-06 0)
(-0.00325311 -7.09781e-07 0)
(-0.00317488 -1.87023e-06 0)
(-0.00306714 -4.3685e-06 0)
(-0.00290241 -1.05783e-05 0)
(-0.00264643 -2.09165e-05 0)
(-0.00228266 -3.29825e-05 0)
(-0.00183418 -4.22496e-05 0)
(-0.0013672 -4.42298e-05 0)
(-0.000968718 -3.67355e-05 0)
(-0.000712028 -2.23282e-05 0)
(-0.000625712 -7.60049e-06 0)
(-0.000687308 5.82396e-06 0)
(-0.00084316 1.34904e-05 0)
(-0.00103414 1.55944e-05 0)
(-0.00121575 1.38457e-05 0)
(-0.00136478 1.04815e-05 0)
(-0.00147676 7.06196e-06 0)
(-0.00156018 4.62165e-06 0)
(-0.00163154 3.95021e-06 0)
(-0.00170625 4.58306e-06 0)
(-0.00179405 5.92764e-06 0)
(-0.0019078 8.85792e-06 0)
(-0.00203737 8.96022e-06 0)
(-0.00208536 -4.17847e-06 0)
(-0.00198065 -2.12102e-05 0)
(-0.00192462 -1.10783e-05 0)
(-0.00226832 3.26386e-05 0)
(-0.00300099 6.52591e-05 0)
(-0.00380619 6.94446e-05 0)
(-0.00440817 5.45218e-05 0)
(-0.0047036 3.25007e-05 0)
(-0.00470614 1.54268e-05 0)
(-0.00457239 1.39455e-05 0)
(-0.00435904 5.45241e-06 0)
(-0.00349107 -4.01192e-05 0)
(-0.00218815 -0.000154321 0)
(0.00119631 -0.000184075 0)
(0.00135127 1.10768e-05 0)
)
;
    }
    bottomWall
    {
        type            calculated;
        value           nonuniform List<vector> 
800
(
(-0.0353488 0.00214397 0)
(-0.016027 0.000524813 0)
(-0.0106088 0.000100691 0)
(-0.00845762 3.52342e-05 0)
(-0.00748872 1.98332e-05 0)
(-0.0068559 1.60933e-05 0)
(-0.00634926 1.33274e-05 0)
(-0.00593892 1.08719e-05 0)
(-0.0056049 9.05143e-06 0)
(-0.00532676 7.73653e-06 0)
(-0.0050899 6.74145e-06 0)
(-0.00488489 5.95572e-06 0)
(-0.00470525 5.31916e-06 0)
(-0.00454627 4.79448e-06 0)
(-0.00440436 4.3559e-06 0)
(-0.00427676 3.98461e-06 0)
(-0.00416129 3.66678e-06 0)
(-0.00405621 3.39224e-06 0)
(-0.0039601 3.15299e-06 0)
(-0.00387182 2.94288e-06 0)
(-0.0037904 2.75705e-06 0)
(-0.00371504 2.59177e-06 0)
(-0.00364507 2.44389e-06 0)
(-0.00357991 2.31099e-06 0)
(-0.00351906 2.19112e-06 0)
(-0.00346209 2.08236e-06 0)
(-0.00340864 1.98331e-06 0)
(-0.00335838 1.89285e-06 0)
(-0.00331104 1.80997e-06 0)
(-0.00326635 1.73378e-06 0)
(-0.0032241 1.66352e-06 0)
(-0.00318408 1.59853e-06 0)
(-0.00314614 1.5383e-06 0)
(-0.00311011 1.48236e-06 0)
(-0.00307584 1.43027e-06 0)
(-0.00304322 1.38168e-06 0)
(-0.00301212 1.33624e-06 0)
(-0.00298245 1.29366e-06 0)
(-0.0029541 1.25376e-06 0)
(-0.00292699 1.21629e-06 0)
(-0.00290104 1.18088e-06 0)
(-0.0028762 1.14761e-06 0)
(-0.00285236 1.11637e-06 0)
(-0.00282949 1.08662e-06 0)
(-0.00280753 1.05858e-06 0)
(-0.00278643 1.03181e-06 0)
(-0.00276613 1.00688e-06 0)
(-0.00274661 9.82503e-07 0)
(-0.00272778 9.60597e-07 0)
(-0.00270966 9.37072e-07 0)
(-0.00269452 9.17744e-07 0)
(-0.00268203 9.06774e-07 0)
(-0.0026697 8.92878e-07 0)
(-0.00265756 8.77985e-07 0)
(-0.00264562 8.64092e-07 0)
(-0.00263386 8.50767e-07 0)
(-0.00262229 8.3783e-07 0)
(-0.00261088 8.25133e-07 0)
(-0.00259965 8.12699e-07 0)
(-0.00258858 8.0069e-07 0)
(-0.00257767 7.88929e-07 0)
(-0.00256692 7.77413e-07 0)
(-0.00255633 7.65971e-07 0)
(-0.00254589 7.55103e-07 0)
(-0.00253559 7.44305e-07 0)
(-0.00252545 7.33743e-07 0)
(-0.00251544 7.23415e-07 0)
(-0.00250558 7.13315e-07 0)
(-0.00249584 7.03447e-07 0)
(-0.00248624 6.93807e-07 0)
(-0.00247677 6.84395e-07 0)
(-0.00246743 6.75039e-07 0)
(-0.00245821 6.66074e-07 0)
(-0.00244911 6.57166e-07 0)
(-0.00244013 6.4848e-07 0)
(-0.00243127 6.40012e-07 0)
(-0.00242253 6.31594e-07 0)
(-0.00241389 6.23394e-07 0)
(-0.00240537 6.15577e-07 0)
(-0.00239695 6.07805e-07 0)
(-0.00238864 5.99913e-07 0)
(-0.00238043 5.92398e-07 0)
(-0.00237233 5.85094e-07 0)
(-0.00236432 5.77831e-07 0)
(-0.00235641 5.70775e-07 0)
(-0.0023486 5.6376e-07 0)
(-0.00234088 5.56952e-07 0)
(-0.00233325 5.50344e-07 0)
(-0.00232571 5.43774e-07 0)
(-0.00231826 5.37241e-07 0)
(-0.0023109 5.30911e-07 0)
(-0.00230362 5.24609e-07 0)
(-0.00229643 5.1851e-07 0)
(-0.00228932 5.12608e-07 0)
(-0.00228229 5.06741e-07 0)
(-0.00227533 5.01066e-07 0)
(-0.00226846 4.95257e-07 0)
(-0.00226167 4.89642e-07 0)
(-0.00225494 4.8439e-07 0)
(-0.00224829 4.78831e-07 0)
(-0.00224172 4.73467e-07 0)
(-0.00223521 4.68462e-07 0)
(-0.00222878 4.63317e-07 0)
(-0.00222241 4.58364e-07 0)
(-0.00221611 4.53437e-07 0)
(-0.00220988 4.48367e-07 0)
(-0.00220372 4.43657e-07 0)
(-0.00219762 4.39136e-07 0)
(-0.00219158 4.34473e-07 0)
(-0.0021856 4.29998e-07 0)
(-0.00217968 4.25549e-07 0)
(-0.00217383 4.21119e-07 0)
(-0.00216803 4.16879e-07 0)
(-0.00216229 4.1266e-07 0)
(-0.00215661 4.0863e-07 0)
(-0.00215098 4.04451e-07 0)
(-0.00214541 4.0046e-07 0)
(-0.00213989 3.96655e-07 0)
(-0.00213442 3.92537e-07 0)
(-0.00212902 3.88768e-07 0)
(-0.00212365 3.85018e-07 0)
(-0.00211835 3.81285e-07 0)
(-0.00211309 3.77738e-07 0)
(-0.00210788 3.74206e-07 0)
(-0.00210271 3.70692e-07 0)
(-0.0020976 3.67024e-07 0)
(-0.00209254 3.63707e-07 0)
(-0.00208751 3.60407e-07 0)
(-0.00208254 3.56957e-07 0)
(-0.00207761 3.53848e-07 0)
(-0.00207272 3.50759e-07 0)
(-0.00206787 3.47519e-07 0)
(-0.00206307 3.443e-07 0)
(-0.00205832 3.41251e-07 0)
(-0.0020536 3.3822e-07 0)
(-0.00204892 3.35367e-07 0)
(-0.00204428 3.32535e-07 0)
(-0.00203969 3.29545e-07 0)
(-0.00203513 3.26744e-07 0)
(-0.00203061 3.23943e-07 0)
(-0.00202612 3.21171e-07 0)
(-0.00202168 3.18557e-07 0)
(-0.00201727 3.15991e-07 0)
(-0.0020129 3.13387e-07 0)
(-0.00200856 3.10865e-07 0)
(-0.00200425 3.08254e-07 0)
(-0.00199998 3.05795e-07 0)
(-0.00199575 3.03154e-07 0)
(-0.00199155 3.00923e-07 0)
(-0.00198738 2.98342e-07 0)
(-0.00198388 2.9601e-07 0)
(-0.00198102 2.9483e-07 0)
(-0.00197815 2.93409e-07 0)
(-0.00197528 2.9186e-07 0)
(-0.0019724 2.90182e-07 0)
(-0.00196952 2.8845e-07 0)
(-0.00196664 2.87029e-07 0)
(-0.00196374 2.85342e-07 0)
(-0.00196085 2.83688e-07 0)
(-0.00195795 2.82261e-07 0)
(-0.00195505 2.80863e-07 0)
(-0.00195214 2.79242e-07 0)
(-0.00194922 2.77662e-07 0)
(-0.00194631 2.76239e-07 0)
(-0.00194338 2.74644e-07 0)
(-0.00194046 2.73042e-07 0)
(-0.00193753 2.71687e-07 0)
(-0.00193459 2.70311e-07 0)
(-0.00193165 2.68737e-07 0)
(-0.00192871 2.6717e-07 0)
(-0.00192576 2.65624e-07 0)
(-0.00192281 2.64291e-07 0)
(-0.00191984 2.62989e-07 0)
(-0.00191688 2.6123e-07 0)
(-0.00191392 2.59931e-07 0)
(-0.00191094 2.58604e-07 0)
(-0.00190797 2.57092e-07 0)
(-0.00190499 2.55592e-07 0)
(-0.00190201 2.54104e-07 0)
(-0.00189902 2.5283e-07 0)
(-0.00189602 2.51383e-07 0)
(-0.00189303 2.49902e-07 0)
(-0.00189003 2.48645e-07 0)
(-0.00188702 2.47381e-07 0)
(-0.00188401 2.45947e-07 0)
(-0.00188099 2.44525e-07 0)
(-0.00187797 2.43117e-07 0)
(-0.00187495 2.4189e-07 0)
(-0.00187192 2.40715e-07 0)
(-0.00186889 2.39097e-07 0)
(-0.00186586 2.37926e-07 0)
(-0.00186281 2.36703e-07 0)
(-0.00185977 2.35329e-07 0)
(-0.00185671 2.33976e-07 0)
(-0.00185366 2.32644e-07 0)
(-0.0018506 2.31482e-07 0)
(-0.00184754 2.30315e-07 0)
(-0.00184447 2.29015e-07 0)
(-0.0018414 2.2793e-07 0)
(-0.00183831 2.26756e-07 0)
(-0.00183523 2.25308e-07 0)
(-0.00183215 2.24173e-07 0)
(-0.00182905 2.23072e-07 0)
(-0.00182595 2.21819e-07 0)
(-0.00182285 2.20739e-07 0)
(-0.00181974 2.19508e-07 0)
(-0.00181663 2.18488e-07 0)
(-0.00181351 2.17385e-07 0)
(-0.00181039 2.16224e-07 0)
(-0.00180726 2.15136e-07 0)
(-0.00180413 2.14101e-07 0)
(-0.00180099 2.13065e-07 0)
(-0.00179784 2.11889e-07 0)
(-0.00179469 2.10934e-07 0)
(-0.00179153 2.1022e-07 0)
(-0.00178836 2.08977e-07 0)
(-0.0017852 2.08023e-07 0)
(-0.00178202 2.07037e-07 0)
(-0.00177884 2.06142e-07 0)
(-0.00177565 2.05317e-07 0)
(-0.00177245 2.04224e-07 0)
(-0.00176925 2.0331e-07 0)
(-0.00176604 2.02538e-07 0)
(-0.00176282 2.0185e-07 0)
(-0.00175959 2.01204e-07 0)
(-0.00175635 2.00131e-07 0)
(-0.00175311 1.99415e-07 0)
(-0.00174986 1.98715e-07 0)
(-0.0017466 1.97808e-07 0)
(-0.00174333 1.97295e-07 0)
(-0.00174006 1.96421e-07 0)
(-0.00173676 1.96156e-07 0)
(-0.00173348 1.95259e-07 0)
(-0.00173015 1.95335e-07 0)
(-0.00172686 1.93527e-07 0)
(-0.00172348 1.95035e-07 0)
(-0.0017202 1.91371e-07 0)
(-0.00171676 1.95895e-07 0)
(-0.00171351 1.88009e-07 0)
(-0.00170994 1.99378e-07 0)
(-0.00170682 1.81647e-07 0)
(-0.00170298 2.07718e-07 0)
(-0.00170016 1.6818e-07 0)
(-0.00169584 2.26555e-07 0)
(-0.00169359 1.41158e-07 0)
(-0.0016884 2.64159e-07 0)
(-0.00168719 8.93354e-08 0)
(-0.00168065 3.31126e-07 0)
(-0.00168093 6.44277e-09 0)
(-0.00167262 3.66724e-07 0)
(-0.0353488 -0.00214398 0)
(-0.0160264 -0.000524843 0)
(-0.0106072 -0.000100731 0)
(-0.00845487 -3.52744e-05 0)
(-0.00748451 -1.98756e-05 0)
(-0.00685022 -1.61362e-05 0)
(-0.00634209 -1.3369e-05 0)
(-0.00593039 -1.09099e-05 0)
(-0.0055952 -9.0842e-06 0)
(-0.00531611 -7.76284e-06 0)
(-0.00507854 -6.7605e-06 0)
(-0.00487306 -5.96719e-06 0)
(-0.00469317 -5.32298e-06 0)
(-0.00453415 -4.79073e-06 0)
(-0.00439241 -4.34457e-06 0)
(-0.00426515 -3.96558e-06 0)
(-0.00415021 -3.63981e-06 0)
(-0.00404584 -3.3564e-06 0)
(-0.00395065 -3.10753e-06 0)
(-0.00386348 -2.8865e-06 0)
(-0.00378342 -2.68821e-06 0)
(-0.00370969 -2.50844e-06 0)
(-0.00364165 -2.34363e-06 0)
(-0.00357877 -2.19096e-06 0)
(-0.00352062 -2.04772e-06 0)
(-0.00346683 -1.91141e-06 0)
(-0.00341711 -1.78e-06 0)
(-0.00337123 -1.65118e-06 0)
(-0.00332902 -1.52302e-06 0)
(-0.00329034 -1.39337e-06 0)
(-0.00325514 -1.2595e-06 0)
(-0.00322338 -1.11947e-06 0)
(-0.00319512 -9.69412e-07 0)
(-0.00317043 -8.0745e-07 0)
(-0.0031495 -6.27583e-07 0)
(-0.00313253 -4.29127e-07 0)
(-0.00311985 -1.99592e-07 0)
(-0.00311188 5.42019e-08 0)
(-0.00310903 3.53707e-07 0)
(-0.00311217 7.0607e-07 0)
(-0.00312146 1.09999e-06 0)
(-0.00313912 1.5313e-06 0)
(-0.00316295 2.03594e-06 0)
(-0.00320123 2.64319e-06 0)
(-0.00323893 3.08994e-06 0)
(-0.00331033 3.97846e-06 0)
(-0.00334741 3.68049e-06 0)
(-0.00347677 4.83207e-06 0)
(-0.00344777 -5.7003e-06 0)
(-0.00349967 0.000230685 0)
(1.10116e-05 1.79199e-06 0)
(2.7134e-05 -8.47045e-06 0)
(5.29579e-05 -6.16793e-05 0)
(5.57207e-05 -0.000136953 0)
(3.01483e-05 -0.000184224 0)
(1.72066e-06 -6.60624e-05 0)
(-0.000522797 0.000334258 0)
(-0.00112848 0.00169662 0)
(-0.000780315 0.00290903 0)
(-0.000264817 0.00317345 0)
(-3.56498e-05 0.00318561 0)
(0.000135138 0.00299391 0)
(0.000203324 0.00273538 0)
(0.000243525 0.00243316 0)
(0.000267726 0.00210963 0)
(0.00028778 0.00176498 0)
(0.00030408 0.00140285 0)
(0.000313362 0.00102994 0)
(0.000316861 0.000652719 0)
(0.000312107 0.000280122 0)
(0.0003021 -8.14803e-05 0)
(0.000288076 -0.00042652 0)
(0.000271327 -0.000752911 0)
(0.000251724 -0.00105294 0)
(0.000231486 -0.00132943 0)
(0.000211656 -0.00158529 0)
(0.000192528 -0.00181927 0)
(0.000174531 -0.00203282 0)
(0.000157892 -0.00222756 0)
(0.000142662 -0.00240525 0)
(0.000128737 -0.00256755 0)
(0.000115898 -0.00271601 0)
(0.000103851 -0.00285186 0)
(9.22656e-05 -0.00297606 0)
(8.07874e-05 -0.00308924 0)
(6.90893e-05 -0.00319169 0)
(5.6972e-05 -0.00328339 0)
(4.42745e-05 -0.0033642 0)
(3.09435e-05 -0.00343377 0)
(1.7118e-05 -0.00349181 0)
(3.03192e-06 -0.00353804 0)
(-1.11446e-05 -0.00357256 0)
(-2.51413e-05 -0.00359531 0)
(-3.88153e-05 -0.00360695 0)
(-5.24601e-05 -0.00360767 0)
(-6.60974e-05 -0.00359758 0)
(-7.98773e-05 -0.00357743 0)
(-9.4535e-05 -0.00354758 0)
(-0.000110976 -0.00350793 0)
(-0.00013043 -0.00345791 0)
(-0.000154388 -0.00339617 0)
(-0.000184374 -0.00332065 0)
(-0.000221709 -0.00322849 0)
(-0.000267247 -0.0031161 0)
(-0.000321161 -0.00297931 0)
(-0.000382339 -0.00281334 0)
(-0.00044721 -0.0026142 0)
(-0.000510983 -0.00237857 0)
(-0.000565248 -0.00210591 0)
(-0.000598603 -0.00180451 0)
(-0.000617534 -0.0014809 0)
(-0.000616758 -0.00112406 0)
(-0.000537327 -0.000734472 0)
(-0.000344504 -0.000368226 0)
(-8.47997e-05 -9.20323e-05 0)
(0.000180566 7.94741e-05 0)
(0.000409935 0.000153054 0)
(0.000574504 0.000144862 0)
(0.000650709 8.03999e-05 0)
(0.000646124 -1.5587e-05 0)
(0.000562163 -0.000126079 0)
(0.000401309 -0.000226176 0)
(0.000184249 -0.000289261 0)
(-3.79077e-05 -0.000286825 0)
(-0.000188318 -0.000230428 0)
(-0.000238326 -0.000175322 0)
(-0.000223839 -0.000158306 0)
(-0.000194323 -0.000171542 0)
(-0.000163536 -0.000184617 0)
(-0.000122855 -0.000184658 0)
(-7.02488e-05 -0.000178354 0)
(-1.65814e-05 -0.000176319 0)
(2.50117e-05 -0.000181892 0)
(4.81937e-05 -0.000189474 0)
(5.53434e-05 -0.000193495 0)
(5.43343e-05 -0.0001939 0)
(5.18068e-05 -0.000194587 0)
(5.09664e-05 -0.000200105 0)
(5.26869e-05 -0.000213975 0)
(5.65764e-05 -0.000235348 0)
(6.24515e-05 -0.000262319 0)
(7.08177e-05 -0.000294183 0)
(8.13088e-05 -0.00033165 0)
(9.23033e-05 -0.000375158 0)
(0.000102069 -0.00042418 0)
(0.000109497 -0.000477504 0)
(0.00011401 -0.000533803 0)
(0.000115152 -0.000591694 0)
(0.000112556 -0.000649512 0)
(0.000106217 -0.000705369 0)
(9.65722e-05 -0.000757501 0)
(8.43588e-05 -0.000804524 0)
(7.03978e-05 -0.000845542 0)
(5.53816e-05 -0.000880112 0)
(3.97492e-05 -0.000908056 0)
(2.37434e-05 -0.000929229 0)
(7.62448e-06 -0.000943411 0)
(-8.23825e-06 -0.000950418 0)
(-2.32521e-05 -0.00095021 0)
(-3.6912e-05 -0.000943148 0)
(-4.87768e-05 -0.000930316 0)
(-5.84091e-05 -0.000912179 0)
(-6.55294e-05 -0.000889508 0)
(-7.00417e-05 -0.000863469 0)
(-7.20447e-05 -0.000835269 0)
(-7.1819e-05 -0.000805991 0)
(-6.97351e-05 -0.000776504 0)
(-6.62517e-05 -0.000747544 0)
(-6.19249e-05 -0.000719615 0)
(-5.72722e-05 -0.000692907 0)
(-5.2282e-05 -0.000667292 0)
(-4.60031e-05 -0.000642765 0)
(-3.69788e-05 -0.000619927 0)
(-2.40591e-05 -0.00059972 0)
(-6.31691e-06 -0.000582787 0)
(1.73454e-05 -0.000569629 0)
(4.69292e-05 -0.000561045 0)
(7.86508e-05 -0.000556779 0)
(0.000103631 -0.000555046 0)
(0.000110818 -0.000553134 0)
(9.21028e-05 -0.000544847 0)
(4.53051e-05 -0.000518645 0)
(-2.54676e-05 -0.000468135 0)
(-0.000116158 -0.000399392 0)
(-0.000228921 -0.000316321 0)
(-0.000364786 -0.000208395 0)
(-0.000509302 -5.83037e-05 0)
(-0.00063499 0.000135998 0)
(-0.000722462 0.000356116 0)
(-0.000770289 0.000580065 0)
(-0.00078187 0.000790377 0)
(-0.000767753 0.000981993 0)
(-0.00073614 0.00115472 0)
(-0.000692666 0.00130908 0)
(-0.000641296 0.00144548 0)
(-0.000584909 0.00156447 0)
(-0.000525594 0.00166661 0)
(-0.000464909 0.00175258 0)
(-0.000403953 0.00182312 0)
(-0.000343551 0.00187892 0)
(-0.000284332 0.00192076 0)
(-0.000226639 0.00194956 0)
(-0.000170496 0.00196616 0)
(-0.00011597 0.00197108 0)
(-6.41065e-05 0.00196482 0)
(-1.44181e-05 0.00194926 0)
(3.40256e-05 0.00192437 0)
(8.08368e-05 0.00189077 0)
(0.000126197 0.00184883 0)
(0.000170077 0.00179899 0)
(0.000212537 0.00174167 0)
(0.000253584 0.00167726 0)
(0.000293189 0.00160618 0)
(0.000331334 0.00152885 0)
(0.000367999 0.00144571 0)
(0.000403183 0.00135711 0)
(0.000436825 0.00126328 0)
(0.000468712 0.00116459 0)
(0.000498667 0.0010615 0)
(0.000526505 0.00095436 0)
(0.000552106 0.000843466 0)
(0.000575355 0.000728874 0)
(0.000596609 0.000611791 0)
(0.000625944 0.000501839 0)
(0.000652765 0.00038636 0)
(0.000675485 0.000264199 0)
(0.000691336 0.000135582 0)
(0.000698148 2.48659e-06 0)
(0.000694342 -0.00013205 0)
(0.000679166 -0.000264653 0)
(0.000652717 -0.000392289 0)
(0.000615461 -0.000512611 0)
(0.000568048 -0.000624025 0)
(0.000511223 -0.000725661 0)
(0.000445538 -0.000817059 0)
(0.000371413 -0.000898131 0)
(0.000288795 -0.000968507 0)
(0.000198056 -0.00102884 0)
(9.92235e-05 -0.00107684 0)
(-7.4672e-06 -0.00110688 0)
(-0.000119766 -0.00111694 0)
(-0.000234313 -0.00110575 0)
(-0.000348512 -0.00107247 0)
(-0.000459639 -0.00101565 0)
(-0.00056339 -0.000934298 0)
(-0.000654564 -0.000830977 0)
(-0.000730516 -0.000723232 0)
(-0.000805057 -0.000669624 0)
(-0.0009137 -0.000783738 0)
(-0.00110636 -0.00117848 0)
(7.11959e-06 -4.38327e-06 0)
(1.11136e-05 1.54128e-05 0)
(-1.11179e-05 4.57739e-05 0)
(-7.15088e-05 8.02669e-05 0)
(-0.000165289 9.85466e-05 0)
(-0.000264779 9.1757e-05 0)
(-0.000346069 6.38378e-05 0)
(-0.000392478 2.56613e-05 0)
(-0.000401246 -1.1411e-05 0)
(-0.000379264 -3.92902e-05 0)
(-0.000338419 -5.55742e-05 0)
(-0.000289144 -6.15983e-05 0)
(-0.00024007 -6.0033e-05 0)
(-0.000197374 -5.38734e-05 0)
(-0.00016446 -4.75283e-05 0)
(-0.000139495 -4.56416e-05 0)
(-0.000117366 -5.09801e-05 0)
(-8.57775e-05 -6.04509e-05 0)
(-4.02491e-05 -6.26597e-05 0)
(1.09735e-05 -5.34275e-05 0)
(5.97543e-05 -3.29868e-05 0)
(9.36232e-05 -5.94261e-06 0)
(8.39873e-05 2.19566e-05 0)
(5.93093e-05 5.58637e-05 0)
(4.78654e-06 8.29007e-05 0)
(-5.88182e-05 0.000102599 0)
(-0.000152334 0.000114342 0)
(-0.000261938 7.85209e-05 0)
(-0.000330709 1.06695e-05 0)
(-0.000397389 1.66335e-05 0)
(-0.000475749 4.25048e-05 0)
(-0.000553956 0.000107504 0)
(-0.000651725 0.000242682 0)
(-0.000745928 0.000339529 0)
(-0.000820031 0.000319603 0)
(-0.000863441 0.000198307 0)
(-0.000852882 3.18645e-05 0)
(-0.000778721 -8.55944e-05 0)
(-0.000703793 -0.00011794 0)
(-0.000662684 -0.000107128 0)
(-0.000646374 -9.16351e-05 0)
(-0.000641543 -8.2438e-05 0)
(-0.000640818 -8.15299e-05 0)
(-0.000635864 -8.95998e-05 0)
(-0.000614505 -0.000104761 0)
(-0.000566807 -0.000122933 0)
(-0.000488262 -0.00013984 0)
(-0.000382586 -0.000151575 0)
(-0.000260811 -0.000156489 0)
(-0.000135314 -0.000155307 0)
(-1.42388e-05 -0.000149442 0)
(9.81875e-05 -0.000141222 0)
(0.00020327 -0.000132001 0)
(0.000307553 -0.000123654 0)
(0.000406097 -0.000113703 0)
(0.000497661 -0.000103502 0)
(0.000581833 -9.38056e-05 0)
(0.000658839 -8.50682e-05 0)
(0.000729339 -7.74236e-05 0)
(0.000794028 -7.07661e-05 0)
(0.000853477 -6.48688e-05 0)
(0.000907716 -5.95791e-05 0)
(0.000956218 -5.45985e-05 0)
(0.000998809 -4.91385e-05 0)
(0.00103374 -4.17585e-05 0)
(0.001058 -2.98432e-05 0)
(0.00106653 -9.94996e-06 0)
(0.00105226 1.81203e-05 0)
(0.00101112 5.1229e-05 0)
(0.000941872 8.59407e-05 0)
(0.000845709 0.000119247 0)
(0.000725654 0.000149145 0)
(0.000585465 0.000174609 0)
(0.000429101 0.000195055 0)
(0.000260598 0.000210062 0)
(8.41157e-05 0.000219379 0)
(-9.61653e-05 0.000222513 0)
(-0.000275578 0.000219063 0)
(-0.000449023 0.000208678 0)
(-0.000611167 0.000191186 0)
(-0.000756098 0.00016584 0)
(-0.000876929 0.000133175 0)
(-0.000967516 9.65507e-05 0)
(-0.00102569 5.90709e-05 0)
(-0.00105281 1.92307e-05 0)
(-0.00104805 -2.62976e-05 0)
(-0.00100634 -7.42304e-05 0)
(-0.000929349 -0.000114696 0)
(-0.000827715 -0.000138591 0)
(-0.000715505 -0.000145208 0)
(-0.000604377 -0.000136917 0)
(-0.000502127 -0.000116691 0)
(-0.000412472 -9.78699e-05 0)
(-0.0003356 -8.42865e-05 0)
(-0.000271836 -6.96488e-05 0)
(-0.000223791 -5.52401e-05 0)
(-0.000190602 -5.00916e-05 0)
(-0.000156582 -6.39493e-05 0)
(-9.24958e-05 -7.62836e-05 0)
(-7.58614e-07 -6.2081e-05 0)
(-6.08265e-05 -2.45192e-05 0)
(-7.14463e-05 -0.000152722 0)
(-4.95758e-05 -0.000261164 0)
(-2.94728e-05 -0.000325599 0)
(-2.38207e-05 -0.000367481 0)
(-2.58506e-05 -0.000404638 0)
(-2.16277e-05 -0.000441392 0)
(-6.89866e-06 -0.000464776 0)
(7.38763e-06 -0.000474885 0)
(7.1748e-06 -0.000493955 0)
(-4.00392e-06 -0.000536702 0)
(-4.82754e-06 -0.000592998 0)
(1.78997e-05 -0.000635299 0)
(7.34789e-05 -0.000632765 0)
(0.000148884 -0.000551071 0)
(0.000224863 -0.000377579 0)
(0.000284565 -9.74901e-05 0)
(0.00018671 0.00023889 0)
(-6.72922e-06 0.000443243 0)
(-5.78898e-05 0.000527132 0)
(-2.57662e-05 0.000537549 0)
(-2.36306e-06 0.000491662 0)
(-3.34538e-06 0.000469542 0)
(-2.19738e-05 0.000449785 0)
(-4.48333e-05 0.0004029 0)
(-6.0417e-05 0.000329989 0)
(-5.71051e-05 0.000245624 0)
(-2.8721e-05 0.000179667 0)
(1.19845e-05 0.000164569 0)
(5.08567e-05 0.000217789 0)
(6.40952e-05 0.000296194 0)
(4.43269e-05 0.000365128 0)
(5.29979e-07 0.000394845 0)
(-6.28471e-05 0.000375435 0)
(-0.000141145 0.0002994 0)
(-0.000216764 0.000150674 0)
(-0.000276639 -7.10363e-05 0)
(-0.000304847 -0.000342456 0)
(-0.00030585 -0.000637263 0)
(-0.000258724 -0.000921476 0)
(-0.000208343 -0.00116251 0)
(-0.000211851 -0.00138943 0)
(-0.000194442 -0.00163163 0)
(-0.000135414 -0.00183056 0)
(-0.000103901 -0.00194712 0)
(-9.54141e-05 -0.00202057 0)
(-6.01746e-05 -0.00209581 0)
(1.40111e-05 -0.00212505 0)
(0.000127683 -0.00207528 0)
(0.000277121 -0.00193825 0)
(0.000445538 -0.00167764 0)
(0.000582536 -0.00124661 0)
(0.0006514 -0.000692934 0)
(0.000608535 -0.000108926 0)
(0.000456176 0.000386963 0)
(0.000261423 0.000755287 0)
(8.51255e-05 0.000990735 0)
(6.23325e-06 0.00113003 0)
(0.000107955 0.00124961 0)
(0.000347612 0.00150983 0)
(0.000430377 0.00203039 0)
(0.000199714 0.00253528 0)
(0.000384739 0.00271146 0)
(0.00158751 0.00319388 0)
(0.00231843 0.00467478 0)
(0.00120447 0.00591727 0)
(6.75098e-05 0.00573926 0)
(0.000230097 0.00540727 0)
(0.000316437 0.00568855 0)
(-0.000110956 0.00572538 0)
(-0.000178031 0.00544276 0)
(-2.34618e-05 0.00540221 0)
(-0.000122373 0.00541704 0)
(-0.000198622 0.00526177 0)
(-0.000119424 0.00515568 0)
(-0.000113918 0.00512942 0)
(-0.000153983 0.00504513 0)
(-0.000128402 0.00495106 0)
(-0.000107069 0.00490134 0)
(-0.000119331 0.00484359 0)
(-0.000114276 0.00477182 0)
(-9.99672e-05 0.00471665 0)
(-0.00010024 0.00466643 0)
(-9.96755e-05 0.00460936 0)
(-9.28708e-05 0.00455661 0)
(-9.04745e-05 0.00450858 0)
(-9.01008e-05 0.00445872 0)
(-8.73478e-05 0.00440956 0)
(-8.55375e-05 0.00436285 0)
(-8.51524e-05 0.00431611 0)
(-8.41973e-05 0.00426942 0)
(-8.33928e-05 0.00422376 0)
(-8.32806e-05 0.00417837 0)
(-8.31416e-05 0.004133 0)
(-8.30289e-05 0.00408804 0)
(-8.32061e-05 0.0040433 0)
(-8.34458e-05 0.00399861 0)
(-8.36817e-05 0.00395411 0)
(-8.40119e-05 0.00390979 0)
(-8.43712e-05 0.00386558 0)
(-8.47027e-05 0.00382153 0)
(-8.50281e-05 0.00377766 0)
(-8.53238e-05 0.00373398 0)
(-8.55672e-05 0.00369051 0)
(-8.57567e-05 0.0036473 0)
(-8.58866e-05 0.00360436 0)
(-8.59405e-05 0.00356171 0)
(-8.5911e-05 0.00351939 0)
(-8.58036e-05 0.00347744 0)
(-8.56182e-05 0.00343588 0)
(-8.53448e-05 0.00339473 0)
(-8.49881e-05 0.00335403 0)
(-8.45583e-05 0.00331379 0)
(-8.40486e-05 0.00327403 0)
(-8.34783e-05 0.00323479 0)
(-8.28525e-05 0.00319605 0)
(-8.21787e-05 0.00315785 0)
(-8.14748e-05 0.00312018 0)
(-8.07454e-05 0.00308306 0)
(-8.00165e-05 0.00304647 0)
(-7.93051e-05 0.00301041 0)
(-7.8619e-05 0.00297487 0)
(-7.79773e-05 0.00293983 0)
(-7.74103e-05 0.00290528 0)
(-7.69276e-05 0.00287118 0)
(-7.65444e-05 0.00283752 0)
(-7.62981e-05 0.00280426 0)
(-7.61977e-05 0.00277135 0)
(-7.62576e-05 0.00273876 0)
(-7.6502e-05 0.00270643 0)
(-7.69416e-05 0.00267432 0)
(-7.75844e-05 0.00264237 0)
(-7.8441e-05 0.00261052 0)
(-7.95125e-05 0.00257872 0)
(-8.07983e-05 0.0025469 0)
(-8.23038e-05 0.00251502 0)
(-8.4031e-05 0.00248301 0)
(-8.59805e-05 0.00245083 0)
(-8.81728e-05 0.00241844 0)
(-9.06356e-05 0.00238578 0)
(-9.34108e-05 0.00235279 0)
(-9.65247e-05 0.0023194 0)
(-0.000100013 0.00228555 0)
(-0.000103933 0.00225116 0)
(-0.000108321 0.00221616 0)
(-0.000113202 0.00218044 0)
(-0.000118615 0.00214393 0)
(-0.000124594 0.00210653 0)
(-0.000131165 0.00206816 0)
(-0.000138357 0.00202871 0)
(-0.000146172 0.00198808 0)
(-0.000154644 0.00194621 0)
(-0.000163789 0.00190297 0)
(-0.000173615 0.0018583 0)
(-0.000184149 0.00181208 0)
(-0.00019541 0.00176425 0)
(-0.00020742 0.0017147 0)
(-0.000220208 0.00166336 0)
(-0.000233827 0.00161013 0)
(-0.000248298 0.0015549 0)
(-0.000263665 0.00149762 0)
(-0.000280009 0.00143818 0)
(-0.000297387 0.00137646 0)
(-0.000315859 0.00131236 0)
(-0.000335501 0.00124578 0)
(-0.000356403 0.00117659 0)
(-0.000378658 0.00110469 0)
(-0.00040236 0.00102996 0)
(-0.000427659 0.000952288 0)
(-0.000454726 0.000871491 0)
(-0.000483619 0.000787332 0)
(-0.000519768 0.000707118 0)
(-0.000561948 0.000625149 0)
(-0.000608419 0.000537056 0)
(-0.000658292 0.000441292 0)
(-0.000710443 0.000337009 0)
(-0.000763916 0.000224304 0)
(-0.000817003 0.000104202 0)
(-0.000868764 -2.09066e-05 0)
(-0.000920984 -0.000149099 0)
(-0.000975616 -0.000279721 0)
(-0.00103416 -0.000412654 0)
(-0.00109809 -0.000548493 0)
(-0.00116853 -0.000687772 0)
(-0.0012598 -0.000839804 0)
(-0.0013612 -0.000999507 0)
(-0.00147306 -0.00116728 0)
(-0.00159656 -0.00134355 0)
(-0.00173318 -0.00152931 0)
(-0.00188432 -0.00172453 0)
(-0.00205213 -0.00193187 0)
(-0.00223771 -0.00214803 0)
(-0.00244532 -0.00238372 0)
(-0.00267286 -0.00261868 0)
(-0.00293322 -0.00290011 0)
(-0.00320658 -0.00313287 0)
(-0.00354004 -0.00351472 0)
(-0.00383204 -0.00365109 0)
(-0.00424138 -0.00430661 0)
(-0.00426508 -0.00392665 0)
)
;
    }
    frontAndBack
    {
        type            empty;
    }
}


// ************************************************************************* //
