/*--------------------------------*- C++ -*----------------------------------*\
  =========                 |
  \\      /  F ield         | OpenFOAM: The Open Source CFD Toolbox
   \\    /   O peration     | Website:  https://openfoam.org
    \\  /    A nd           | Version:  7
     \\/     M anipulation  |
\*---------------------------------------------------------------------------*/
FoamFile
{
    version     2.0;
    format      ascii;
    class       volScalarField;
    location    "0.28";
    object      yPlus;
}
// * * * * * * * * * * * * * * * * * * * * * * * * * * * * * * * * * * * * * //

dimensions      [0 0 0 0 0 0 0];

internalField   uniform 0;

boundaryField
{
    velocityInlet
    {
        type            calculated;
        value           uniform 0;
    }
    pressureOutlet
    {
        type            calculated;
        value           uniform 0;
    }
    fixedWalls
    {
        type            calculated;
        value           nonuniform List<scalar> 
100
(
1.99903
1.40358
0.649147
0.466838
0.481396
0.332711
0.54473
0.605505
0.817447
1.01824
1.21981
1.37026
1.44798
1.4008
0.963017
1.04231
1.84808
2.26936
2.41231
2.31064
1.99699
1.51397
0.869508
0.584536
0.988476
1.13892
1.1957
1.21295
1.21355
1.20605
1.19165
1.16792
1.13029
1.07294
0.988972
0.87024
0.704916
0.463667
0.261458
0.561386
0.707806
0.778852
0.789859
0.747911
0.654456
0.503981
0.257362
0.32209
0.466917
0.503202
0.458978
0.35869
0.259612
0.280966
0.423218
0.582118
0.713536
0.806572
0.863564
0.892432
0.90227
0.900784
0.893361
0.882556
0.867441
0.843804
0.805713
0.748281
0.670774
0.579176
0.487601
0.418088
0.391932
0.410731
0.454861
0.503706
0.546124
0.578625
0.601897
0.61867
0.632671
0.646998
0.663444
0.684156
0.706965
0.715176
0.697031
0.687276
0.746183
0.858162
0.96635
1.03991
1.07418
1.0745
1.05916
1.03409
0.925208
0.732328
0.542371
0.575133
)
;
    }
    bottomWall
    {
        type            calculated;
        value           nonuniform List<scalar> 
800
(
2.94479
1.98393
1.61352
1.44049
1.35545
1.29691
1.24808
1.20707
1.17264
1.14317
1.11747
1.09473
1.07441
1.0561
1.03949
1.02432
1.0104
0.99756
0.985672
0.974623
0.964321
0.954687
0.945654
0.937163
0.929164
0.921613
0.914471
0.907704
0.901283
0.89518
0.889371
0.883835
0.878554
0.873508
0.868683
0.864064
0.859637
0.855392
0.851318
0.847403
0.843638
0.840018
0.83653
0.83317
0.82993
0.826805
0.823788
0.820875
0.818057
0.815336
0.813055
0.811168
0.809301
0.80746
0.805644
0.803851
0.802083
0.800336
0.798613
0.796911
0.795231
0.793571
0.791932
0.790313
0.788713
0.787134
0.785572
0.78403
0.782505
0.781
0.77951
0.778039
0.776584
0.775146
0.773724
0.772318
0.770927
0.769553
0.768193
0.766847
0.765516
0.7642
0.762898
0.761609
0.760334
0.759072
0.757824
0.756588
0.755365
0.754154
0.752955
0.751769
0.750595
0.749432
0.74828
0.74714
0.74601
0.744892
0.743784
0.742686
0.7416
0.740523
0.739456
0.7384
0.737352
0.736315
0.735288
0.734269
0.733259
0.732259
0.731267
0.730284
0.72931
0.728344
0.727386
0.726436
0.725495
0.724561
0.723635
0.722718
0.721807
0.720905
0.720009
0.719121
0.718239
0.717365
0.716499
0.715638
0.714785
0.713939
0.713098
0.712264
0.711437
0.710616
0.709801
0.708993
0.70819
0.707393
0.706602
0.705817
0.705038
0.704264
0.703495
0.702732
0.701974
0.701222
0.700474
0.699732
0.698996
0.698264
0.697649
0.697146
0.696641
0.696135
0.695627
0.695119
0.69461
0.694099
0.693588
0.693075
0.692561
0.692045
0.691528
0.691011
0.690491
0.689972
0.689451
0.688928
0.688404
0.687879
0.687353
0.686826
0.686297
0.685767
0.685237
0.684704
0.684171
0.683636
0.683101
0.682564
0.682026
0.681487
0.680947
0.680405
0.679862
0.679318
0.678772
0.678226
0.677677
0.677128
0.676579
0.676026
0.675473
0.674919
0.674364
0.673808
0.67325
0.67269
0.67213
0.671567
0.671003
0.670439
0.669872
0.669305
0.668736
0.668166
0.667594
0.667021
0.666446
0.66587
0.665292
0.664713
0.664132
0.66355
0.662966
0.66238
0.661793
0.661203
0.660613
0.66002
0.659425
0.65883
0.658232
0.657632
0.657029
0.656425
0.655819
0.65521
0.6546
0.653987
0.653373
0.652754
0.652136
0.65151
0.650889
0.650254
0.649633
0.648983
0.64837
0.647693
0.647101
0.646375
0.645838
0.645018
0.644589
0.643602
0.64337
0.642123
0.642176
0.640585
2.94479
1.9839
1.61341
1.44025
1.35507
1.29638
1.24737
1.20621
1.17162
1.14203
1.11622
1.0934
1.07303
1.0547
1.03808
1.02293
1.00905
0.996285
0.984495
0.973573
0.963433
0.953999
0.94521
0.937015
0.92937
0.922243
0.915606
0.909439
0.903727
0.898462
0.893642
0.889273
0.885365
0.881939
0.879022
0.876651
0.874875
0.873757
0.873357
0.873799
0.875102
0.877573
0.880899
0.886212
0.891417
0.901185
0.906223
0.923547
0.920179
0.92263
0.268229
0.434926
0.836515
1.18976
1.40076
0.850386
2.27516
4.29561
5.3389
5.55952
5.60157
5.44529
5.21928
4.92788
4.59169
4.20235
3.75117
3.22312
2.58742
1.78069
1.26578
2.10454
2.75417
3.24695
3.64481
3.97875
4.2619
4.50515
4.71627
4.90106
5.06401
5.20858
5.3374
5.45245
5.55514
5.64642
5.72684
5.79674
5.85625
5.90547
5.94444
5.97342
5.99251
6.00229
6.00291
5.99447
5.97747
5.95202
5.91786
5.87426
5.8198
5.75249
5.66957
5.56748
5.44189
5.2877
5.09948
4.87123
4.59826
4.27625
3.89971
3.45827
2.91889
2.25344
1.51997
1.41445
1.84383
2.10514
2.18772
2.14417
1.9919
1.72449
1.39666
1.30219
1.46067
1.54958
1.56422
1.57821
1.58546
1.55729
1.5023
1.45656
1.4391
1.43096
1.41507
1.39578
1.38827
1.40752
1.46173
1.54081
1.63318
1.73406
1.84263
1.95764
2.07705
2.19824
2.31853
2.43536
2.54624
2.6489
2.74154
2.82298
2.89268
2.95054
2.99674
3.0315
3.05502
3.06748
3.06884
3.05949
3.04102
3.01394
2.97912
2.93814
2.89257
2.84387
2.79347
2.74259
2.69194
2.64182
2.5928
2.54667
2.50687
2.47737
2.46036
2.45468
2.4559
2.45468
2.43861
2.39788
2.32293
2.19617
1.99988
1.72322
1.36854
1.20602
1.59789
2.0402
2.41269
2.7312
3.00448
3.24232
3.45004
3.63102
3.78768
3.92205
4.03586
4.1307
4.20797
4.26892
4.3147
4.34629
4.36448
4.36988
4.36321
4.34635
4.31894
4.2815
4.23418
4.17722
4.11075
4.03485
3.94955
3.85483
3.75062
3.63682
3.51319
3.37947
3.23532
3.08048
2.91469
2.73767
2.55214
2.38079
2.2024
2.02743
1.88507
1.82341
1.87235
2.00418
2.16865
2.33275
2.48211
2.61231
2.72299
2.81515
2.88997
2.95131
2.99804
3.02435
3.03015
3.01608
2.98322
2.93159
2.86078
2.77041
2.66134
2.54291
2.46095
2.57706
0.237399
0.368924
0.692335
1.19304
1.67851
2.06954
2.34439
2.49261
2.52579
2.46588
2.34068
2.17407
1.98981
1.80946
1.65061
1.51489
1.3911
1.22027
0.939551
0.645219
0.928143
1.17491
1.11097
0.966624
0.850216
1.16519
1.59593
1.97601
2.26822
2.56975
2.85472
3.13981
3.43656
3.61188
3.6609
3.64512
3.59448
3.49043
3.38282
3.30929
3.2687
3.24979
3.24053
3.22172
3.16397
3.03938
2.82633
2.51429
2.10334
1.59693
1.11992
1.39682
1.85437
2.24825
2.57328
2.84544
3.07594
3.27335
3.44453
3.59455
3.72721
3.84435
3.94601
4.03258
4.10073
4.14447
4.15538
4.12238
4.03794
3.89643
3.69359
3.42527
3.08457
2.65824
2.1221
1.48722
1.5443
2.19011
2.72796
3.15784
3.49962
3.76262
3.95016
4.06575
4.11541
4.10209
4.02069
3.87277
3.66852
3.42568
3.16377
2.89086
2.6169
2.36032
2.1288
1.92795
1.76264
1.59792
1.28083
0.594885
0.672141
1.24319
1.60552
1.79911
1.91789
2.01242
2.09608
2.14625
2.17247
2.22372
2.31967
2.43097
2.50376
2.48918
2.32528
1.95362
1.35069
1.44696
2.03147
2.31474
2.34942
2.22882
2.16257
2.10896
1.99652
1.81532
1.58353
1.37237
1.31777
1.49865
1.72026
1.88957
1.9498
1.88891
1.69394
1.31066
1.26219
1.936
2.53664
3.01463
3.40127
3.72954
4.02693
4.26724
4.41618
4.49794
4.56674
4.58113
4.50771
4.34096
4.03886
3.51081
2.73361
1.76987
1.93729
2.60709
3.05566
3.37784
3.64862
3.96288
4.41355
4.99614
5.56846
6.20907
6.9388
7.33876
7.41896
7.41161
7.48511
7.47687
7.39632
7.36177
7.32595
7.25459
7.19771
7.1548
7.09973
7.04642
7.00287
6.95786
6.91219
6.87105
6.8312
6.79103
6.75261
6.7154
6.67829
6.64179
6.60595
6.57027
6.53479
6.49955
6.46436
6.42919
6.39404
6.35886
6.32362
6.2883
6.25292
6.21747
6.18194
6.14636
6.11074
6.0751
6.03946
6.00384
5.96826
5.93275
5.89734
5.86205
5.8269
5.79192
5.75713
5.72254
5.6882
5.65408
5.62024
5.58665
5.55333
5.5203
5.48753
5.45502
5.42277
5.39076
5.35896
5.32737
5.29594
5.26465
5.23345
5.20231
5.17118
5.14001
5.10874
5.07732
5.0457
5.01381
4.98159
4.94897
4.91589
4.88227
4.84804
4.81309
4.77736
4.74074
4.70311
4.66437
4.6244
4.58308
4.54028
4.49584
4.44963
4.40149
4.35125
4.29875
4.24379
4.18618
4.12569
4.06211
3.99518
3.9246
3.8501
3.77133
3.68791
3.59942
3.5054
3.40535
3.29868
3.1848
3.06308
2.93286
2.79362
2.65907
2.52156
2.37734
2.23259
2.10429
2.02472
2.03222
2.13837
2.31524
2.52839
2.75641
2.98941
3.22352
3.47558
3.72909
3.98359
4.23966
4.49815
4.75982
5.02593
5.29668
5.57474
5.85755
6.15376
6.4488
6.77469
7.06943
7.44819
7.67029
)
;
    }
    frontAndBack
    {
        type            empty;
    }
}


// ************************************************************************* //
