/*--------------------------------*- C++ -*----------------------------------*\
  =========                 |
  \\      /  F ield         | OpenFOAM: The Open Source CFD Toolbox
   \\    /   O peration     | Website:  https://openfoam.org
    \\  /    A nd           | Version:  7
     \\/     M anipulation  |
\*---------------------------------------------------------------------------*/
FoamFile
{
    version     2.0;
    format      ascii;
    class       volVectorField;
    location    "0.25";
    object      wallShearStress;
}
// * * * * * * * * * * * * * * * * * * * * * * * * * * * * * * * * * * * * * //

dimensions      [0 2 -2 0 0 0 0];

internalField   uniform (0 0 0);

boundaryField
{
    velocityInlet
    {
        type            calculated;
        value           uniform (0 0 0);
    }
    pressureOutlet
    {
        type            calculated;
        value           uniform (0 0 0);
    }
    fixedWalls
    {
        type            calculated;
        value           nonuniform List<vector> 
100
(
(-0.0122676 -0.00618947 0)
(0.00876742 -0.000945886 0)
(-0.000952353 0.00051527 0)
(0.00185427 -2.94601e-05 0)
(-9.13014e-05 0.000161025 0)
(-0.00107896 0.000307401 0)
(-0.00366991 0.000306968 0)
(-0.00509581 0.000258493 0)
(-0.00483825 -0.00013022 0)
(-0.000204069 -0.000836409 0)
(0.00794439 -0.00146378 0)
(0.0157039 -0.00136799 0)
(0.0191274 -0.00056467 0)
(0.0173497 0.000355588 0)
(0.0121045 0.000840444 0)
(0.00606614 0.000828791 0)
(0.00114906 0.00057423 0)
(-0.00191954 0.000332706 0)
(-0.00347875 0.000142954 0)
(-0.00407581 4.10206e-05 0)
(-0.00415279 -5.54251e-06 0)
(-0.00397994 -2.7436e-05 0)
(-0.00369417 -3.68379e-05 0)
(-0.00336273 -4.03202e-05 0)
(-0.00302083 -4.07024e-05 0)
(-0.00268721 -3.95692e-05 0)
(-0.00237099 -3.79038e-05 0)
(-0.00207713 -3.59635e-05 0)
(-0.00181159 -3.33062e-05 0)
(-0.00158442 -2.91159e-05 0)
(-0.00140968 -2.26821e-05 0)
(-0.00130274 -1.39486e-05 0)
(-0.00127574 -3.41752e-06 0)
(-0.00133061 8.35634e-06 0)
(-0.00145063 1.76776e-05 0)
(-0.00159667 2.10842e-05 0)
(-0.00171323 1.64566e-05 0)
(-0.00174269 3.72929e-06 0)
(-0.00164452 -1.5423e-05 0)
(-0.00141558 -3.42242e-05 0)
(-0.00110041 -4.60032e-05 0)
(-0.000779593 -4.60515e-05 0)
(-0.000540017 -3.44421e-05 0)
(-0.000444411 -1.70183e-05 0)
(-0.000511668 4.64197e-06 0)
(-0.000717899 2.22315e-05 0)
(-0.00101343 3.33584e-05 0)
(-0.00134178 3.71554e-05 0)
(-0.0016553 3.49629e-05 0)
(-0.0019248 2.94516e-05 0)
(-0.00214373 2.34272e-05 0)
(-0.0023262 1.93177e-05 0)
(-0.00249925 1.88787e-05 0)
(-0.00269178 2.25478e-05 0)
(-0.00291711 2.81346e-05 0)
(-0.00314907 3.03679e-05 0)
(-0.00331179 2.43079e-05 0)
(-0.00330159 5.39545e-06 0)
(-0.00303696 -2.38752e-05 0)
(-0.00250552 -5.46599e-05 0)
(-0.00178065 -7.72705e-05 0)
(-0.00101885 -8.15899e-05 0)
(-0.000426626 -6.02967e-05 0)
(-0.000183397 -2.41822e-05 0)
(-0.000345469 1.65872e-05 0)
(-0.000805608 4.50536e-05 0)
(-0.00137533 5.37176e-05 0)
(-0.00189601 4.61356e-05 0)
(-0.0022842 3.22529e-05 0)
(-0.00252874 1.87515e-05 0)
(-0.00266307 8.96421e-06 0)
(-0.00273476 3.52665e-06 0)
(-0.00278524 1.17625e-06 0)
(-0.00284812 1.3669e-06 0)
(-0.00296842 6.8799e-06 0)
(-0.00319596 1.7726e-05 0)
(-0.00352627 2.53051e-05 0)
(-0.00391021 2.67789e-05 0)
(-0.00438149 3.70702e-05 0)
(-0.00505617 6.09286e-05 0)
(-0.00598582 8.77008e-05 0)
(-0.00720216 0.000122796 0)
(-0.00853061 0.000142653 0)
(-0.00908959 7.81741e-05 0)
(-0.00762355 -0.000124744 0)
(-0.00357439 -0.000408248 0)
(0.00167196 -0.000451273 0)
(0.00574317 -0.000360512 0)
(0.00767318 -0.000159287 0)
(0.00741427 2.96845e-05 0)
(0.00564055 0.00014924 0)
(0.0032187 0.00018831 0)
(0.000816264 0.00017454 0)
(-0.00112414 0.000136387 0)
(-0.00254594 9.37663e-05 0)
(-0.00342167 5.79571e-05 0)
(-0.00397425 3.4372e-05 0)
(-0.00426532 1.89904e-05 0)
(-0.00440261 1.08121e-05 0)
(-0.00457328 6.1586e-06 0)
)
;
    }
    bottomWall
    {
        type            calculated;
        value           nonuniform List<vector> 
800
(
(-0.0353488 0.00214397 0)
(-0.0160266 0.00052483 0)
(-0.0106079 0.000100711 0)
(-0.00845621 3.52543e-05 0)
(-0.00748668 1.98539e-05 0)
(-0.00685322 1.61144e-05 0)
(-0.00634592 1.33491e-05 0)
(-0.00593491 1.08942e-05 0)
(-0.00560023 9.07387e-06 0)
(-0.00532142 7.75909e-06 0)
(-0.00508391 6.76411e-06 0)
(-0.00487825 5.97839e-06 0)
(-0.00469798 5.34177e-06 0)
(-0.00453837 4.81708e-06 0)
(-0.00439585 4.3784e-06 0)
(-0.00426765 4.00707e-06 0)
(-0.00415158 3.68936e-06 0)
(-0.00404591 3.41463e-06 0)
(-0.00394924 3.17527e-06 0)
(-0.0038604 2.96513e-06 0)
(-0.00377843 2.77929e-06 0)
(-0.00370253 2.61397e-06 0)
(-0.00363203 2.46597e-06 0)
(-0.00356635 2.33292e-06 0)
(-0.003505 2.2128e-06 0)
(-0.00344754 2.10376e-06 0)
(-0.00339362 2.00442e-06 0)
(-0.00334291 1.91372e-06 0)
(-0.00329512 1.8306e-06 0)
(-0.00325 1.75397e-06 0)
(-0.00320734 1.68344e-06 0)
(-0.00316692 1.61817e-06 0)
(-0.0031286 1.55765e-06 0)
(-0.00309219 1.50152e-06 0)
(-0.00305756 1.44914e-06 0)
(-0.00302458 1.40025e-06 0)
(-0.00299315 1.35461e-06 0)
(-0.00296314 1.31194e-06 0)
(-0.00293447 1.27185e-06 0)
(-0.00290705 1.23408e-06 0)
(-0.0028808 1.19857e-06 0)
(-0.00285565 1.16532e-06 0)
(-0.00283152 1.13388e-06 0)
(-0.00280837 1.10393e-06 0)
(-0.00278614 1.07592e-06 0)
(-0.00276476 1.04905e-06 0)
(-0.0027442 1.02415e-06 0)
(-0.00272441 9.99665e-07 0)
(-0.00270533 9.77426e-07 0)
(-0.00268697 9.53902e-07 0)
(-0.00267162 9.34679e-07 0)
(-0.00265895 9.23606e-07 0)
(-0.00264645 9.09531e-07 0)
(-0.00263414 8.94628e-07 0)
(-0.00262203 8.80555e-07 0)
(-0.0026101 8.67393e-07 0)
(-0.00259835 8.5428e-07 0)
(-0.00258678 8.41405e-07 0)
(-0.00257538 8.29126e-07 0)
(-0.00256414 8.16938e-07 0)
(-0.00255307 8.04999e-07 0)
(-0.00254216 7.93473e-07 0)
(-0.0025314 7.82188e-07 0)
(-0.0025208 7.71145e-07 0)
(-0.00251034 7.60341e-07 0)
(-0.00250003 7.49773e-07 0)
(-0.00248986 7.39273e-07 0)
(-0.00247983 7.29173e-07 0)
(-0.00246994 7.1947e-07 0)
(-0.00246018 7.09663e-07 0)
(-0.00245055 7.00083e-07 0)
(-0.00244105 6.90896e-07 0)
(-0.00243167 6.81766e-07 0)
(-0.00242242 6.72859e-07 0)
(-0.00241328 6.64173e-07 0)
(-0.00240427 6.5554e-07 0)
(-0.00239537 6.47291e-07 0)
(-0.00238658 6.39091e-07 0)
(-0.0023779 6.31108e-07 0)
(-0.00236933 6.2317e-07 0)
(-0.00236087 6.15445e-07 0)
(-0.0023525 6.0793e-07 0)
(-0.00234425 6.00459e-07 0)
(-0.00233609 5.93195e-07 0)
(-0.00232803 5.85974e-07 0)
(-0.00232007 5.79124e-07 0)
(-0.0023122 5.72314e-07 0)
(-0.00230442 5.65373e-07 0)
(-0.00229674 5.58804e-07 0)
(-0.00228914 5.52436e-07 0)
(-0.00228164 5.46104e-07 0)
(-0.00227421 5.39805e-07 0)
(-0.00226687 5.33541e-07 0)
(-0.00225962 5.27474e-07 0)
(-0.00225245 5.21608e-07 0)
(-0.00224536 5.15938e-07 0)
(-0.00223834 5.10132e-07 0)
(-0.00223141 5.04523e-07 0)
(-0.00222455 4.99112e-07 0)
(-0.00221776 4.93561e-07 0)
(-0.00221105 4.88373e-07 0)
(-0.0022044 4.83211e-07 0)
(-0.00219783 4.77911e-07 0)
(-0.00219133 4.72971e-07 0)
(-0.0021849 4.68056e-07 0)
(-0.00217853 4.63e-07 0)
(-0.00217224 4.58304e-07 0)
(-0.002166 4.53797e-07 0)
(-0.00215983 4.48982e-07 0)
(-0.00215372 4.44522e-07 0)
(-0.00214767 4.40085e-07 0)
(-0.00214169 4.35671e-07 0)
(-0.00213576 4.31446e-07 0)
(-0.00212989 4.27074e-07 0)
(-0.00212408 4.22891e-07 0)
(-0.00211833 4.18895e-07 0)
(-0.00211263 4.1492e-07 0)
(-0.00210698 4.10798e-07 0)
(-0.0021014 4.06863e-07 0)
(-0.00209586 4.03115e-07 0)
(-0.00209038 3.99386e-07 0)
(-0.00208494 3.95675e-07 0)
(-0.00207956 3.92152e-07 0)
(-0.00207423 3.88479e-07 0)
(-0.00206895 3.84825e-07 0)
(-0.00206371 3.81522e-07 0)
(-0.00205852 3.78069e-07 0)
(-0.00205338 3.74633e-07 0)
(-0.00204829 3.71548e-07 0)
(-0.00204323 3.68313e-07 0)
(-0.00203822 3.64926e-07 0)
(-0.00203326 3.61889e-07 0)
(-0.00202834 3.58701e-07 0)
(-0.00202347 3.55691e-07 0)
(-0.00201863 3.52864e-07 0)
(-0.00201383 3.49714e-07 0)
(-0.00200908 3.46746e-07 0)
(-0.00200437 3.43952e-07 0)
(-0.0019997 3.41176e-07 0)
(-0.00199506 3.38401e-07 0)
(-0.00199047 3.35652e-07 0)
(-0.00198591 3.32891e-07 0)
(-0.00198139 3.3034e-07 0)
(-0.0019769 3.27584e-07 0)
(-0.00197246 3.24909e-07 0)
(-0.00196805 3.22472e-07 0)
(-0.00196367 3.20021e-07 0)
(-0.00195932 3.17382e-07 0)
(-0.00195502 3.14987e-07 0)
(-0.00195074 3.12323e-07 0)
(-0.00194716 3.09705e-07 0)
(-0.00194423 3.08626e-07 0)
(-0.00194129 3.07154e-07 0)
(-0.00193835 3.05335e-07 0)
(-0.0019354 3.03814e-07 0)
(-0.00193245 3.02083e-07 0)
(-0.0019295 3.0037e-07 0)
(-0.00192654 2.9889e-07 0)
(-0.00192357 2.97196e-07 0)
(-0.00192061 2.95499e-07 0)
(-0.00191763 2.94052e-07 0)
(-0.00191466 2.92379e-07 0)
(-0.00191168 2.90936e-07 0)
(-0.00190869 2.89279e-07 0)
(-0.0019057 2.8762e-07 0)
(-0.00190271 2.85981e-07 0)
(-0.00189971 2.84353e-07 0)
(-0.00189671 2.82941e-07 0)
(-0.00189371 2.81324e-07 0)
(-0.0018907 2.7971e-07 0)
(-0.00188769 2.78326e-07 0)
(-0.00188467 2.76733e-07 0)
(-0.00188165 2.75143e-07 0)
(-0.00187862 2.7357e-07 0)
(-0.00187559 2.71993e-07 0)
(-0.00187256 2.70634e-07 0)
(-0.00186952 2.69083e-07 0)
(-0.00186648 2.6753e-07 0)
(-0.00186344 2.66e-07 0)
(-0.00186039 2.64468e-07 0)
(-0.00185734 2.63134e-07 0)
(-0.00185428 2.61623e-07 0)
(-0.00185122 2.60102e-07 0)
(-0.00184816 2.58603e-07 0)
(-0.00184509 2.57111e-07 0)
(-0.00184202 2.5562e-07 0)
(-0.00183895 2.5415e-07 0)
(-0.00183588 2.52861e-07 0)
(-0.00183279 2.51397e-07 0)
(-0.00182971 2.49939e-07 0)
(-0.00182662 2.48484e-07 0)
(-0.00182353 2.46861e-07 0)
(-0.00182044 2.45609e-07 0)
(-0.00181734 2.4436e-07 0)
(-0.00181423 2.42766e-07 0)
(-0.00181113 2.41346e-07 0)
(-0.00180802 2.40127e-07 0)
(-0.00180491 2.38726e-07 0)
(-0.00180179 2.37164e-07 0)
(-0.00179867 2.35952e-07 0)
(-0.00179555 2.34566e-07 0)
(-0.00179242 2.33196e-07 0)
(-0.00178929 2.32006e-07 0)
(-0.00178615 2.30477e-07 0)
(-0.00178302 2.29142e-07 0)
(-0.00177988 2.27959e-07 0)
(-0.00177673 2.26628e-07 0)
(-0.00177358 2.253e-07 0)
(-0.00177043 2.23976e-07 0)
(-0.00176728 2.22663e-07 0)
(-0.00176412 2.21365e-07 0)
(-0.00176095 2.20217e-07 0)
(-0.00175778 2.18945e-07 0)
(-0.00175462 2.17661e-07 0)
(-0.00175144 2.16556e-07 0)
(-0.00174826 2.15282e-07 0)
(-0.00174507 2.14021e-07 0)
(-0.00174188 2.12775e-07 0)
(-0.00173869 2.11696e-07 0)
(-0.00173549 2.10607e-07 0)
(-0.00173229 2.09384e-07 0)
(-0.00172908 2.08162e-07 0)
(-0.00172587 2.07114e-07 0)
(-0.00172265 2.06062e-07 0)
(-0.00171943 2.05009e-07 0)
(-0.0017162 2.03844e-07 0)
(-0.00171297 2.02764e-07 0)
(-0.00170973 2.01802e-07 0)
(-0.00170648 2.00547e-07 0)
(-0.00170323 1.99698e-07 0)
(-0.00169998 1.98569e-07 0)
(-0.00169671 1.97881e-07 0)
(-0.00169345 1.96482e-07 0)
(-0.00169015 1.96338e-07 0)
(-0.00168689 1.94036e-07 0)
(-0.00168356 1.95244e-07 0)
(-0.00168031 1.91355e-07 0)
(-0.00167692 1.95468e-07 0)
(-0.00167372 1.87117e-07 0)
(-0.0016702 1.97872e-07 0)
(-0.00166714 1.79827e-07 0)
(-0.00166337 2.05345e-07 0)
(-0.00166061 1.65758e-07 0)
(-0.00165636 2.23201e-07 0)
(-0.00165418 1.38176e-07 0)
(-0.00164909 2.59486e-07 0)
(-0.00164793 8.62674e-08 0)
(-0.00164153 3.24328e-07 0)
(-0.00164184 3.77192e-09 0)
(-0.00163375 3.57351e-07 0)
(-0.0353488 -0.00214397 0)
(-0.0160269 -0.00052482 0)
(-0.0106084 -0.0001007 0)
(-0.00845704 -3.52424e-05 0)
(-0.00748777 -1.98409e-05 0)
(-0.00685469 -1.60983e-05 0)
(-0.00634788 -1.33292e-05 0)
(-0.00593753 -1.08692e-05 0)
(-0.00560368 -9.04332e-06 0)
(-0.00532589 -7.7225e-06 0)
(-0.00508959 -6.72127e-06 0)
(-0.00488531 -5.92931e-06 0)
(-0.00470658 -5.28689e-06 0)
(-0.00454864 -4.75659e-06 0)
(-0.00440792 -4.31243e-06 0)
(-0.00428163 -3.93585e-06 0)
(-0.00416758 -3.61262e-06 0)
(-0.00406404 -3.33221e-06 0)
(-0.0039696 -3.08688e-06 0)
(-0.00388309 -2.87018e-06 0)
(-0.00380358 -2.67713e-06 0)
(-0.00373026 -2.50392e-06 0)
(-0.00366249 -2.34718e-06 0)
(-0.00359969 -2.20409e-06 0)
(-0.00354141 -2.07262e-06 0)
(-0.00348722 -1.95082e-06 0)
(-0.0034368 -1.83682e-06 0)
(-0.00338986 -1.72923e-06 0)
(-0.00334615 -1.62669e-06 0)
(-0.00330546 -1.52805e-06 0)
(-0.00326763 -1.43166e-06 0)
(-0.00323251 -1.33721e-06 0)
(-0.00320001 -1.24257e-06 0)
(-0.00317 -1.14816e-06 0)
(-0.00314248 -1.05e-06 0)
(-0.00311737 -9.51092e-07 0)
(-0.00309468 -8.44254e-07 0)
(-0.00307446 -7.35932e-07 0)
(-0.00305662 -6.14648e-07 0)
(-0.00304161 -4.90058e-07 0)
(-0.00302862 -3.52325e-07 0)
(-0.00301967 -1.97135e-07 0)
(-0.0030111 -5.78239e-08 0)
(-0.00301031 1.66905e-07 0)
(-0.00300391 2.24437e-07 0)
(-0.00301648 6.45141e-07 0)
(-0.00300416 2.72076e-07 0)
(-0.00304179 1.56171e-06 0)
(-0.0030085 -6.12133e-06 0)
(-0.00286942 0.000204205 0)
(3.55284e-05 -7.47559e-06 0)
(5.70418e-05 -0.000108126 0)
(2.31509e-05 -0.000207066 0)
(-3.63461e-05 -0.000226802 0)
(-8.09905e-05 -0.000166199 0)
(-8.94484e-05 -5.18175e-05 0)
(-6.88486e-05 6.58907e-05 0)
(-3.77353e-05 0.000152781 0)
(-8.01959e-06 0.000212126 0)
(-4.2543e-05 0.000288853 0)
(-0.000223209 0.000498096 0)
(-0.000394463 0.000947424 0)
(-0.00030706 0.00136368 0)
(-9.43238e-05 0.00146891 0)
(3.7444e-05 0.00139199 0)
(0.000110582 0.00124548 0)
(0.000158021 0.00104864 0)
(0.000185875 0.000821229 0)
(0.000199138 0.000579242 0)
(0.00020458 0.000330952 0)
(0.000203611 8.27263e-05 0)
(0.000199456 -0.000160048 0)
(0.000193101 -0.000397238 0)
(0.000182869 -0.000621771 0)
(0.000170411 -0.000830155 0)
(0.000156943 -0.00102292 0)
(0.000143154 -0.00120045 0)
(0.000129642 -0.00136428 0)
(0.000116608 -0.00151369 0)
(0.000104278 -0.00164932 0)
(9.27385e-05 -0.00177215 0)
(8.19735e-05 -0.00188317 0)
(7.18995e-05 -0.00198332 0)
(6.23761e-05 -0.00207342 0)
(5.32204e-05 -0.00215413 0)
(4.42324e-05 -0.00222595 0)
(3.52616e-05 -0.00228917 0)
(2.61291e-05 -0.00234403 0)
(1.65279e-05 -0.00239052 0)
(6.41183e-06 -0.00242845 0)
(-4.35521e-06 -0.00245783 0)
(-1.63296e-05 -0.00247809 0)
(-2.97148e-05 -0.0024889 0)
(-4.49206e-05 -0.00248954 0)
(-6.26675e-05 -0.00247889 0)
(-8.34105e-05 -0.00245613 0)
(-0.000107124 -0.00242 0)
(-0.000133605 -0.00236885 0)
(-0.000162358 -0.00230116 0)
(-0.000192227 -0.00221573 0)
(-0.000221322 -0.00211171 0)
(-0.000247129 -0.00198911 0)
(-0.000266996 -0.00184927 0)
(-0.000278982 -0.00169501 0)
(-0.000282496 -0.00153014 0)
(-0.000278306 -0.00135872 0)
(-0.000267434 -0.00118408 0)
(-0.000249227 -0.00100908 0)
(-0.000220994 -0.000837425 0)
(-0.000180198 -0.000675774 0)
(-0.000130465 -0.000533452 0)
(-8.54369e-05 -0.000414494 0)
(-5.67884e-05 -0.000311556 0)
(-3.91794e-05 -0.000215529 0)
(-1.7544e-05 -0.0001266 0)
(1.4331e-05 -5.16941e-05 0)
(5.10585e-05 4.02942e-06 0)
(8.32521e-05 4.00756e-05 0)
(0.00010395 5.9582e-05 0)
(0.000108701 6.79132e-05 0)
(9.68405e-05 7.11718e-05 0)
(7.07995e-05 7.55899e-05 0)
(3.51401e-05 8.59285e-05 0)
(-4.51106e-06 0.000105843 0)
(-4.27813e-05 0.000137311 0)
(-7.53769e-05 0.000179531 0)
(-9.95422e-05 0.000229802 0)
(-0.000114106 0.000283784 0)
(-0.000118838 0.000336151 0)
(-0.000115274 0.000382078 0)
(-0.000104868 0.000418454 0)
(-8.93053e-05 0.000444237 0)
(-7.02768e-05 0.000459998 0)
(-4.92101e-05 0.000466497 0)
(-2.77398e-05 0.000468379 0)
(-6.00598e-06 0.00046385 0)
(1.57298e-05 0.000450484 0)
(3.6729e-05 0.000428227 0)
(5.59491e-05 0.000397671 0)
(7.28276e-05 0.000360035 0)
(8.75979e-05 0.000316661 0)
(0.000101169 0.000268455 0)
(0.000114678 0.000215635 0)
(0.000129101 0.000157713 0)
(0.000144944 9.39867e-05 0)
(0.000163048 2.34987e-05 0)
(0.000182863 -5.55221e-05 0)
(0.000201475 -0.000142926 0)
(0.000217733 -0.000238253 0)
(0.000229477 -0.000340959 0)
(0.000234177 -0.000449999 0)
(0.000228773 -0.000562515 0)
(0.000210387 -0.000672455 0)
(0.000178354 -0.000773292 0)
(0.000133968 -0.000858473 0)
(8.05877e-05 -0.00092239 0)
(2.2706e-05 -0.000961665 0)
(-3.49209e-05 -0.000974723 0)
(-8.66139e-05 -0.000961833 0)
(-0.00012772 -0.000926923 0)
(-0.000155251 -0.000874994 0)
(-0.000167568 -0.000812242 0)
(-0.000164455 -0.000744794 0)
(-0.000144273 -0.000678523 0)
(-0.000103069 -0.000622603 0)
(-4.13372e-05 -0.000587751 0)
(3.29971e-05 -0.000578102 0)
(0.000111026 -0.000594479 0)
(0.000175874 -0.000641083 0)
(0.000191744 -0.000709821 0)
(0.000124795 -0.000760716 0)
(-1.29033e-05 -0.000745816 0)
(-0.00016117 -0.000642826 0)
(-0.0002583 -0.000485357 0)
(-0.000292732 -0.000335083 0)
(-0.000288176 -0.000218377 0)
(-0.000268269 -0.000131065 0)
(-0.000244301 -6.19887e-05 0)
(-0.000220101 -4.48055e-06 0)
(-0.000196915 4.42801e-05 0)
(-0.000175335 8.56958e-05 0)
(-0.000155635 0.000120926 0)
(-0.000137735 0.000150889 0)
(-0.00012146 0.000176267 0)
(-0.000106635 0.000197578 0)
(-9.3096e-05 0.000215237 0)
(-8.06926e-05 0.000229589 0)
(-6.92854e-05 0.000240927 0)
(-5.87542e-05 0.000249519 0)
(-4.89886e-05 0.000255603 0)
(-3.98709e-05 0.000259365 0)
(-3.12799e-05 0.000260974 0)
(-2.31392e-05 0.000260538 0)
(-1.54016e-05 0.000258182 0)
(-7.99557e-06 0.000254032 0)
(-8.57137e-07 0.00024818 0)
(6.05472e-06 0.000240702 0)
(1.27751e-05 0.000231665 0)
(1.93326e-05 0.000221134 0)
(2.57572e-05 0.000209232 0)
(3.2085e-05 0.000196089 0)
(3.83314e-05 0.000181682 0)
(4.45138e-05 0.000166061 0)
(5.06484e-05 0.00014926 0)
(5.67458e-05 0.000131294 0)
(6.28039e-05 0.000112154 0)
(6.87954e-05 9.18134e-05 0)
(7.46593e-05 7.02536e-05 0)
(8.02993e-05 4.75026e-05 0)
(8.55979e-05 2.36726e-05 0)
(9.04454e-05 -1.03404e-06 0)
(9.47717e-05 -2.63594e-05 0)
(9.85619e-05 -5.20523e-05 0)
(0.00010185 -7.79192e-05 0)
(0.000104695 -0.000103847 0)
(0.000107159 -0.000129796 0)
(0.000109278 -0.000155773 0)
(0.00011153 -0.00018257 0)
(0.000113357 -0.000209491 0)
(0.000114697 -0.00023643 0)
(0.000115481 -0.000263334 0)
(0.000115615 -0.000290137 0)
(0.00011498 -0.000316762 0)
(0.000113435 -0.000343113 0)
(0.000110822 -0.000369074 0)
(0.000106963 -0.000394496 0)
(0.000101677 -0.000419198 0)
(9.47824e-05 -0.000442961 0)
(8.61071e-05 -0.000465533 0)
(7.54932e-05 -0.000486631 0)
(6.28081e-05 -0.00050593 0)
(4.7955e-05 -0.000523068 0)
(3.08893e-05 -0.000537646 0)
(1.16364e-05 -0.000549232 0)
(-9.66958e-06 -0.000557367 0)
(-3.29227e-05 -0.000561544 0)
(-5.76729e-05 -0.000561193 0)
(-8.33395e-05 -0.00055598 0)
(-0.000109539 -0.0005462 0)
(-0.000135403 -0.000530819 0)
(-0.000160014 -0.000509638 0)
(-0.00018248 -0.00048297 0)
(-0.000202058 -0.000451912 0)
(-0.000218651 -0.000419316 0)
(-0.00023383 -0.000391678 0)
(-0.000253401 -0.000383533 0)
(-0.00029077 -0.000419501 0)
(-0.000377757 -0.000539937 0)
(-0.00055779 -0.000786498 0)
(-0.000844859 -0.00115839 0)
(9.68458e-08 -3.17278e-05 0)
(5.93047e-05 -5.18828e-05 0)
(0.000112176 -4.19871e-05 0)
(0.000126155 -1.25921e-06 0)
(9.43158e-05 4.12179e-05 0)
(2.52782e-05 7.28524e-05 0)
(-6.36723e-05 8.23157e-05 0)
(-0.000147607 7.21978e-05 0)
(-0.000214746 5.16037e-05 0)
(-0.000255893 2.95258e-05 0)
(-0.000271057 1.13129e-05 0)
(-0.000267311 -4.64264e-06 0)
(-0.000250815 -2.07109e-05 0)
(-0.000225597 -3.09903e-05 0)
(-0.000203524 -2.6034e-05 0)
(-0.000200758 -9.50821e-06 0)
(-0.000219724 9.28917e-07 0)
(-0.000243825 -9.09919e-06 0)
(-0.000250542 -3.8757e-05 0)
(-0.000224225 -7.37683e-05 0)
(-0.000165665 -9.56627e-05 0)
(-9.17012e-05 -9.14369e-05 0)
(-2.3562e-05 -6.58351e-05 0)
(2.5707e-05 -2.94867e-05 0)
(4.54546e-05 1.40537e-05 0)
(3.32585e-05 4.2317e-05 0)
(4.33845e-07 8.60929e-07 0)
(6.67706e-06 -0.000110372 0)
(5.47236e-05 -0.000124697 0)
(7.09805e-05 -7.8786e-07 0)
(7.77467e-05 0.000251631 0)
(2.94214e-05 0.000465769 0)
(-5.35011e-05 0.000340484 0)
(3.17476e-05 -0.000175058 0)
(0.000517115 -0.000656526 0)
(0.00106939 -0.000532421 0)
(0.00126234 -0.000308327 0)
(0.00143648 -0.000331476 0)
(0.00167931 -0.000295004 0)
(0.00186037 -0.00026332 0)
(0.00205199 -0.00025797 0)
(0.00223215 -0.000237066 0)
(0.00239718 -0.00022599 0)
(0.00255186 -0.000206768 0)
(0.00268367 -0.000184281 0)
(0.00279462 -0.0001574 0)
(0.00287877 -0.000125622 0)
(0.00293546 -9.21549e-05 0)
(0.00296316 -5.6928e-05 0)
(0.00296036 -2.14098e-05 0)
(0.00292782 1.48616e-05 0)
(0.00286499 5.22957e-05 0)
(0.00277043 9.10774e-05 0)
(0.00264368 0.000131051 0)
(0.00248386 0.00017167 0)
(0.00229125 0.000212235 0)
(0.0020664 0.000251893 0)
(0.00181084 0.000289662 0)
(0.00152674 0.000324604 0)
(0.00121709 0.000355802 0)
(0.000885465 0.000382485 0)
(0.000535994 0.000403899 0)
(0.000173787 0.000419723 0)
(-0.000197383 0.00042903 0)
(-0.000572795 0.000432821 0)
(-0.000946865 0.000430328 0)
(-0.00131559 0.000422279 0)
(-0.00167435 0.000408486 0)
(-0.00201871 0.000389194 0)
(-0.00234465 0.000364399 0)
(-0.00264771 0.000333271 0)
(-0.00292266 0.000297492 0)
(-0.00316724 0.000256764 0)
(-0.00337585 0.000208973 0)
(-0.00354347 0.000159467 0)
(-0.0036711 0.000103805 0)
(-0.00375033 4.76061e-05 0)
(-0.00378845 -1.11888e-05 0)
(-0.00377476 -7.36774e-05 0)
(-0.00372692 -0.000131862 0)
(-0.00362723 -0.000202283 0)
(-0.00348428 -0.000252645 0)
(-0.00330446 -0.000343441 0)
(-0.00304447 -0.000405848 0)
(-0.00277901 -0.000534896 0)
(-0.00232219 -0.000653217 0)
(-0.00195263 -0.000727103 0)
(-0.0012471 -0.00111065 0)
(-0.000191163 -0.000645545 0)
(0.000104123 0.00014892 0)
(4.4961e-05 0.000257616 0)
(-6.11723e-05 0.000189639 0)
(-0.000106905 8.52363e-05 0)
(-9.32108e-05 1.44124e-05 0)
(-5.87339e-05 -1.53533e-05 0)
(-3.30469e-05 -1.4398e-05 0)
(-3.15404e-05 -1.67951e-06 0)
(-4.7747e-05 -2.31188e-06 0)
(-5.40887e-05 -2.43478e-05 0)
(-9.10494e-06 -4.60591e-05 0)
(-5.09855e-05 -1.91347e-05 0)
(-4.93108e-05 -8.44923e-05 0)
(-3.57886e-05 -0.000127895 0)
(8.06671e-07 -0.000118939 0)
(5.15791e-05 -4.69573e-05 0)
(9.1997e-05 7.24483e-05 0)
(0.000109942 0.00021006 0)
(0.000113788 0.000349419 0)
(0.000112141 0.000484999 0)
(0.000107828 0.000614895 0)
(0.00010165 0.000737839 0)
(9.34893e-05 0.000852408 0)
(8.27688e-05 0.000956213 0)
(6.96296e-05 0.00104584 0)
(5.58847e-05 0.00111845 0)
(4.51003e-05 0.00117408 0)
(3.94965e-05 0.00121662 0)
(3.58042e-05 0.00125089 0)
(2.54595e-05 0.00127195 0)
(1.47664e-06 0.00126716 0)
(-3.38085e-05 0.00122188 0)
(-7.34599e-05 0.00113011 0)
(-0.000109838 0.000996183 0)
(-0.00013607 0.000831669 0)
(-0.000148147 0.000651251 0)
(-0.0001437 0.000469841 0)
(-0.000120931 0.000301355 0)
(-7.64696e-05 0.000164346 0)
(-1.10366e-05 8.08395e-05 0)
(7.78943e-05 8.15199e-05 0)
(0.000175024 0.000175492 0)
(0.000236121 0.000345907 0)
(0.000237113 0.000559853 0)
(0.000171794 0.000755138 0)
(5.42908e-05 0.000861957 0)
(-7.52297e-05 0.000839593 0)
(-0.000174241 0.000732524 0)
(-0.000222987 0.00052749 0)
(-0.000225985 0.000239565 0)
(-0.0001214 -8.90936e-05 0)
(0.000103696 -0.000307018 0)
(0.000231406 -0.000396026 0)
(0.00028992 -0.000400859 0)
(0.000210796 -0.000257131 0)
(-0.000199166 -7.47499e-05 0)
(-0.000717778 -0.000118074 0)
(-0.000938616 -0.000344167 0)
(-0.000802852 -0.000568443 0)
(-0.000347576 -0.000670186 0)
(0.000313677 -0.000637016 0)
(0.00113577 -0.000198876 0)
(0.00125461 0.000533107 0)
(0.000709151 0.000862653 0)
(0.000361802 0.000900941 0)
(8.76733e-05 0.0010455 0)
(-0.00026601 0.00118294 0)
(-0.000516912 0.00122492 0)
(-0.000629305 0.00122464 0)
(-0.000596027 0.00120647 0)
(-0.000435812 0.00122954 0)
(-0.000168243 0.00131534 0)
(0.000246547 0.00147417 0)
(0.000819445 0.0017914 0)
(0.00135584 0.00241384 0)
(0.00136524 0.00326169 0)
(0.000707703 0.00380608 0)
(0.00012193 0.00377237 0)
(0.000126065 0.0036293 0)
(0.00027859 0.00375627 0)
(0.000164044 0.00392929 0)
(2.70962e-06 0.00392104 0)
(1.31659e-05 0.00387053 0)
(4.53832e-05 0.00390254 0)
(-9.41132e-06 0.00393173 0)
(-5.61937e-05 0.00390294 0)
(-5.21141e-05 0.00387649 0)
(-5.72016e-05 0.00387593 0)
(-8.2406e-05 0.00386698 0)
(-9.09921e-05 0.00384666 0)
(-8.1119e-05 0.00383672 0)
(-6.87577e-05 0.00383615 0)
(-4.70067e-05 0.00383342 0)
(-3.80935e-06 0.00383247 0)
(5.81313e-05 0.00384215 0)
(0.00013163 0.00387161 0)
(0.000209063 0.00392052 0)
(0.00027311 0.00399257 0)
(0.000299634 0.00408131 0)
(0.000274271 0.00416683 0)
(0.000203879 0.00422556 0)
(0.000114137 0.00424346 0)
(3.55672e-05 0.00422365 0)
(-1.38946e-05 0.00418409 0)
(-3.81944e-05 0.00414418 0)
(-5.27832e-05 0.0041101 0)
(-6.71904e-05 0.00407745 0)
(-8.08727e-05 0.00404172 0)
(-8.94505e-05 0.00400357 0)
(-9.10229e-05 0.00396692 0)
(-8.72434e-05 0.00393488 0)
(-8.07675e-05 0.00390812 0)
(-7.32414e-05 0.003886 0)
(-6.52803e-05 0.00386785 0)
(-5.73291e-05 0.0038536 0)
(-5.00988e-05 0.00384237 0)
(-4.44572e-05 0.00383319 0)
(-4.10964e-05 0.00382526 0)
(-4.03192e-05 0.00381749 0)
(-4.19593e-05 0.00380859 0)
(-4.52691e-05 0.00379775 0)
(-4.8854e-05 0.00378452 0)
(-5.06615e-05 0.00376897 0)
(-4.80663e-05 0.00375164 0)
(-3.79362e-05 0.00373351 0)
(-1.66728e-05 0.00371589 0)
(1.95901e-05 0.00370068 0)
(7.47313e-05 0.00369109 0)
(0.000150294 0.00369414 0)
(0.000240899 0.00372073 0)
(0.000330227 0.00378255 0)
(0.000391216 0.00388317 0)
(0.000396443 0.00400743 0)
(0.00033656 0.00412109 0)
(0.000232004 0.00418919 0)
(0.000122066 0.00420095 0)
(3.75603e-05 0.00417524 0)
(-1.62497e-05 0.00413988 0)
(-5.35335e-05 0.00410994 0)
(-8.99779e-05 0.00408095 0)
(-0.000129056 0.00404194 0)
(-0.000165861 0.00398921 0)
(-0.000196485 0.00392694 0)
(-0.000221545 0.00386018 0)
(-0.000243551 0.00379034 0)
(-0.00026388 0.0037166 0)
(-0.000282497 0.00363852 0)
(-0.0002991 0.00355676 0)
(-0.000313805 0.00347228 0)
(-0.000326977 0.00338567 0)
(-0.000338957 0.00329725 0)
(-0.000349939 0.00320719 0)
(-0.000360069 0.00311576 0)
(-0.000369478 0.00302317 0)
(-0.000378289 0.00292965 0)
(-0.000386637 0.00283532 0)
(-0.000394606 0.00274033 0)
(-0.000402312 0.00264478 0)
(-0.000409843 0.00254874 0)
(-0.000417264 0.00245227 0)
(-0.000424641 0.00235541 0)
(-0.000432037 0.0022582 0)
(-0.000439509 0.00216067 0)
(-0.000447112 0.00206283 0)
(-0.000454917 0.00196469 0)
(-0.000462963 0.00186621 0)
(-0.000471313 0.00176743 0)
(-0.000480028 0.00166827 0)
(-0.00048915 0.00156874 0)
(-0.000498754 0.0014688 0)
(-0.000508885 0.00136841 0)
(-0.000519645 0.00126755 0)
(-0.000531131 0.00116615 0)
(-0.000543418 0.00106406 0)
(-0.000556528 0.000961149 0)
(-0.000570438 0.000857358 0)
(-0.000585187 0.00075263 0)
(-0.000600994 0.000646818 0)
(-0.000617848 0.000539405 0)
(-0.000642106 0.000435174 0)
(-0.000669385 0.000328855 0)
(-0.00069796 0.000218777 0)
(-0.000727139 0.00010471 0)
(-0.000755983 -1.30657e-05 0)
(-0.000783234 -0.000133247 0)
(-0.000809502 -0.000254162 0)
(-0.000836406 -0.000375191 0)
(-0.000864942 -0.000496228 0)
(-0.00089619 -0.000617654 0)
(-0.000931208 -0.00074016 0)
(-0.000970645 -0.000864708 0)
(-0.00102196 -0.000998562 0)
(-0.001079 -0.00113633 0)
(-0.00114213 -0.00127825 0)
(-0.00121198 -0.0014247 0)
(-0.00128934 -0.00157609 0)
(-0.00137517 -0.00173283 0)
(-0.00147052 -0.0018955 0)
(-0.00157648 -0.00206454 0)
(-0.00169436 -0.00224094 0)
(-0.00182544 -0.00242449 0)
(-0.00197165 -0.00261813 0)
(-0.00213379 -0.00281809 0)
(-0.00231595 -0.00303551 0)
(-0.00251546 -0.00324987 0)
(-0.00274489 -0.00350737 0)
(-0.00298451 -0.0037171 0)
(-0.00327891 -0.00406415 0)
(-0.00353315 -0.00418555 0)
(-0.00389349 -0.00477531 0)
(-0.00390484 -0.00443272 0)
)
;
    }
    frontAndBack
    {
        type            empty;
    }
}


// ************************************************************************* //
