/*--------------------------------*- C++ -*----------------------------------*\
  =========                 |
  \\      /  F ield         | OpenFOAM: The Open Source CFD Toolbox
   \\    /   O peration     | Website:  https://openfoam.org
    \\  /    A nd           | Version:  7
     \\/     M anipulation  |
\*---------------------------------------------------------------------------*/
FoamFile
{
    version     2.0;
    format      ascii;
    class       volScalarField;
    location    "0.2";
    object      yPlus;
}
// * * * * * * * * * * * * * * * * * * * * * * * * * * * * * * * * * * * * * //

dimensions      [0 0 0 0 0 0 0];

internalField   uniform 0;

boundaryField
{
    velocityInlet
    {
        type            calculated;
        value           uniform 0;
    }
    pressureOutlet
    {
        type            calculated;
        value           uniform 0;
    }
    fixedWalls
    {
        type            calculated;
        value           nonuniform List<scalar> 
100
(
2.09012
0.630568
0.73323
0.627191
0.666506
0.757281
0.991015
1.20601
1.27679
0.996835
0.819369
1.51334
1.69456
1.52377
1.10032
0.382046
0.77962
1.00283
1.08256
1.10028
1.09048
1.06897
1.0424
1.01294
0.980493
0.944559
0.905869
0.867185
0.831556
0.795344
0.740192
0.631671
0.422451
0.235015
0.443209
0.437753
0.256289
0.333866
0.525928
0.631871
0.689105
0.715899
0.724549
0.724256
0.72251
0.7251
0.735265
0.753413
0.779112
0.814331
0.861575
0.91465
0.952998
0.946755
0.871841
0.73354
0.589162
0.558896
0.696032
0.895006
1.07328
1.21315
1.32538
1.41425
1.4582
1.41661
1.22443
0.731615
0.813786
1.27891
1.45608
1.42357
1.22175
0.885343
0.359496
0.607233
0.829211
0.932643
0.984933
1.01817
1.04925
1.08275
1.11465
1.13818
1.14914
1.14621
1.128
1.08799
1.01178
0.879488
0.66224
0.227567
0.564954
0.780064
0.858814
0.848092
0.735696
0.524578
0.133348
0.65356
)
;
    }
    bottomWall
    {
        type            calculated;
        value           nonuniform List<scalar> 
800
(
2.94479
1.98391
1.61345
1.44037
1.35527
1.29667
1.24776
1.20668
1.17217
1.14264
1.11687
1.09407
1.07369
1.05533
1.03867
1.02346
1.0095
0.996623
0.984701
0.973621
0.96329
0.953628
0.944567
0.93605
0.928024
0.920446
0.913276
0.906482
0.900031
0.893897
0.888057
0.882488
0.877171
0.872088
0.867225
0.862565
0.858097
0.853809
0.849689
0.845727
0.841916
0.838244
0.834707
0.831295
0.828003
0.824825
0.821753
0.818784
0.815911
0.813133
0.810803
0.808874
0.806964
0.805079
0.803219
0.801382
0.799568
0.797775
0.796005
0.794256
0.792528
0.79082
0.789133
0.787465
0.785815
0.784185
0.782574
0.78098
0.779405
0.777846
0.776305
0.774781
0.773272
0.771781
0.770305
0.768845
0.7674
0.76597
0.764555
0.763154
0.761768
0.760395
0.759036
0.757692
0.75636
0.755041
0.753735
0.752441
0.751161
0.749892
0.748636
0.747391
0.746158
0.744936
0.743726
0.742527
0.741338
0.74016
0.738993
0.737837
0.736691
0.735555
0.73443
0.733314
0.732207
0.731111
0.730024
0.728946
0.727878
0.726818
0.725768
0.724727
0.723694
0.72267
0.721655
0.720648
0.719649
0.718659
0.717676
0.716702
0.715736
0.714776
0.713826
0.712882
0.711946
0.711018
0.710097
0.709183
0.708276
0.707376
0.706483
0.705597
0.704719
0.703846
0.702981
0.702121
0.701268
0.700421
0.699581
0.698748
0.69792
0.697098
0.696282
0.695472
0.694669
0.69387
0.693077
0.69229
0.691509
0.690733
0.690081
0.689548
0.689013
0.688478
0.68794
0.687403
0.686864
0.686323
0.685782
0.685239
0.684696
0.684152
0.683605
0.683059
0.68251
0.681962
0.681411
0.680861
0.680308
0.679754
0.6792
0.678645
0.678088
0.677531
0.676972
0.676412
0.675851
0.675289
0.674726
0.674162
0.673597
0.673031
0.672464
0.671895
0.671326
0.670756
0.670184
0.669613
0.669039
0.668464
0.667889
0.667312
0.666734
0.666156
0.665576
0.664995
0.664412
0.66383
0.663246
0.66266
0.662073
0.661485
0.660896
0.660306
0.659715
0.659123
0.658529
0.657934
0.657338
0.656741
0.656143
0.655542
0.654941
0.654339
0.653735
0.653129
0.652524
0.651915
0.651305
0.650694
0.650083
0.649468
0.648853
0.648236
0.647617
0.646996
0.646375
0.645751
0.645124
0.644497
0.643868
0.643235
0.642603
0.641964
0.641331
0.640683
0.640051
0.63939
0.638765
0.638078
0.637479
0.636741
0.636197
0.635366
0.634934
0.633934
0.633703
0.632443
0.632501
0.6309
2.94479
1.98389
1.61339
1.44023
1.35505
1.29636
1.24735
1.20617
1.17155
1.14189
1.11598
1.09303
1.07249
1.05394
1.03706
1.02161
1.00738
0.994211
0.981971
0.970546
0.959844
0.949784
0.940299
0.931331
0.922828
0.914747
0.907048
0.899697
0.892665
0.885922
0.879447
0.873217
0.867215
0.861422
0.855827
0.850417
0.845183
0.840125
0.835221
0.83053
0.825937
0.821715
0.817395
0.813979
0.809759
0.808127
0.803391
0.805957
0.801509
0.781552
0.374323
0.838579
1.20496
1.48783
1.75247
2.02865
2.31457
2.58993
2.83104
3.01591
3.14277
3.21426
3.23142
3.18493
3.0071
2.60306
1.94818
1.2422
1.42234
1.73425
1.8094
1.79946
1.6935
1.50939
1.25391
0.911615
0.475479
0.821089
1.12793
1.33606
1.4786
1.57
1.61888
1.63262
1.61973
1.5908
1.55974
1.54609
1.56854
1.6412
1.77037
1.95244
2.17632
2.42825
2.69564
2.96867
3.23944
3.50156
3.75022
3.98204
4.19439
4.38526
4.55295
4.69591
4.8126
4.90285
4.96418
4.99191
4.98187
4.93253
4.8401
4.70227
4.51841
4.29197
4.02435
3.71763
3.38266
3.00955
2.5569
1.95149
1.22748
1.3905
1.79856
1.98024
1.95159
1.74366
1.36635
0.954123
1.06204
1.24052
1.28202
1.24805
1.15704
1.01625
0.891973
0.875032
0.903655
0.907957
0.874023
0.805892
0.708282
0.594963
0.495362
0.425438
0.344429
0.173048
0.397147
0.610366
0.800848
0.979767
1.15068
1.31487
1.47296
1.62428
1.76844
1.90513
2.0341
2.15517
2.26834
2.37324
2.46975
2.55778
2.63731
2.70837
2.77105
2.82545
2.87175
2.91013
2.94089
2.9644
2.98076
2.99022
2.99305
2.98958
2.98028
2.96549
2.94564
2.92122
2.89272
2.86074
2.82592
2.78894
2.75055
2.71153
2.67267
2.63472
2.5984
2.56431
2.53291
2.50452
2.47927
2.45713
2.43794
2.42143
2.40726
2.39508
2.38453
2.37526
2.36694
2.35924
2.35183
2.3444
2.33661
2.32813
2.31865
2.30788
2.29555
2.28144
2.26535
2.24711
2.22661
2.20373
2.17841
2.15059
2.12022
2.08728
2.05175
2.01361
1.97283
1.92939
1.88326
1.83438
1.7827
1.72813
1.67058
1.60994
1.54608
1.47887
1.40819
1.33439
1.25778
1.17816
1.09662
1.01585
0.941541
0.884084
0.857166
0.868761
0.912585
0.974093
1.04071
1.10445
1.16027
1.20431
1.23226
1.24071
1.23977
1.29429
1.54902
2.04954
0.331298
0.822777
1.09359
1.27457
1.39425
1.45548
1.4544
1.38212
1.22355
0.960432
0.83443
1.27888
1.76482
2.21772
2.63366
2.99744
3.28458
3.46026
3.50812
3.44159
3.28202
3.044
2.78794
2.53177
2.29654
1.97147
1.9805
2.6226
2.71257
2.16682
1.17516
2.78753
3.41173
3.87095
4.31466
4.67124
4.98635
5.25233
5.49203
5.70791
5.9059
6.08806
6.25415
6.40378
6.53365
6.64104
6.72199
6.77376
6.7921
6.77128
6.71
6.59995
6.43084
6.19058
5.86204
5.42393
4.84607
4.0819
3.06799
2.30449
3.38676
4.51423
5.43051
6.18136
6.78879
7.26053
7.60002
7.80323
7.87252
7.78467
7.55524
7.14306
6.52475
5.69219
4.65223
3.41994
2.32655
3.2267
4.41131
5.07189
5.12122
4.96852
4.73058
4.61683
4.74586
5.04979
5.34004
5.49916
5.52759
5.43745
5.24368
4.94661
4.52589
3.96273
3.24415
2.35566
1.5976
1.98709
2.04365
1.15136
1.30089
1.87701
1.99695
1.60018
0.619747
1.79426
2.66221
3.03341
3.0249
2.55308
1.5066
2.53554
3.56385
4.19021
4.53052
4.65928
4.63979
4.5315
4.38714
4.22944
4.06131
3.86511
3.60718
3.23427
2.68969
1.92626
1.3019
1.92619
2.20271
2.07283
1.76957
1.4848
1.19779
1.12645
1.02356
0.918569
1.20726
1.21226
1.0993
1.29522
1.88816
2.23486
2.2843
2.09358
1.72073
1.46648
1.48751
1.34597
1.31147
1.16062
0.687913
1.25769
2.00686
2.65023
3.19379
3.62787
3.93321
4.09099
4.12301
4.072
3.69895
2.97265
2.15988
2.49955
3.3188
4.01332
4.53104
4.80043
4.83102
4.89613
5.20891
5.458
5.56371
6.16428
7.08969
7.65731
7.93307
8.1083
8.25587
8.31197
8.30649
8.28215
8.22811
8.15535
8.07545
7.98522
7.89148
7.79748
7.70289
7.61071
7.52172
7.43614
7.35503
7.27856
7.20689
7.14037
7.07915
7.02355
6.97403
6.93117
6.89579
6.86883
6.85143
6.84531
6.85112
6.86896
6.89911
6.94024
6.98923
7.04228
7.09612
7.14867
7.19853
7.24396
7.28273
7.3128
7.333
7.34307
7.34366
7.33598
7.32166
7.3013
7.2754
7.2446
7.20957
7.17095
7.12931
7.08514
7.03897
6.99125
6.94242
6.89286
6.84293
6.79293
6.74315
6.69384
6.64522
6.59744
6.55069
6.50507
6.46069
6.4176
6.37587
6.33551
6.29653
6.2589
6.2226
6.18757
6.15377
6.12109
6.08946
6.05877
6.02892
5.99979
5.97123
5.94311
5.91527
5.88757
5.85982
5.83186
5.80349
5.77451
5.74472
5.71391
5.68185
5.64829
5.613
5.5757
5.53613
5.494
5.449
5.40081
5.3491
5.2935
5.23364
5.16912
5.0995
5.02438
4.94327
4.85571
4.76121
4.65934
4.55966
4.45492
4.34482
4.2296
4.11025
3.98925
3.87226
3.77031
3.70185
3.69063
3.75729
3.91161
4.15331
4.45856
4.8157
5.17966
5.65448
5.88413
)
;
    }
    frontAndBack
    {
        type            empty;
    }
}


// ************************************************************************* //
