/*--------------------------------*- C++ -*----------------------------------*\
  =========                 |
  \\      /  F ield         | OpenFOAM: The Open Source CFD Toolbox
   \\    /   O peration     | Website:  https://openfoam.org
    \\  /    A nd           | Version:  7
     \\/     M anipulation  |
\*---------------------------------------------------------------------------*/
FoamFile
{
    version     2.0;
    format      ascii;
    class       volVectorField;
    location    "0.02";
    object      wallShearStress;
}
// * * * * * * * * * * * * * * * * * * * * * * * * * * * * * * * * * * * * * //

dimensions      [0 2 -2 0 0 0 0];

internalField   uniform (0 0 0);

boundaryField
{
    velocityInlet
    {
        type            calculated;
        value           uniform (0 0 0);
    }
    pressureOutlet
    {
        type            calculated;
        value           uniform (0 0 0);
    }
    fixedWalls
    {
        type            calculated;
        value           nonuniform List<vector> 
100
(
(-0.0111391 -0.00665272 0)
(0.0112959 -0.000903943 0)
(-0.00169746 0.000647134 0)
(0.00172876 -3.47552e-05 0)
(-0.000982753 0.000194741 0)
(-0.0014219 0.000247519 0)
(-0.00324291 0.000167528 0)
(-0.00346112 0.000106101 0)
(-0.00217582 -0.000251867 0)
(0.00200396 -0.000699721 0)
(0.00805018 -0.00109354 0)
(0.0134245 -0.000982054 0)
(0.015047 -0.000287839 0)
(0.0109957 0.000667951 0)
(0.000757091 0.00102711 0)
(-0.00728888 0.000578135 0)
(-0.00916151 7.24654e-05 0)
(-0.0078558 -0.0001532 0)
(-0.00646687 -0.000137172 0)
(-0.00649505 7.01145e-05 0)
(-0.00821017 0.000282203 0)
(-0.010726 0.000359148 0)
(-0.0127599 0.000352743 0)
(-0.0126126 9.43662e-05 0)
(-0.00838589 -0.000608998 0)
(0.000362327 -0.00121225 0)
(0.00965758 -0.00146496 0)
(0.0171228 -0.00121118 0)
(0.0216133 -0.000757074 0)
(0.0229459 -0.000273624 0)
(0.0213505 0.000165688 0)
(0.017488 0.000485434 0)
(0.0123663 0.000631847 0)
(0.00709926 0.000605042 0)
(0.00271926 0.000441296 0)
(-0.000277587 0.000289071 0)
(-0.00213451 0.000161232 0)
(-0.00353321 9.88614e-05 0)
(-0.00516558 0.000112249 0)
(-0.00691291 0.000159512 0)
(-0.00799657 0.000149107 0)
(-0.00795746 2.29969e-05 0)
(-0.00650758 -0.000193535 0)
(-0.00401764 -0.000296795 0)
(-0.00280406 -7.51241e-05 0)
(-0.00468789 0.000283474 0)
(-0.00791363 0.00032323 0)
(-0.0103492 0.000214867 0)
(-0.0119529 0.000212277 0)
(-0.0127029 0.000186275 0)
(-0.0115013 -7.90163e-05 0)
(-0.00792303 -0.000395522 0)
(-0.00278555 -0.000572405 0)
(0.00213732 -0.000559974 0)
(0.00580105 -0.000441611 0)
(0.00793055 -0.000267898 0)
(0.0086168 -0.000104905 0)
(0.00818363 1.85044e-05 0)
(0.00704383 9.11518e-05 0)
(0.00555556 0.000122956 0)
(0.003907 0.000135406 0)
(0.00202386 0.000159539 0)
(-0.000442553 0.000203472 0)
(-0.00369239 0.000261282 0)
(-0.00698429 0.000266795 0)
(-0.00907136 0.000165947 0)
(-0.00943537 2.30668e-05 0)
(-0.00856361 -8.03866e-05 0)
(-0.00711453 -0.000138926 0)
(-0.00546482 -0.000165347 0)
(-0.00474728 -5.13553e-05 0)
(-0.0061935 0.000153533 0)
(-0.00851624 0.000160139 0)
(-0.00953634 1.85013e-05 0)
(-0.00955013 5.95814e-06 0)
(-0.0100818 0.000125583 0)
(-0.0109893 0.000153027 0)
(-0.0109497 4.74358e-05 0)
(-0.00921536 -0.000119469 0)
(-0.00587146 -0.000302711 0)
(-0.00134925 -0.000417313 0)
(0.00346115 -0.000463119 0)
(0.00770779 -0.000421133 0)
(0.0106914 -0.000295552 0)
(0.0120115 -0.000131647 0)
(0.0116649 2.79296e-05 0)
(0.010004 0.000145128 0)
(0.00754373 0.000208878 0)
(0.00480183 0.000223401 0)
(0.0021729 0.000202764 0)
(-9.32208e-05 0.000171027 0)
(-0.00190948 0.00013123 0)
(-0.00327714 9.52558e-05 0)
(-0.00428046 6.77052e-05 0)
(-0.0049763 4.57595e-05 0)
(-0.00548125 3.33024e-05 0)
(-0.00581256 2.1005e-05 0)
(-0.00608189 1.92219e-05 0)
(-0.00624235 9.87641e-06 0)
(-0.00644751 1.10793e-05 0)
)
;
    }
    bottomWall
    {
        type            calculated;
        value           nonuniform List<vector> 
800
(
(-0.035349 0.00214394 0)
(-0.0160279 0.000524771 0)
(-0.0106109 0.000100639 0)
(-0.00846126 3.51826e-05 0)
(-0.00749389 1.97771e-05 0)
(-0.00686292 1.60296e-05 0)
(-0.00635839 1.32566e-05 0)
(-0.0059504 1.07933e-05 0)
(-0.00561901 8.96407e-06 0)
(-0.00534374 7.64004e-06 0)
(-0.00511005 6.63546e-06 0)
(-0.00490846 5.83993e-06 0)
(-0.00473253 5.19332e-06 0)
(-0.00457752 4.65829e-06 0)
(-0.00443986 4.20885e-06 0)
(-0.00431679 3.82621e-06 0)
(-0.00420614 3.49648e-06 0)
(-0.00410618 3.2092e-06 0)
(-0.00401553 2.95634e-06 0)
(-0.00393304 2.73181e-06 0)
(-0.00385778 2.5307e-06 0)
(-0.00378896 2.3491e-06 0)
(-0.00372592 2.184e-06 0)
(-0.0036681 2.03274e-06 0)
(-0.00361504 1.89322e-06 0)
(-0.00356632 1.764e-06 0)
(-0.0035216 1.64354e-06 0)
(-0.00348055 1.53059e-06 0)
(-0.00344291 1.42436e-06 0)
(-0.00340845 1.32412e-06 0)
(-0.00337692 1.22923e-06 0)
(-0.00334814 1.13898e-06 0)
(-0.00332193 1.0531e-06 0)
(-0.00329812 9.71363e-07 0)
(-0.00327654 8.93471e-07 0)
(-0.00325706 8.19281e-07 0)
(-0.00323952 7.48558e-07 0)
(-0.0032238 6.81251e-07 0)
(-0.00320975 6.17297e-07 0)
(-0.00319726 5.56453e-07 0)
(-0.00318619 4.98718e-07 0)
(-0.00317644 4.44174e-07 0)
(-0.00316787 3.93645e-07 0)
(-0.00316035 3.47371e-07 0)
(-0.00315375 3.06221e-07 0)
(-0.00314794 2.70404e-07 0)
(-0.00314277 2.412e-07 0)
(-0.00313814 2.17168e-07 0)
(-0.00313392 1.99566e-07 0)
(-0.00313005 1.84997e-07 0)
(-0.00312692 1.75355e-07 0)
(-0.00312438 1.73292e-07 0)
(-0.00312189 1.7005e-07 0)
(-0.00311946 1.65617e-07 0)
(-0.00311709 1.61788e-07 0)
(-0.00311479 1.58567e-07 0)
(-0.00311255 1.55262e-07 0)
(-0.00311038 1.5142e-07 0)
(-0.00310827 1.47353e-07 0)
(-0.00310623 1.43049e-07 0)
(-0.00310425 1.38354e-07 0)
(-0.00310235 1.33467e-07 0)
(-0.00310052 1.28441e-07 0)
(-0.00309876 1.23337e-07 0)
(-0.00309707 1.18383e-07 0)
(-0.00309544 1.13799e-07 0)
(-0.00309387 1.09467e-07 0)
(-0.00309235 1.05416e-07 0)
(-0.00309089 1.01668e-07 0)
(-0.00308948 9.83964e-08 0)
(-0.00308811 9.55995e-08 0)
(-0.00308677 9.30972e-08 0)
(-0.00308547 9.0877e-08 0)
(-0.0030842 8.87505e-08 0)
(-0.00308296 8.70295e-08 0)
(-0.00308174 8.53546e-08 0)
(-0.00308056 8.37097e-08 0)
(-0.00307939 8.2245e-08 0)
(-0.00307824 8.07853e-08 0)
(-0.00307712 7.93244e-08 0)
(-0.00307602 7.80345e-08 0)
(-0.00307494 7.6921e-08 0)
(-0.00307387 7.56612e-08 0)
(-0.00307282 7.47634e-08 0)
(-0.00307178 7.39091e-08 0)
(-0.00307076 7.29401e-08 0)
(-0.00306975 7.21969e-08 0)
(-0.00306876 7.16747e-08 0)
(-0.00306777 7.12018e-08 0)
(-0.00306679 7.05917e-08 0)
(-0.00306583 7.03198e-08 0)
(-0.00306486 6.98507e-08 0)
(-0.00306392 6.91588e-08 0)
(-0.00306298 6.85519e-08 0)
(-0.00306205 6.78525e-08 0)
(-0.00306113 6.68941e-08 0)
(-0.00306023 6.57027e-08 0)
(-0.00305935 6.46459e-08 0)
(-0.00305847 6.36074e-08 0)
(-0.00305761 6.28021e-08 0)
(-0.00305675 6.22795e-08 0)
(-0.00305591 6.19026e-08 0)
(-0.00305506 6.16841e-08 0)
(-0.00305423 6.16046e-08 0)
(-0.0030534 6.16245e-08 0)
(-0.00305257 6.16757e-08 0)
(-0.00305176 6.168e-08 0)
(-0.00305094 6.12167e-08 0)
(-0.00305015 6.03819e-08 0)
(-0.00304937 5.92878e-08 0)
(-0.00304861 5.75823e-08 0)
(-0.00304788 5.56114e-08 0)
(-0.00304716 5.32666e-08 0)
(-0.00304648 5.06352e-08 0)
(-0.00304582 4.83367e-08 0)
(-0.00304519 4.63326e-08 0)
(-0.00304457 4.45908e-08 0)
(-0.00304397 4.35523e-08 0)
(-0.00304337 4.34567e-08 0)
(-0.00304278 4.38137e-08 0)
(-0.00304219 4.47399e-08 0)
(-0.0030416 4.61119e-08 0)
(-0.003041 4.72565e-08 0)
(-0.00304042 4.82971e-08 0)
(-0.00303983 4.86961e-08 0)
(-0.00303926 4.81063e-08 0)
(-0.00303871 4.6574e-08 0)
(-0.00303819 4.38747e-08 0)
(-0.00303772 4.05304e-08 0)
(-0.00303727 3.62904e-08 0)
(-0.00303687 3.16453e-08 0)
(-0.00303651 2.72874e-08 0)
(-0.00303618 2.29623e-08 0)
(-0.00303588 1.95968e-08 0)
(-0.00303558 1.76703e-08 0)
(-0.00303529 1.74597e-08 0)
(-0.00303497 1.92469e-08 0)
(-0.00303462 2.31702e-08 0)
(-0.00303421 2.94874e-08 0)
(-0.00303373 3.73411e-08 0)
(-0.00303318 4.63602e-08 0)
(-0.00303256 5.59742e-08 0)
(-0.00303186 6.49649e-08 0)
(-0.0030311 7.24109e-08 0)
(-0.0030303 7.8077e-08 0)
(-0.00302949 8.10233e-08 0)
(-0.00302867 8.14535e-08 0)
(-0.00302788 7.9388e-08 0)
(-0.00302712 7.55186e-08 0)
(-0.00302642 7.02037e-08 0)
(-0.00302585 6.46794e-08 0)
(-0.00302543 6.0511e-08 0)
(-0.00302502 5.691e-08 0)
(-0.00302463 5.27428e-08 0)
(-0.00302427 4.92382e-08 0)
(-0.00302391 4.66163e-08 0)
(-0.00302357 4.41251e-08 0)
(-0.00302324 4.23934e-08 0)
(-0.0030229 4.13497e-08 0)
(-0.00302257 4.05004e-08 0)
(-0.00302224 3.98204e-08 0)
(-0.00302191 3.92835e-08 0)
(-0.00302158 3.92819e-08 0)
(-0.00302123 3.93726e-08 0)
(-0.00302089 3.92902e-08 0)
(-0.00302054 3.97253e-08 0)
(-0.00302017 4.02069e-08 0)
(-0.0030198 4.0518e-08 0)
(-0.00301942 4.10812e-08 0)
(-0.00301904 4.19075e-08 0)
(-0.00301863 4.27589e-08 0)
(-0.00301822 4.34435e-08 0)
(-0.0030178 4.43551e-08 0)
(-0.00301736 4.52926e-08 0)
(-0.00301691 4.62334e-08 0)
(-0.00301644 4.73969e-08 0)
(-0.00301596 4.83476e-08 0)
(-0.00301547 4.95073e-08 0)
(-0.00301496 5.04481e-08 0)
(-0.00301444 5.1384e-08 0)
(-0.00301391 5.24983e-08 0)
(-0.00301336 5.35897e-08 0)
(-0.00301279 5.44638e-08 0)
(-0.00301222 5.53268e-08 0)
(-0.00301162 5.63407e-08 0)
(-0.00301102 5.71549e-08 0)
(-0.0030104 5.7938e-08 0)
(-0.00300976 5.87024e-08 0)
(-0.00300912 5.94426e-08 0)
(-0.00300846 6.01504e-08 0)
(-0.00300779 6.08343e-08 0)
(-0.00300711 6.14994e-08 0)
(-0.00300641 6.21356e-08 0)
(-0.0030057 6.27637e-08 0)
(-0.00300498 6.3182e-08 0)
(-0.00300426 6.37654e-08 0)
(-0.00300351 6.43159e-08 0)
(-0.00300275 6.46864e-08 0)
(-0.00300199 6.50326e-08 0)
(-0.00300122 6.5349e-08 0)
(-0.00300043 6.5638e-08 0)
(-0.00299964 6.59278e-08 0)
(-0.00299883 6.63449e-08 0)
(-0.00299802 6.64242e-08 0)
(-0.0029972 6.64774e-08 0)
(-0.00299637 6.66914e-08 0)
(-0.00299553 6.67063e-08 0)
(-0.00299469 6.6874e-08 0)
(-0.00299384 6.6848e-08 0)
(-0.00299298 6.66555e-08 0)
(-0.00299212 6.65981e-08 0)
(-0.00299125 6.63713e-08 0)
(-0.00299038 6.61281e-08 0)
(-0.00298951 6.58775e-08 0)
(-0.00298863 6.56076e-08 0)
(-0.00298775 6.53041e-08 0)
(-0.00298687 6.48102e-08 0)
(-0.00298599 6.43367e-08 0)
(-0.00298511 6.38482e-08 0)
(-0.00298423 6.31682e-08 0)
(-0.00298335 6.24763e-08 0)
(-0.00298248 6.17838e-08 0)
(-0.00298161 6.10774e-08 0)
(-0.00298074 6.03575e-08 0)
(-0.00297988 5.93182e-08 0)
(-0.00297903 5.82735e-08 0)
(-0.00297819 5.73174e-08 0)
(-0.00297735 5.62507e-08 0)
(-0.00297653 5.51671e-08 0)
(-0.00297571 5.39496e-08 0)
(-0.00297491 5.27097e-08 0)
(-0.00297412 5.15067e-08 0)
(-0.00297335 5.01019e-08 0)
(-0.00297259 4.87369e-08 0)
(-0.00297185 4.70906e-08 0)
(-0.00297113 4.56583e-08 0)
(-0.00297042 4.39407e-08 0)
(-0.00296974 4.25372e-08 0)
(-0.00296908 4.07489e-08 0)
(-0.00296843 3.96764e-08 0)
(-0.00296783 3.71498e-08 0)
(-0.00296721 3.6912e-08 0)
(-0.00296666 3.32641e-08 0)
(-0.00296608 3.47965e-08 0)
(-0.0029656 2.85693e-08 0)
(-0.00296502 3.39696e-08 0)
(-0.00296467 2.23782e-08 0)
(-0.00296401 3.62944e-08 0)
(-0.00296384 1.40953e-08 0)
(-0.002963 3.68765e-08 0)
(-0.0353482 -0.00214409 0)
(-0.0160226 -0.000525007 0)
(-0.0105989 -0.00010092 0)
(-0.00844147 -3.54607e-05 0)
(-0.00746568 -2.0074e-05 0)
(-0.00682526 -1.63532e-05 0)
(-0.00631038 -1.3605e-05 0)
(-0.00589132 -1.11675e-05 0)
(-0.00554813 -9.36535e-06 0)
(-0.00526038 -8.06898e-06 0)
(-0.00501349 -7.09246e-06 0)
(-0.00479805 -6.32559e-06 0)
(-0.00460759 -5.70849e-06 0)
(-0.0044374 -5.20409e-06 0)
(-0.00428388 -4.7867e-06 0)
(-0.00414427 -4.43783e-06 0)
(-0.00401636 -4.14384e-06 0)
(-0.00389842 -3.89453e-06 0)
(-0.003789 -3.68246e-06 0)
(-0.00368693 -3.50186e-06 0)
(-0.0035912 -3.34828e-06 0)
(-0.00350097 -3.21836e-06 0)
(-0.00341552 -3.10974e-06 0)
(-0.00333418 -3.02038e-06 0)
(-0.0032564 -2.94913e-06 0)
(-0.00318163 -2.89517e-06 0)
(-0.00310941 -2.85792e-06 0)
(-0.00303925 -2.83731e-06 0)
(-0.00297074 -2.83336e-06 0)
(-0.00290343 -2.84697e-06 0)
(-0.00283693 -2.87777e-06 0)
(-0.00277074 -2.92865e-06 0)
(-0.00270453 -2.99718e-06 0)
(-0.00263773 -3.09018e-06 0)
(-0.00257005 -3.20042e-06 0)
(-0.00250076 -3.34257e-06 0)
(-0.00242972 -3.4972e-06 0)
(-0.00235602 -3.6953e-06 0)
(-0.00227953 -3.89502e-06 0)
(-0.00219961 -4.15223e-06 0)
(-0.00211517 -4.39762e-06 0)
(-0.00202792 -4.70105e-06 0)
(-0.00193192 -5.01159e-06 0)
(-0.00183864 -5.2922e-06 0)
(-0.00172386 -5.76461e-06 0)
(-0.00163333 -5.79709e-06 0)
(-0.0014808 -6.72241e-06 0)
(-0.00142494 -5.8441e-06 0)
(-0.00118392 -1.09166e-05 0)
(-0.00117212 0.000109246 0)
(5.23198e-06 -1.61928e-06 0)
(8.73032e-06 -1.68548e-05 0)
(9.57163e-06 -3.51329e-05 0)
(9.58894e-06 -5.26199e-05 0)
(9.60588e-06 -6.98745e-05 0)
(9.63401e-06 -8.69547e-05 0)
(9.6725e-06 -0.000103902 0)
(9.7182e-06 -0.000120737 0)
(9.76965e-06 -0.000137474 0)
(9.82696e-06 -0.000154124 0)
(9.89026e-06 -0.000170698 0)
(9.95804e-06 -0.000187207 0)
(1.00303e-05 -0.000203658 0)
(1.01064e-05 -0.000220059 0)
(1.01858e-05 -0.000236416 0)
(1.02674e-05 -0.000252735 0)
(1.03502e-05 -0.000269019 0)
(1.04342e-05 -0.00028527 0)
(1.05186e-05 -0.000301491 0)
(1.06024e-05 -0.000317683 0)
(1.06846e-05 -0.000333845 0)
(1.07642e-05 -0.000349977 0)
(1.08404e-05 -0.000366075 0)
(1.09131e-05 -0.000382135 0)
(1.09807e-05 -0.000398157 0)
(1.10422e-05 -0.000414131 0)
(1.10969e-05 -0.000430055 0)
(1.11435e-05 -0.000445921 0)
(1.1181e-05 -0.000461721 0)
(1.12085e-05 -0.000477446 0)
(1.12251e-05 -0.000493087 0)
(1.12294e-05 -0.000508635 0)
(1.12204e-05 -0.000524078 0)
(1.11965e-05 -0.000539406 0)
(1.11569e-05 -0.000554605 0)
(1.11002e-05 -0.000569663 0)
(1.10252e-05 -0.000584566 0)
(1.09305e-05 -0.000599301 0)
(1.0815e-05 -0.00061385 0)
(1.06777e-05 -0.0006282 0)
(1.05171e-05 -0.000642335 0)
(1.03316e-05 -0.000656239 0)
(1.01199e-05 -0.000669893 0)
(9.88084e-06 -0.000683281 0)
(9.61296e-06 -0.000696385 0)
(9.31496e-06 -0.000709186 0)
(8.9855e-06 -0.000721666 0)
(8.6236e-06 -0.000733805 0)
(8.22758e-06 -0.000745587 0)
(7.79618e-06 -0.000756989 0)
(7.32814e-06 -0.000767994 0)
(6.82195e-06 -0.00077858 0)
(6.27659e-06 -0.00078873 0)
(5.69038e-06 -0.000798422 0)
(5.06237e-06 -0.000807636 0)
(4.39135e-06 -0.000816352 0)
(3.67609e-06 -0.000824551 0)
(2.91532e-06 -0.000832213 0)
(2.10803e-06 -0.000839316 0)
(1.25264e-06 -0.000845844 0)
(3.47916e-07 -0.000851773 0)
(-6.06649e-07 -0.000857086 0)
(-1.61313e-06 -0.000861765 0)
(-2.67257e-06 -0.000865787 0)
(-3.78579e-06 -0.000869135 0)
(-4.9548e-06 -0.000871791 0)
(-6.181e-06 -0.000873734 0)
(-7.46581e-06 -0.000874947 0)
(-8.81232e-06 -0.000875411 0)
(-1.02232e-05 -0.000875106 0)
(-1.16975e-05 -0.000874008 0)
(-1.32335e-05 -0.0008721 0)
(-1.48314e-05 -0.000869367 0)
(-1.64904e-05 -0.000865792 0)
(-1.82127e-05 -0.000861366 0)
(-2.00178e-05 -0.000856066 0)
(-2.18944e-05 -0.000849862 0)
(-2.3841e-05 -0.000842743 0)
(-2.58593e-05 -0.000834696 0)
(-2.79513e-05 -0.000825703 0)
(-3.01189e-05 -0.000815751 0)
(-3.23654e-05 -0.000804824 0)
(-3.46924e-05 -0.000792904 0)
(-3.71018e-05 -0.000779976 0)
(-3.95954e-05 -0.000766023 0)
(-4.21744e-05 -0.000751031 0)
(-4.48405e-05 -0.00073498 0)
(-4.75951e-05 -0.000717858 0)
(-5.04399e-05 -0.000699647 0)
(-5.33758e-05 -0.00068033 0)
(-5.64036e-05 -0.000659891 0)
(-5.95232e-05 -0.000638315 0)
(-6.27339e-05 -0.000615586 0)
(-6.60355e-05 -0.000591689 0)
(-6.9426e-05 -0.000566608 0)
(-7.29018e-05 -0.00054033 0)
(-7.64595e-05 -0.000512841 0)
(-8.00933e-05 -0.00048413 0)
(-8.37947e-05 -0.000454186 0)
(-8.75547e-05 -0.000423002 0)
(-9.13614e-05 -0.000390573 0)
(-9.51991e-05 -0.000356895 0)
(-9.90493e-05 -0.000321971 0)
(-0.000102892 -0.000285806 0)
(-0.0001067 -0.000248411 0)
(-0.000110444 -0.0002098 0)
(-0.00011409 -0.000169995 0)
(-0.0001176 -0.000129018 0)
(-0.000120933 -8.68935e-05 0)
(-0.000124054 -4.36408e-05 0)
(-0.000126898 7.4929e-07 0)
(-0.000129401 4.62656e-05 0)
(-0.00013154 9.29431e-05 0)
(-0.000133253 0.000140951 0)
(-0.000134458 0.000190484 0)
(-0.000135095 0.000241891 0)
(-0.00013503 0.000295701 0)
(-0.000134026 0.000352475 0)
(-0.000131747 0.000412771 0)
(-0.000127634 0.000476857 0)
(-0.000120904 0.000544365 0)
(-0.000110599 0.00061411 0)
(-9.56862e-05 0.000684204 0)
(-7.51704e-05 0.000752529 0)
(-4.82045e-05 0.000817077 0)
(-1.42954e-05 0.000875872 0)
(2.63419e-05 0.000926719 0)
(7.24301e-05 0.00096728 0)
(0.000121551 0.000995545 0)
(0.000170354 0.00101016 0)
(0.000214915 0.00101036 0)
(0.000251621 0.000995954 0)
(0.000277328 0.000967506 0)
(0.000290113 0.000926859 0)
(0.000291578 0.000879235 0)
(0.000284835 0.000828129 0)
(0.000273349 0.000776073 0)
(0.00026016 0.000724788 0)
(0.000245459 0.000674467 0)
(0.000225018 0.000624628 0)
(0.000192712 0.00057815 0)
(0.000145298 0.000542504 0)
(8.43805e-05 0.000524102 0)
(1.47214e-05 0.000524238 0)
(-5.9287e-05 0.000541304 0)
(-0.000135986 0.000574703 0)
(-0.000213852 0.00062528 0)
(-0.000289235 0.000693761 0)
(-0.000357163 0.000778449 0)
(-0.000413691 0.000874964 0)
(-0.000457048 0.00097834 0)
(-0.000487021 0.00108461 0)
(-0.000504147 0.00119073 0)
(-0.000509372 0.00129423 0)
(-0.00050385 0.0013931 0)
(-0.000488835 0.00148574 0)
(-0.000465589 0.00157085 0)
(-0.000435324 0.0016474 0)
(-0.000399221 0.00171459 0)
(-0.000358424 0.0017719 0)
(-0.000313974 0.00181897 0)
(-0.000266922 0.00185677 0)
(-0.000218326 0.00188802 0)
(-0.000168197 0.00190947 0)
(-0.000117188 0.00192103 0)
(-6.63571e-05 0.00192294 0)
(-1.64936e-05 0.00191599 0)
(3.27873e-05 0.0019011 0)
(8.17104e-05 0.00187827 0)
(0.000129833 0.00184784 0)
(0.000177061 0.00181007 0)
(0.000223193 0.00176529 0)
(0.000268122 0.00171382 0)
(0.000311696 0.00165598 0)
(0.000353795 0.00159214 0)
(0.000394284 0.00152263 0)
(0.000433022 0.00144779 0)
(0.000469878 0.00136795 0)
(0.000504652 0.00128343 0)
(0.000537124 0.00119452 0)
(0.000567057 0.00110148 0)
(0.000594192 0.00100444 0)
(0.000617918 0.000903162 0)
(0.000641486 0.000803496 0)
(0.000660788 0.000700171 0)
(0.000674575 0.000592558 0)
(0.000681001 0.000480373 0)
(0.000678045 0.000364031 0)
(0.000663412 0.000244559 0)
(0.000635048 0.000123878 0)
(0.000591251 4.70467e-06 0)
(0.000530541 -0.000109584 0)
(0.000452698 -0.000215082 0)
(0.00035938 -0.000308108 0)
(0.000252777 -0.000385758 0)
(0.000136374 -0.000449864 0)
(8.30263e-06 -0.000495428 0)
(-0.00013253 -0.000526395 0)
(-0.000283051 -0.000552017 0)
(-0.000433204 -0.00060348 0)
(-2.68496e-07 -5.36598e-06 0)
(1.00249e-05 -9.13181e-06 0)
(2.1736e-05 -1.00539e-05 0)
(3.29418e-05 -1.01849e-05 0)
(4.41318e-05 -1.02836e-05 0)
(5.53382e-05 -1.03539e-05 0)
(6.65602e-05 -1.04119e-05 0)
(7.77912e-05 -1.04644e-05 0)
(8.90265e-05 -1.05155e-05 0)
(0.000100263 -1.05667e-05 0)
(0.000111495 -1.0619e-05 0)
(0.000122723 -1.06723e-05 0)
(0.000133941 -1.07257e-05 0)
(0.000145146 -1.07784e-05 0)
(0.000156331 -1.08297e-05 0)
(0.000167493 -1.0879e-05 0)
(0.000178626 -1.09249e-05 0)
(0.000189723 -1.09662e-05 0)
(0.000200775 -1.10019e-05 0)
(0.000211777 -1.10312e-05 0)
(0.000222718 -1.10528e-05 0)
(0.000233589 -1.10653e-05 0)
(0.00024438 -1.10677e-05 0)
(0.000255081 -1.10593e-05 0)
(0.00026568 -1.10387e-05 0)
(0.000276164 -1.10043e-05 0)
(0.000286521 -1.09554e-05 0)
(0.000296737 -1.08912e-05 0)
(0.000306799 -1.08108e-05 0)
(0.000316691 -1.0713e-05 0)
(0.000326399 -1.05968e-05 0)
(0.000335908 -1.04617e-05 0)
(0.000345201 -1.03065e-05 0)
(0.000354262 -1.01305e-05 0)
(0.000363075 -9.93398e-06 0)
(0.000371624 -9.71552e-06 0)
(0.000379891 -9.47413e-06 0)
(0.000387859 -9.20964e-06 0)
(0.000395511 -8.92166e-06 0)
(0.00040283 -8.61007e-06 0)
(0.000409798 -8.27474e-06 0)
(0.0004164 -7.91542e-06 0)
(0.000422617 -7.53278e-06 0)
(0.000428435 -7.12802e-06 0)
(0.000433839 -6.7013e-06 0)
(0.000438812 -6.25429e-06 0)
(0.000443342 -5.78912e-06 0)
(0.000447413 -5.30651e-06 0)
(0.000451012 -4.80653e-06 0)
(0.000454125 -4.28929e-06 0)
(0.000456742 -3.75535e-06 0)
(0.00045885 -3.20622e-06 0)
(0.000460438 -2.64321e-06 0)
(0.000461498 -2.06642e-06 0)
(0.000462019 -1.47851e-06 0)
(0.000461996 -8.83603e-07 0)
(0.000461436 -2.84427e-07 0)
(0.000460334 3.20557e-07 0)
(0.000458687 9.30698e-07 0)
(0.000456493 1.54502e-06 0)
(0.00045375 2.16316e-06 0)
(0.000450457 2.78388e-06 0)
(0.000446616 3.40581e-06 0)
(0.000442227 4.02769e-06 0)
(0.000437293 4.64798e-06 0)
(0.000431819 5.26595e-06 0)
(0.000425807 5.88027e-06 0)
(0.000419264 6.48963e-06 0)
(0.000412196 7.09308e-06 0)
(0.00040461 7.68903e-06 0)
(0.000396515 8.27638e-06 0)
(0.000387919 8.85405e-06 0)
(0.000378833 9.42085e-06 0)
(0.000369267 9.9762e-06 0)
(0.000359232 1.05188e-05 0)
(0.000348741 1.10475e-05 0)
(0.000337808 1.15617e-05 0)
(0.000326444 1.20604e-05 0)
(0.000314665 1.25427e-05 0)
(0.000302485 1.30079e-05 0)
(0.00028992 1.34552e-05 0)
(0.000276985 1.38837e-05 0)
(0.000263698 1.42929e-05 0)
(0.000250074 1.46825e-05 0)
(0.000236132 1.50518e-05 0)
(0.000221888 1.54001e-05 0)
(0.000207361 1.5727e-05 0)
(0.000192569 1.6032e-05 0)
(0.000177531 1.63148e-05 0)
(0.000162265 1.65748e-05 0)
(0.000146792 1.6812e-05 0)
(0.000131129 1.70257e-05 0)
(0.000115297 1.72156e-05 0)
(9.93159e-05 1.73824e-05 0)
(8.32031e-05 1.75314e-05 0)
(6.69653e-05 1.76794e-05 0)
(5.05575e-05 1.78484e-05 0)
(3.38025e-05 1.80044e-05 0)
(1.59126e-05 1.67722e-05 0)
(-9.37186e-07 1.09435e-05 0)
(9.50191e-06 4.74751e-06 0)
(1.12208e-05 2.56252e-05 0)
(1.16851e-05 4.61566e-05 0)
(1.18748e-05 6.64883e-05 0)
(1.20295e-05 8.6768e-05 0)
(1.2167e-05 0.000107017 0)
(1.23107e-05 0.000127236 0)
(1.24688e-05 0.00014745 0)
(1.26454e-05 0.000167683 0)
(1.28411e-05 0.000187962 0)
(1.30566e-05 0.000208309 0)
(1.32923e-05 0.000228748 0)
(1.35485e-05 0.000249303 0)
(1.38249e-05 0.000269995 0)
(1.41215e-05 0.000290843 0)
(1.4439e-05 0.000311867 0)
(1.47773e-05 0.000333087 0)
(1.51363e-05 0.000354519 0)
(1.55167e-05 0.000376178 0)
(1.59187e-05 0.000398082 0)
(1.63426e-05 0.000420245 0)
(1.67886e-05 0.000442682 0)
(1.72574e-05 0.000465404 0)
(1.77493e-05 0.000488426 0)
(1.82646e-05 0.000511759 0)
(1.88042e-05 0.000535413 0)
(1.93683e-05 0.000559402 0)
(1.99572e-05 0.000583731 0)
(2.0572e-05 0.000608413 0)
(2.12127e-05 0.000633455 0)
(2.188e-05 0.000658863 0)
(2.25748e-05 0.000684648 0)
(2.32968e-05 0.000710814 0)
(2.40468e-05 0.000737365 0)
(2.48251e-05 0.000764309 0)
(2.56321e-05 0.000791648 0)
(2.64682e-05 0.000819386 0)
(2.73323e-05 0.000847526 0)
(2.82255e-05 0.000876065 0)
(2.91472e-05 0.000905009 0)
(3.00975e-05 0.000934352 0)
(3.10753e-05 0.000964097 0)
(3.20799e-05 0.000994236 0)
(3.3111e-05 0.00102477 0)
(3.41672e-05 0.00105568 0)
(3.5247e-05 0.00108698 0)
(3.63462e-05 0.00111865 0)
(3.74683e-05 0.00115067 0)
(3.86094e-05 0.00118305 0)
(3.97635e-05 0.00121576 0)
(4.09284e-05 0.00124879 0)
(4.21069e-05 0.00128211 0)
(4.32916e-05 0.00131573 0)
(4.4478e-05 0.0013496 0)
(4.56652e-05 0.00138373 0)
(4.68482e-05 0.00141806 0)
(4.80235e-05 0.0014526 0)
(4.91827e-05 0.0014873 0)
(5.03272e-05 0.00152213 0)
(5.14504e-05 0.00155707 0)
(5.25436e-05 0.00159209 0)
(5.36075e-05 0.00162714 0)
(5.46379e-05 0.00166219 0)
(5.56225e-05 0.00169723 0)
(5.65592e-05 0.00173218 0)
(5.74464e-05 0.00176703 0)
(5.82737e-05 0.00180172 0)
(5.90366e-05 0.00183623 0)
(5.97334e-05 0.00187049 0)
(6.03566e-05 0.00190448 0)
(6.09049e-05 0.00193814 0)
(6.13678e-05 0.00197144 0)
(6.17415e-05 0.00200431 0)
(6.20247e-05 0.00203673 0)
(6.2214e-05 0.00206863 0)
(6.23054e-05 0.00209998 0)
(6.22883e-05 0.00213073 0)
(6.21648e-05 0.00216081 0)
(6.19301e-05 0.00219021 0)
(6.15731e-05 0.00221885 0)
(6.10996e-05 0.00224669 0)
(6.05055e-05 0.0022737 0)
(5.97772e-05 0.00229983 0)
(5.89173e-05 0.00232502 0)
(5.79292e-05 0.00234923 0)
(5.68032e-05 0.00237243 0)
(5.55364e-05 0.00239457 0)
(5.41329e-05 0.00241561 0)
(5.25902e-05 0.00243552 0)
(5.0903e-05 0.00245425 0)
(4.90694e-05 0.00247177 0)
(4.70951e-05 0.00248804 0)
(4.49796e-05 0.00250303 0)
(4.27268e-05 0.00251671 0)
(4.03278e-05 0.00252907 0)
(3.77903e-05 0.00254005 0)
(3.51144e-05 0.00254965 0)
(3.23042e-05 0.00255782 0)
(2.93629e-05 0.00256457 0)
(2.62923e-05 0.00256984 0)
(2.31133e-05 0.00257364 0)
(1.98158e-05 0.00257596 0)
(1.64223e-05 0.00257676 0)
(1.29627e-05 0.00257606 0)
(9.41781e-06 0.00257391 0)
(5.7735e-06 0.00257027 0)
(2.0194e-06 0.00256516 0)
(-1.83853e-06 0.00255854 0)
(-5.79758e-06 0.00255044 0)
(-9.86736e-06 0.00254085 0)
(-1.40391e-05 0.00252977 0)
(-1.8322e-05 0.0025172 0)
(-2.27115e-05 0.00250313 0)
(-2.71981e-05 0.00248757 0)
(-3.17913e-05 0.00247054 0)
(-3.64913e-05 0.00245202 0)
(-4.12934e-05 0.00243202 0)
(-4.61927e-05 0.00241054 0)
(-5.11998e-05 0.0023876 0)
(-5.63048e-05 0.00236319 0)
(-6.15134e-05 0.00233733 0)
(-6.6826e-05 0.00231001 0)
(-7.2238e-05 0.00228127 0)
(-7.77557e-05 0.00225108 0)
(-8.33747e-05 0.00221947 0)
(-8.91075e-05 0.00218643 0)
(-9.49446e-05 0.00215198 0)
(-0.000100888 0.00211612 0)
(-0.000106938 0.00207887 0)
(-0.000113109 0.00204023 0)
(-0.000119398 0.0020002 0)
(-0.000125796 0.0019588 0)
(-0.000132323 0.00191603 0)
(-0.000138984 0.00187189 0)
(-0.000145775 0.00182639 0)
(-0.000152701 0.00177953 0)
(-0.000159759 0.00173132 0)
(-0.000166973 0.00168176 0)
(-0.000174349 0.00163085 0)
(-0.000181873 0.00157859 0)
(-0.000189571 0.001525 0)
(-0.00019745 0.00147005 0)
(-0.000205511 0.00141375 0)
(-0.00021377 0.0013561 0)
(-0.000222248 0.00129711 0)
(-0.000230943 0.00123673 0)
(-0.000239864 0.00117499 0)
(-0.000249046 0.00111188 0)
(-0.000258493 0.00104736 0)
(-0.000268221 0.000981439 0)
(-0.000278243 0.000914087 0)
(-0.000288576 0.000845293 0)
(-0.000299234 0.000775039 0)
(-0.000310248 0.000703306 0)
(-0.000321651 0.00063007 0)
(-0.000333452 0.000555299 0)
(-0.00034566 0.000478955 0)
(-0.000359437 0.000402264 0)
(-0.00037435 0.000323978 0)
(-0.000389974 0.000243383 0)
(-0.000406141 0.000160244 0)
(-0.000422611 7.44822e-05 0)
(-0.000438943 -1.36049e-05 0)
(-0.000455137 -0.000103456 0)
(-0.000471596 -0.000194752 0)
(-0.00048867 -0.000287438 0)
(-0.000506644 -0.000381632 0)
(-0.000525764 -0.000477539 0)
(-0.000546195 -0.000575341 0)
(-0.000568946 -0.000676181 0)
(-0.000593694 -0.000779918 0)
(-0.000620175 -0.000886276 0)
(-0.000648544 -0.000995377 0)
(-0.000679048 -0.00110733 0)
(-0.000711932 -0.00122233 0)
(-0.000747461 -0.00134051 0)
(-0.000785977 -0.00146208 0)
(-0.00082782 -0.00158723 0)
(-0.000873407 -0.00171619 0)
(-0.000923198 -0.00184921 0)
(-0.000977709 -0.00198654 0)
(-0.00103752 -0.00212849 0)
(-0.00110329 -0.0022754 0)
(-0.00117574 -0.0024276 0)
(-0.00125571 -0.00258552 0)
(-0.0013441 -0.00274954 0)
(-0.00144199 -0.00292033 0)
(-0.00155041 -0.00309812 0)
(-0.00167078 -0.00328428 0)
(-0.00180416 -0.00347786 0)
(-0.00195288 -0.00368304 0)
(-0.00211705 -0.00389375 0)
(-0.00230188 -0.00412481 0)
(-0.00250277 -0.00434996 0)
(-0.00273504 -0.00462348 0)
(-0.0029745 -0.00484448 0)
(-0.00327064 -0.00520682 0)
(-0.00352288 -0.00534908 0)
(-0.00387854 -0.00593192 0)
(-0.0039039 -0.00567051 0)
)
;
    }
    frontAndBack
    {
        type            empty;
    }
}


// ************************************************************************* //
