/*--------------------------------*- C++ -*----------------------------------*\
  =========                 |
  \\      /  F ield         | OpenFOAM: The Open Source CFD Toolbox
   \\    /   O peration     | Website:  https://openfoam.org
    \\  /    A nd           | Version:  7
     \\/     M anipulation  |
\*---------------------------------------------------------------------------*/
FoamFile
{
    version     2.0;
    format      ascii;
    class       volVectorField;
    location    "0.45";
    object      wallShearStress;
}
// * * * * * * * * * * * * * * * * * * * * * * * * * * * * * * * * * * * * * //

dimensions      [0 2 -2 0 0 0 0];

internalField   uniform (0 0 0);

boundaryField
{
    velocityInlet
    {
        type            calculated;
        value           uniform (0 0 0);
    }
    pressureOutlet
    {
        type            calculated;
        value           uniform (0 0 0);
    }
    fixedWalls
    {
        type            calculated;
        value           nonuniform List<vector> 
100
(
(-0.0175387 -0.00364353 0)
(-0.00955193 -0.000883322 0)
(-0.00673383 -0.000320394 0)
(-0.00508503 -0.000169609 0)
(-0.00422419 -9.06802e-05 0)
(-0.00380514 -5.12577e-05 0)
(-0.003612 -2.63077e-05 0)
(-0.00355339 -8.68035e-06 0)
(-0.00356606 2.34576e-06 0)
(-0.00360199 8.7491e-06 0)
(-0.00363816 1.37186e-05 0)
(-0.00366854 1.70957e-05 0)
(-0.00369288 1.83868e-05 0)
(-0.00371764 2.00324e-05 0)
(-0.00370669 7.68544e-06 0)
(-0.00362207 -1.25533e-05 0)
(-0.00373873 3.13664e-05 0)
(-0.00467933 0.000185266 0)
(-0.00644734 0.000303892 0)
(-0.00777753 0.000234588 0)
(-0.00681631 -0.000208094 0)
(-0.00287093 -0.000694118 0)
(0.00202062 -0.000713645 0)
(0.0047825 -0.000357185 0)
(0.00430437 0.000118138 0)
(0.00177138 0.000351027 0)
(-0.00111958 0.000333501 0)
(-0.00323563 0.000223405 0)
(-0.0043583 0.000110086 0)
(-0.00474983 3.84953e-05 0)
(-0.00474372 1.58916e-06 0)
(-0.00456705 -1.413e-05 0)
(-0.00433351 -1.86296e-05 0)
(-0.00408647 -1.99883e-05 0)
(-0.00382771 -2.25183e-05 0)
(-0.00354472 -2.7284e-05 0)
(-0.00323179 -3.27941e-05 0)
(-0.00290185 -3.62748e-05 0)
(-0.00258584 -3.53143e-05 0)
(-0.00232115 -2.92651e-05 0)
(-0.00213677 -1.96422e-05 0)
(-0.0020443 -9.14914e-06 0)
(-0.0020368 3.36993e-07 0)
(-0.00209151 7.17502e-06 0)
(-0.00217376 8.63558e-06 0)
(-0.00225053 5.09263e-06 0)
(-0.00231479 3.95919e-07 0)
(-0.00239932 -3.63481e-07 0)
(-0.00256897 8.02479e-06 0)
(-0.00290541 2.87093e-05 0)
(-0.00346661 5.72233e-05 0)
(-0.00423158 8.25348e-05 0)
(-0.00512519 0.000101172 0)
(-0.00608182 0.00011743 0)
(-0.00697442 0.000121098 0)
(-0.00748576 9.68491e-05 0)
(-0.00714854 -5.88091e-07 0)
(-0.0055723 -0.000158724 0)
(-0.00254916 -0.000358684 0)
(0.00130384 -0.000431129 0)
(0.00466866 -0.000383759 0)
(0.00654044 -0.000202253 0)
(0.00653158 1.193e-05 0)
(0.00502086 0.000162593 0)
(0.00284157 0.000213698 0)
(0.000702849 0.000196282 0)
(-0.00102707 0.000152083 0)
(-0.00225519 0.000103765 0)
(-0.00306816 6.78514e-05 0)
(-0.00359865 4.58633e-05 0)
(-0.00395351 3.34052e-05 0)
(-0.00418513 2.4376e-05 0)
(-0.00430421 1.63576e-05 0)
(-0.00431071 8.99538e-06 0)
(-0.00420257 1.59399e-06 0)
(-0.00395339 -9.73114e-06 0)
(-0.00349338 -3.11139e-05 0)
(-0.00274157 -6.31331e-05 0)
(-0.00169484 -9.56946e-05 0)
(-0.000494627 -0.000112153 0)
(0.00061137 -0.000104045 0)
(0.00138234 -7.26877e-05 0)
(0.00166809 -3.00367e-05 0)
(0.00143716 1.92963e-05 0)
(0.000783642 5.7282e-05 0)
(-0.000109671 7.30307e-05 0)
(-0.00102089 7.53932e-05 0)
(-0.00176937 6.06815e-05 0)
(-0.00224584 3.76609e-05 0)
(-0.0024199 1.41369e-05 0)
(-0.0023215 -8.89598e-06 0)
(-0.00203601 -2.47351e-05 0)
(-0.00169607 -2.88968e-05 0)
(-0.00143596 -2.07775e-05 0)
(-0.00139073 -3.91068e-06 0)
(-0.00150816 1.10162e-05 0)
(-0.00185982 2.45386e-05 0)
(-0.00212084 2.29338e-05 0)
(-0.00257756 3.05557e-05 0)
(-0.00290843 1.5216e-05 0)
)
;
    }
    bottomWall
    {
        type            calculated;
        value           nonuniform List<vector> 
800
(
(-0.0353512 0.00216563 0)
(-0.0160362 0.000524973 0)
(-0.01059 0.000100565 0)
(-0.00845494 3.45991e-05 0)
(-0.00749062 1.96928e-05 0)
(-0.0068547 1.60214e-05 0)
(-0.00634568 1.32209e-05 0)
(-0.00593426 1.07712e-05 0)
(-0.00559947 8.97029e-06 0)
(-0.00532058 7.67049e-06 0)
(-0.00508301 6.68574e-06 0)
(-0.00487732 5.90782e-06 0)
(-0.00469704 5.27777e-06 0)
(-0.00453746 4.75864e-06 0)
(-0.00439497 4.32479e-06 0)
(-0.00426681 3.95767e-06 0)
(-0.00415079 3.64356e-06 0)
(-0.00404517 3.3722e-06 0)
(-0.00394854 3.13577e-06 0)
(-0.00385974 2.92822e-06 0)
(-0.00377781 2.74479e-06 0)
(-0.00370195 2.58169e-06 0)
(-0.00363147 2.4359e-06 0)
(-0.0035658 2.30492e-06 0)
(-0.00350444 2.18673e-06 0)
(-0.00344697 2.07961e-06 0)
(-0.00339302 1.98216e-06 0)
(-0.00334226 1.8932e-06 0)
(-0.0032944 1.8117e-06 0)
(-0.0032492 1.73681e-06 0)
(-0.00320644 1.66779e-06 0)
(-0.00316592 1.60401e-06 0)
(-0.00312746 1.54494e-06 0)
(-0.00309091 1.49008e-06 0)
(-0.00305613 1.43903e-06 0)
(-0.00302298 1.39142e-06 0)
(-0.00299137 1.34694e-06 0)
(-0.00296117 1.30531e-06 0)
(-0.0029323 1.26627e-06 0)
(-0.00290467 1.22959e-06 0)
(-0.00287821 1.19509e-06 0)
(-0.00285283 1.16257e-06 0)
(-0.00282848 1.13191e-06 0)
(-0.0028051 1.10287e-06 0)
(-0.00278262 1.07553e-06 0)
(-0.00276101 1.04938e-06 0)
(-0.00274019 1.02505e-06 0)
(-0.00272016 1.00111e-06 0)
(-0.00270083 9.79584e-07 0)
(-0.00268222 9.56616e-07 0)
(-0.00266665 9.37785e-07 0)
(-0.00265379 9.27101e-07 0)
(-0.0026411 9.13418e-07 0)
(-0.0026286 8.98828e-07 0)
(-0.00261629 8.85153e-07 0)
(-0.00260417 8.72143e-07 0)
(-0.00259222 8.59441e-07 0)
(-0.00258045 8.47007e-07 0)
(-0.00256885 8.34866e-07 0)
(-0.00255741 8.23015e-07 0)
(-0.00254613 8.11436e-07 0)
(-0.00253501 8.00116e-07 0)
(-0.00252405 7.89046e-07 0)
(-0.00251323 7.78219e-07 0)
(-0.00250257 7.67626e-07 0)
(-0.00249204 7.5726e-07 0)
(-0.00248166 7.47113e-07 0)
(-0.00247142 7.3718e-07 0)
(-0.00246131 7.27453e-07 0)
(-0.00245134 7.17927e-07 0)
(-0.0024415 7.08596e-07 0)
(-0.00243178 6.99453e-07 0)
(-0.00242219 6.90494e-07 0)
(-0.00241272 6.81713e-07 0)
(-0.00240337 6.73105e-07 0)
(-0.00239414 6.64665e-07 0)
(-0.00238502 6.56388e-07 0)
(-0.00237601 6.48271e-07 0)
(-0.00236712 6.40308e-07 0)
(-0.00235834 6.32495e-07 0)
(-0.00234966 6.24829e-07 0)
(-0.00234109 6.17305e-07 0)
(-0.00233262 6.09919e-07 0)
(-0.00232425 6.02669e-07 0)
(-0.00231598 5.9555e-07 0)
(-0.0023078 5.88559e-07 0)
(-0.00229973 5.81693e-07 0)
(-0.00229174 5.7495e-07 0)
(-0.00228385 5.68326e-07 0)
(-0.00227605 5.61819e-07 0)
(-0.00226834 5.55426e-07 0)
(-0.00226071 5.49145e-07 0)
(-0.00225318 5.42974e-07 0)
(-0.00224572 5.36909e-07 0)
(-0.00223835 5.3095e-07 0)
(-0.00223106 5.25094e-07 0)
(-0.00222385 5.19338e-07 0)
(-0.00221672 5.13682e-07 0)
(-0.00220966 5.08122e-07 0)
(-0.00220268 5.02656e-07 0)
(-0.00219578 4.97283e-07 0)
(-0.00218895 4.92e-07 0)
(-0.00218219 4.86806e-07 0)
(-0.0021755 4.81698e-07 0)
(-0.00216889 4.76674e-07 0)
(-0.00216234 4.71733e-07 0)
(-0.00215586 4.66873e-07 0)
(-0.00214944 4.6209e-07 0)
(-0.0021431 4.57385e-07 0)
(-0.00213681 4.52755e-07 0)
(-0.00213059 4.48197e-07 0)
(-0.00212443 4.43711e-07 0)
(-0.00211834 4.39294e-07 0)
(-0.0021123 4.34945e-07 0)
(-0.00210632 4.30663e-07 0)
(-0.0021004 4.26446e-07 0)
(-0.00209454 4.22292e-07 0)
(-0.00208874 4.18199e-07 0)
(-0.00208299 4.14168e-07 0)
(-0.0020773 4.10196e-07 0)
(-0.00207167 4.06281e-07 0)
(-0.00206608 4.02424e-07 0)
(-0.00206055 3.98622e-07 0)
(-0.00205507 3.94875e-07 0)
(-0.00204965 3.91182e-07 0)
(-0.00204427 3.87541e-07 0)
(-0.00203894 3.83951e-07 0)
(-0.00203367 3.80413e-07 0)
(-0.00202844 3.76924e-07 0)
(-0.00202326 3.73485e-07 0)
(-0.00201813 3.70094e-07 0)
(-0.00201304 3.6675e-07 0)
(-0.002008 3.63453e-07 0)
(-0.002003 3.60202e-07 0)
(-0.00199805 3.56997e-07 0)
(-0.00199314 3.53835e-07 0)
(-0.00198828 3.50718e-07 0)
(-0.00198346 3.47642e-07 0)
(-0.00197868 3.44613e-07 0)
(-0.00197394 3.4162e-07 0)
(-0.00196925 3.38678e-07 0)
(-0.00196459 3.35761e-07 0)
(-0.00195998 3.32911e-07 0)
(-0.0019554 3.30061e-07 0)
(-0.00195086 3.27312e-07 0)
(-0.00194636 3.24511e-07 0)
(-0.0019419 3.21878e-07 0)
(-0.00193748 3.19093e-07 0)
(-0.00193309 3.16568e-07 0)
(-0.00192874 3.13715e-07 0)
(-0.00192509 3.11179e-07 0)
(-0.00192211 3.09868e-07 0)
(-0.00191912 3.08284e-07 0)
(-0.00191612 3.06461e-07 0)
(-0.00191313 3.04652e-07 0)
(-0.00191013 3.02903e-07 0)
(-0.00190712 3.01177e-07 0)
(-0.00190412 2.99458e-07 0)
(-0.0019011 2.97744e-07 0)
(-0.00189809 2.96037e-07 0)
(-0.00189507 2.94338e-07 0)
(-0.00189205 2.92647e-07 0)
(-0.00188902 2.90961e-07 0)
(-0.00188599 2.89283e-07 0)
(-0.00188296 2.87609e-07 0)
(-0.00187992 2.85945e-07 0)
(-0.00187688 2.84286e-07 0)
(-0.00187384 2.82634e-07 0)
(-0.00187079 2.80988e-07 0)
(-0.00186774 2.79348e-07 0)
(-0.00186469 2.77715e-07 0)
(-0.00186163 2.76087e-07 0)
(-0.00185857 2.74464e-07 0)
(-0.00185551 2.7285e-07 0)
(-0.00185245 2.71238e-07 0)
(-0.00184938 2.69634e-07 0)
(-0.00184631 2.68035e-07 0)
(-0.00184323 2.66441e-07 0)
(-0.00184015 2.64854e-07 0)
(-0.00183707 2.63271e-07 0)
(-0.00183399 2.61692e-07 0)
(-0.0018309 2.60121e-07 0)
(-0.00182781 2.58551e-07 0)
(-0.00182472 2.56991e-07 0)
(-0.00182163 2.55435e-07 0)
(-0.00181853 2.53883e-07 0)
(-0.00181543 2.52341e-07 0)
(-0.00181233 2.50802e-07 0)
(-0.00180922 2.49269e-07 0)
(-0.00180611 2.47747e-07 0)
(-0.001803 2.46228e-07 0)
(-0.00179989 2.4472e-07 0)
(-0.00179678 2.4322e-07 0)
(-0.00179366 2.41728e-07 0)
(-0.00179054 2.40244e-07 0)
(-0.00178742 2.38768e-07 0)
(-0.00178429 2.37307e-07 0)
(-0.00178116 2.35852e-07 0)
(-0.00177803 2.34405e-07 0)
(-0.0017749 2.32973e-07 0)
(-0.00177176 2.31546e-07 0)
(-0.00176863 2.30134e-07 0)
(-0.00176549 2.28733e-07 0)
(-0.00176234 2.2734e-07 0)
(-0.0017592 2.25964e-07 0)
(-0.00175605 2.24596e-07 0)
(-0.0017529 2.23239e-07 0)
(-0.00174974 2.21899e-07 0)
(-0.00174659 2.20564e-07 0)
(-0.00174343 2.19248e-07 0)
(-0.00174027 2.17945e-07 0)
(-0.0017371 2.16651e-07 0)
(-0.00173393 2.15379e-07 0)
(-0.00173076 2.14113e-07 0)
(-0.00172758 2.12862e-07 0)
(-0.0017244 2.11628e-07 0)
(-0.00172122 2.10404e-07 0)
(-0.00171804 2.09199e-07 0)
(-0.00171485 2.0801e-07 0)
(-0.00171165 2.06834e-07 0)
(-0.00170845 2.05674e-07 0)
(-0.00170525 2.04527e-07 0)
(-0.00170205 2.03403e-07 0)
(-0.00169884 2.02293e-07 0)
(-0.00169562 2.01187e-07 0)
(-0.0016924 2.00128e-07 0)
(-0.00168918 1.99037e-07 0)
(-0.00168595 1.98043e-07 0)
(-0.00168271 1.96951e-07 0)
(-0.00167947 1.96069e-07 0)
(-0.00167623 1.94903e-07 0)
(-0.00167297 1.94264e-07 0)
(-0.00166972 1.92835e-07 0)
(-0.00166644 1.9274e-07 0)
(-0.00166319 1.90603e-07 0)
(-0.00165987 1.91756e-07 0)
(-0.00165663 1.87865e-07 0)
(-0.00165325 1.91897e-07 0)
(-0.00165007 1.83819e-07 0)
(-0.00164657 1.94422e-07 0)
(-0.00164351 1.76733e-07 0)
(-0.00163976 2.01911e-07 0)
(-0.001637 1.6309e-07 0)
(-0.00163278 2.19378e-07 0)
(-0.0016306 1.3631e-07 0)
(-0.00162554 2.55206e-07 0)
(-0.00162437 8.57854e-08 0)
(-0.001618 3.18705e-07 0)
(-0.00161829 6.03005e-09 0)
(-0.00161021 3.50315e-07 0)
(-0.0353513 -0.00216561 0)
(-0.0160369 -0.000524945 0)
(-0.0105915 -0.000100533 0)
(-0.00845728 -3.457e-05 0)
(-0.00749378 -1.96646e-05 0)
(-0.00685864 -1.59938e-05 0)
(-0.00635036 -1.31938e-05 0)
(-0.00593966 -1.07435e-05 0)
(-0.00560562 -8.94112e-06 0)
(-0.00532753 -7.63883e-06 0)
(-0.00509084 -6.65071e-06 0)
(-0.00488613 -5.86869e-06 0)
(-0.00470694 -5.23398e-06 0)
(-0.00454856 -4.7098e-06 0)
(-0.0044074 -4.27053e-06 0)
(-0.00428068 -3.89757e-06 0)
(-0.00416622 -3.5771e-06 0)
(-0.00406231 -3.29861e-06 0)
(-0.00396754 -3.05415e-06 0)
(-0.00388077 -2.83734e-06 0)
(-0.00380107 -2.64322e-06 0)
(-0.00372766 -2.46773e-06 0)
(-0.00365991 -2.30747e-06 0)
(-0.00359727 -2.15964e-06 0)
(-0.0035393 -2.0218e-06 0)
(-0.00348562 -1.89179e-06 0)
(-0.00343593 -1.76763e-06 0)
(-0.00338998 -1.64748e-06 0)
(-0.00334757 -1.52942e-06 0)
(-0.00330854 -1.41178e-06 0)
(-0.0032728 -1.29235e-06 0)
(-0.00324029 -1.16952e-06 0)
(-0.003211 -1.04026e-06 0)
(-0.00318496 -9.02944e-07 0)
(-0.00316228 -7.53342e-07 0)
(-0.00314311 -5.89712e-07 0)
(-0.00312763 -4.06095e-07 0)
(-0.00311626 -2.00255e-07 0)
(-0.00310907 3.713e-08 0)
(-0.00310714 3.00038e-07 0)
(-0.00310988 6.21866e-07 0)
(-0.00312009 9.5313e-07 0)
(-0.00313467 1.34007e-06 0)
(-0.00316155 1.78947e-06 0)
(-0.00318793 2.14007e-06 0)
(-0.00324141 2.83356e-06 0)
(-0.00326683 2.46685e-06 0)
(-0.00337292 3.71431e-06 0)
(-0.00333953 -6.83006e-06 0)
(-0.00333389 0.000228047 0)
(5.45854e-06 1.64318e-05 0)
(4.41427e-05 -5.08061e-05 0)
(3.53297e-05 -0.000153413 0)
(-4.03429e-06 -0.000192965 0)
(-2.78441e-05 -0.000165081 0)
(-1.39202e-05 -0.000106176 0)
(2.45075e-05 -7.62307e-05 0)
(6.15514e-05 -0.000106836 0)
(7.04677e-05 -0.000175096 0)
(4.57319e-05 -0.000204247 0)
(-3.94645e-05 -0.000141704 0)
(-0.000140391 3.88751e-05 0)
(-0.000137482 0.000223962 0)
(-9.91806e-05 0.000335115 0)
(-8.19366e-05 0.000419334 0)
(-6.91694e-05 0.000483565 0)
(-6.23044e-05 0.000535944 0)
(-5.36251e-05 0.000576169 0)
(-4.03615e-05 0.000599736 0)
(-2.19866e-05 0.000602678 0)
(-5.35896e-07 0.000581669 0)
(2.16136e-05 0.000537907 0)
(4.37153e-05 0.000471725 0)
(6.41201e-05 0.000386088 0)
(8.29219e-05 0.000284485 0)
(9.69704e-05 0.000164471 0)
(0.000105546 3.30379e-05 0)
(0.000111281 -0.000102074 0)
(0.000115259 -0.000240057 0)
(0.000116504 -0.000378479 0)
(0.000115412 -0.00051513 0)
(0.00011215 -0.000647816 0)
(0.000107193 -0.000774929 0)
(0.00010104 -0.000895331 0)
(9.41415e-05 -0.00100829 0)
(8.69007e-05 -0.00111348 0)
(7.96807e-05 -0.0012109 0)
(7.27913e-05 -0.00130088 0)
(6.64781e-05 -0.00138395 0)
(6.092e-05 -0.00146081 0)
(5.62293e-05 -0.00153231 0)
(5.24441e-05 -0.00159935 0)
(4.95146e-05 -0.00166284 0)
(4.72989e-05 -0.0017236 0)
(4.55806e-05 -0.00178233 0)
(4.40675e-05 -0.0018395 0)
(4.23731e-05 -0.00189536 0)
(4.00956e-05 -0.00194981 0)
(3.68449e-05 -0.00200253 0)
(3.21011e-05 -0.00205282 0)
(2.54444e-05 -0.00209962 0)
(1.66477e-05 -0.00214182 0)
(5.09704e-06 -0.00217799 0)
(-9.55371e-06 -0.00220624 0)
(-2.73358e-05 -0.00222533 0)
(-4.93584e-05 -0.00223318 0)
(-7.66728e-05 -0.00222707 0)
(-0.000108702 -0.00220535 0)
(-0.000144835 -0.00216593 0)
(-0.00018468 -0.00210683 0)
(-0.000228023 -0.0020265 0)
(-0.000274463 -0.0019233 0)
(-0.000323153 -0.00179572 0)
(-0.000372941 -0.00164241 0)
(-0.000421682 -0.00146179 0)
(-0.000466166 -0.0012554 0)
(-0.000509316 -0.00101984 0)
(-0.000534608 -0.000733769 0)
(-0.000469622 -0.000403905 0)
(-0.00027327 -0.000106101 0)
(-1.67611e-06 0.000100347 0)
(0.00026768 0.000207136 0)
(0.00045515 0.000215257 0)
(0.000548508 0.000167748 0)
(0.000557038 9.46554e-05 0)
(0.000489439 1.5565e-05 0)
(0.000350825 -5.42679e-05 0)
(0.000163309 -9.30034e-05 0)
(-2.09854e-05 -8.13936e-05 0)
(-0.000144174 -3.29812e-05 0)
(-0.000190533 1.08028e-05 0)
(-0.000189265 2.51706e-05 0)
(-0.000177067 2.14387e-05 0)
(-0.000158786 2.40918e-05 0)
(-0.000126571 3.89769e-05 0)
(-8.54136e-05 5.84055e-05 0)
(-4.36555e-05 7.59709e-05 0)
(-9.47406e-06 8.88262e-05 0)
(1.19079e-05 9.75862e-05 0)
(1.96763e-05 0.000106897 0)
(1.92721e-05 0.000119331 0)
(1.7168e-05 0.000132489 0)
(1.69145e-05 0.000141788 0)
(1.88321e-05 0.000143696 0)
(2.13154e-05 0.000137505 0)
(2.31717e-05 0.000125662 0)
(2.48993e-05 0.00011121 0)
(2.80696e-05 9.53428e-05 0)
(3.32949e-05 7.77164e-05 0)
(4.00944e-05 5.76251e-05 0)
(4.76401e-05 3.49487e-05 0)
(5.55145e-05 9.695e-06 0)
(6.3733e-05 -1.81929e-05 0)
(7.23977e-05 -4.90808e-05 0)
(8.13272e-05 -8.36715e-05 0)
(8.97617e-05 -0.000122414 0)
(9.65658e-05 -0.000165273 0)
(0.000100388 -0.000211527 0)
(9.99235e-05 -0.000259751 0)
(9.41531e-05 -0.000307877 0)
(8.26073e-05 -0.000353381 0)
(6.55457e-05 -0.000393643 0)
(4.39232e-05 -0.000426346 0)
(1.92589e-05 -0.000449772 0)
(-6.777e-06 -0.00046298 0)
(-3.23979e-05 -0.000465447 0)
(-5.5555e-05 -0.000457481 0)
(-7.45685e-05 -0.000440248 0)
(-8.81339e-05 -0.000415299 0)
(-9.53054e-05 -0.000384604 0)
(-9.56472e-05 -0.000350461 0)
(-8.93937e-05 -0.000315334 0)
(-7.75592e-05 -0.000281552 0)
(-6.16481e-05 -0.000250817 0)
(-4.27242e-05 -0.000223934 0)
(-2.04866e-05 -0.000201439 0)
(6.25283e-06 -0.00018506 0)
(3.76716e-05 -0.000177722 0)
(7.11319e-05 -0.000178773 0)
(0.000103335 -0.000183421 0)
(0.000130003 -0.000184881 0)
(0.000140455 -0.000184114 0)
(0.000136113 -0.000203095 0)
(9.51053e-05 -0.000219037 0)
(1.78627e-05 -0.000212028 0)
(-7.80459e-05 -0.000164887 0)
(-0.000169438 -8.19719e-05 0)
(-0.000245318 1.91398e-05 0)
(-0.000306979 0.000126144 0)
(-0.000358593 0.000235909 0)
(-0.000402802 0.000349023 0)
(-0.000440154 0.000465762 0)
(-0.000470096 0.00058555 0)
(-0.000491652 0.000707016 0)
(-0.000503994 0.00082815 0)
(-0.000506781 0.000946669 0)
(-0.000500209 0.00106039 0)
(-0.000484924 0.00116741 0)
(-0.000461955 0.00126614 0)
(-0.000432558 0.00135549 0)
(-0.000397944 0.00143478 0)
(-0.000359203 0.00150368 0)
(-0.000317255 0.00156201 0)
(-0.000272907 0.00160963 0)
(-0.000226938 0.00164649 0)
(-0.00018007 0.00167269 0)
(-0.000132796 0.00168863 0)
(-8.53243e-05 0.0016946 0)
(-3.86064e-05 0.00169066 0)
(7.19793e-06 0.00167793 0)
(5.25418e-05 0.00165654 0)
(9.70541e-05 0.00162684 0)
(0.000140684 0.00158915 0)
(0.000183321 0.00154385 0)
(0.000224897 0.00149129 0)
(0.000265345 0.00143184 0)
(0.000304602 0.00136587 0)
(0.000342597 0.00129373 0)
(0.000379245 0.00121575 0)
(0.000414434 0.00113222 0)
(0.000448016 0.00104343 0)
(0.000479799 0.00094964 0)
(0.000509526 0.000851083 0)
(0.000536861 0.000747985 0)
(0.000561368 0.000640589 0)
(0.0005825 0.000529187 0)
(0.000599594 0.00041416 0)
(0.000611896 0.000296008 0)
(0.000618556 0.00017538 0)
(0.000618446 5.30854e-05 0)
(0.000610454 -6.98e-05 0)
(0.000593635 -0.000192001 0)
(0.00056686 -0.00031196 0)
(0.000529056 -0.000427685 0)
(0.000479633 -0.000536865 0)
(0.000418434 -0.000636951 0)
(0.000345843 -0.000725287 0)
(0.000262858 -0.000799286 0)
(0.000171058 -0.000856624 0)
(7.27117e-05 -0.000895354 0)
(-3.00352e-05 -0.000914 0)
(-0.000133747 -0.000911031 0)
(-0.000234257 -0.000886674 0)
(-0.000329014 -0.000842252 0)
(-0.000415714 -0.000780621 0)
(-0.000492853 -0.000710396 0)
(-0.000564882 -0.00065635 0)
(-0.000655221 -0.000675735 0)
(-0.00080358 -0.00085396 0)
(-0.00104245 -0.00124593 0)
(4.45802e-06 8.63441e-06 0)
(1.16413e-05 -1.22471e-05 0)
(5.84727e-05 -6.78244e-05 0)
(0.000161961 -0.000124466 0)
(0.000282711 -0.000128192 0)
(0.000363289 -8.26106e-05 0)
(0.000386898 -2.38093e-05 0)
(0.000362198 3.02549e-05 0)
(0.000300395 7.40506e-05 0)
(0.000207669 0.000103141 0)
(9.89294e-05 0.00011206 0)
(-1.10653e-05 0.000100718 0)
(-0.000104131 7.27783e-05 0)
(-0.000167521 3.61548e-05 0)
(-0.000199555 -4.84977e-07 0)
(-0.000199168 -2.69237e-05 0)
(-0.000175481 -3.08848e-05 0)
(-0.000150314 -9.87898e-06 0)
(-0.00014372 1.98054e-05 0)
(-0.000159274 4.2274e-05 0)
(-0.000191843 5.89101e-05 0)
(-0.000248687 7.89749e-05 0)
(-0.000327698 8.66609e-05 0)
(-0.000397223 6.97005e-05 0)
(-0.000444145 3.0351e-05 0)
(-0.000453891 -3.99535e-05 0)
(-0.000402985 -0.000112972 0)
(-0.000317133 -0.000151029 0)
(-0.000229684 -0.00015624 0)
(-0.000152907 -0.00012386 0)
(-0.000101979 -2.1652e-05 0)
(-7.09236e-05 0.000144075 0)
(-0.000122559 0.000202567 0)
(-0.000199411 0.000141684 0)
(-0.000115615 -5.60817e-05 0)
(5.34509e-05 -0.00017333 0)
(0.000204573 -0.000125272 0)
(0.000283351 -9.50253e-05 0)
(0.000379731 -0.000107071 0)
(0.000485326 -0.000112098 0)
(0.000594712 -0.000122073 0)
(0.000709782 -0.000130486 0)
(0.000827607 -0.000138702 0)
(0.000948233 -0.00014585 0)
(0.00106878 -0.000150845 0)
(0.00118688 -0.000152662 0)
(0.00129897 -0.000149885 0)
(0.00140166 -0.000142165 0)
(0.00149196 -0.000129538 0)
(0.0015675 -0.0001128 0)
(0.00162673 -9.2952e-05 0)
(0.00166877 -7.12068e-05 0)
(0.00169325 -4.87963e-05 0)
(0.00169986 -2.66964e-05 0)
(0.00168849 -5.3866e-06 0)
(0.00166041 1.58236e-05 0)
(0.00161462 3.75517e-05 0)
(0.00155093 6.00485e-05 0)
(0.0014685 8.37124e-05 0)
(0.00136647 0.000108764 0)
(0.00124378 0.000135434 0)
(0.00109931 0.000163816 0)
(0.00093208 0.000193905 0)
(0.000741497 0.000225624 0)
(0.000527625 0.000259192 0)
(0.000289146 0.000296367 0)
(1.46303e-05 0.000336764 0)
(-0.000296014 0.00036484 0)
(-0.00060747 0.00037592 0)
(-0.000918419 0.000379183 0)
(-0.00123487 0.000375405 0)
(-0.00155008 0.000361498 0)
(-0.00185196 0.000334692 0)
(-0.0021278 0.000296429 0)
(-0.00236858 0.00024827 0)
(-0.0025662 0.000194349 0)
(-0.00271958 0.000136779 0)
(-0.00282494 7.95801e-05 0)
(-0.00288951 2.07091e-05 0)
(-0.00290653 -4.16409e-05 0)
(-0.00288492 -0.000110077 0)
(-0.00280258 -0.000198258 0)
(-0.00267326 -0.00028926 0)
(-0.00246386 -0.000448564 0)
(-0.00215124 -0.000572623 0)
(-0.00180336 -0.000869204 0)
(-0.000858024 -0.00101881 0)
(-7.64096e-05 -0.000317807 0)
(5.32469e-05 0.000187947 0)
(6.80345e-06 0.000216927 0)
(-0.00010559 0.000174952 0)
(-0.000167333 7.49355e-05 0)
(-0.000162839 1.80003e-06 0)
(-0.00012544 -2.88184e-05 0)
(-9.56027e-05 -2.43395e-05 0)
(-9.57112e-05 -2.26005e-06 0)
(-0.00012829 8.16044e-06 0)
(-0.000158829 -2.36091e-05 0)
(-0.000128446 -7.82182e-05 0)
(-1.00885e-05 -9.6173e-05 0)
(-9.83323e-05 -3.99394e-05 0)
(-0.000104319 -0.000192096 0)
(-9.08768e-05 -0.000308049 0)
(-7.00313e-05 -0.00037908 0)
(-3.56349e-05 -0.000394491 0)
(2.46762e-05 -0.000342748 0)
(0.000103006 -0.000201717 0)
(0.000182821 2.03709e-05 0)
(0.000245795 0.000303356 0)
(0.000271439 0.000610486 0)
(0.000259138 0.00090086 0)
(0.000218894 0.00114585 0)
(0.000158971 0.00132413 0)
(8.92832e-05 0.00142362 0)
(2.3172e-05 0.00144542 0)
(-2.87916e-05 0.0014043 0)
(-6.15518e-05 0.00132348 0)
(-7.93701e-05 0.0012219 0)
(-8.93337e-05 0.00110983 0)
(-9.65616e-05 0.000989746 0)
(-0.000102472 0.00086396 0)
(-0.000106457 0.000737377 0)
(-0.000109928 0.000617642 0)
(-0.000113062 0.000511121 0)
(-0.000113605 0.000415004 0)
(-0.000110558 0.000322291 0)
(-0.000110812 0.00022564 0)
(-0.00012182 0.000114283 0)
(-0.000139597 -2.11196e-05 0)
(-0.00015724 -0.000183585 0)
(-0.00015887 -0.00036217 0)
(-0.000143382 -0.00053169 0)
(-0.000109829 -0.000691429 0)
(-3.31801e-05 -0.000800166 0)
(4.96598e-05 -0.000822162 0)
(0.000105421 -0.000781175 0)
(0.000142902 -0.000693229 0)
(0.000144359 -0.000556893 0)
(0.00010595 -0.000411861 0)
(7.22569e-05 -0.000294781 0)
(6.57617e-05 -0.000184918 0)
(7.01533e-05 -0.000103549 0)
(0.000127459 -0.000115823 0)
(0.000294706 -0.000163354 0)
(0.000429415 -7.07035e-05 0)
(0.000329897 8.4038e-05 0)
(-0.000112112 4.56918e-05 0)
(-0.000476921 -8.79899e-05 0)
(-0.000730306 -0.00026697 0)
(-0.000809177 -0.00041081 0)
(-0.000774019 -0.000577206 0)
(-0.000563378 -0.00070798 0)
(-6.06299e-05 -0.000536083 0)
(0.00042211 -0.000163047 0)
(0.000754106 0.000338269 0)
(0.000757362 0.000880822 0)
(0.000579542 0.00123604 0)
(0.000487338 0.0014555 0)
(0.000404989 0.00167042 0)
(0.000316128 0.0018282 0)
(0.000253586 0.00194826 0)
(0.00019763 0.00204593 0)
(0.0001565 0.00211892 0)
(0.000124444 0.00217912 0)
(9.91798e-05 0.0022263 0)
(8.03615e-05 0.00226458 0)
(6.50406e-05 0.00229577 0)
(5.33993e-05 0.00232083 0)
(4.4044e-05 0.00234151 0)
(3.65109e-05 0.00235821 0)
(3.04271e-05 0.00237172 0)
(2.53063e-05 0.00238246 0)
(2.10308e-05 0.00239069 0)
(1.73467e-05 0.00239668 0)
(1.41308e-05 0.00240052 0)
(1.12296e-05 0.00240226 0)
(8.52374e-06 0.00240183 0)
(5.9212e-06 0.00239915 0)
(3.23062e-06 0.00239394 0)
(2.03832e-07 0.00238575 0)
(-3.55129e-06 0.00237384 0)
(-8.63907e-06 0.00235716 0)
(-1.59158e-05 0.00233415 0)
(-2.64667e-05 0.00230266 0)
(-4.1415e-05 0.00225982 0)
(-6.14082e-05 0.00220211 0)
(-8.56765e-05 0.0021258 0)
(-0.000110785 0.00202796 0)
(-0.000129687 0.00190852 0)
(-0.000132348 0.00177302 0)
(-0.000109989 0.00163504 0)
(-6.35058e-05 0.00151416 0)
(-8.92342e-06 0.00142593 0)
(3.26318e-05 0.00137148 0)
(5.86388e-05 0.00135046 0)
(8.13458e-05 0.00140229 0)
(6.68424e-05 0.00158878 0)
(-4.23517e-05 0.00183964 0)
(-0.000134567 0.00194999 0)
(8.0722e-05 0.00202391 0)
(0.00140043 0.00310012 0)
(0.00205499 0.00276058 0)
(0.00221037 0.00400028 0)
(0.00139733 0.00515118 0)
(0.000555317 0.00473756 0)
(0.000424555 0.00451767 0)
(0.00024595 0.00467785 0)
(-7.67764e-05 0.00461902 0)
(-0.000202011 0.00439024 0)
(-0.000250342 0.00427054 0)
(-0.000349026 0.00414076 0)
(-0.000398225 0.00394401 0)
(-0.00039574 0.00377428 0)
(-0.000400668 0.00362921 0)
(-0.000399471 0.00347472 0)
(-0.000378749 0.00333078 0)
(-0.000356692 0.00320859 0)
(-0.000338404 0.00309578 0)
(-0.000318194 0.00299083 0)
(-0.000298611 0.00289816 0)
(-0.000283257 0.00281474 0)
(-0.000270966 0.00273708 0)
(-0.000261 0.00266519 0)
(-0.00025416 0.00259848 0)
(-0.000250332 0.00253528 0)
(-0.000248896 0.00247494 0)
(-0.000249753 0.00241729 0)
(-0.000252861 0.00236189 0)
(-0.000257938 0.0023084 0)
(-0.000264723 0.00225676 0)
(-0.000272943 0.00220692 0)
(-0.000282049 0.00215884 0)
(-0.000291277 0.00211276 0)
(-0.000299716 0.00206903 0)
(-0.000306172 0.00202808 0)
(-0.000309059 0.00199062 0)
(-0.000306401 0.00195742 0)
(-0.000295756 0.00192876 0)
(-0.000274492 0.00190442 0)
(-0.000238695 0.00188458 0)
(-0.000183956 0.00187104 0)
(-0.000106012 0.00186657 0)
(2.73605e-08 0.00187702 0)
(0.000137324 0.001909 0)
(0.000303108 0.00196376 0)
(0.000487026 0.00204199 0)
(0.000679277 0.00215149 0)
(0.000876314 0.00230045 0)
(0.00107355 0.00249806 0)
(0.00125484 0.00275823 0)
(0.00139272 0.00307356 0)
(0.00147489 0.00339785 0)
(0.00152645 0.00368772 0)
(0.00157967 0.00396979 0)
(0.00161895 0.00430748 0)
(0.00159607 0.00469181 0)
(0.00150194 0.00502973 0)
(0.00138222 0.00527516 0)
(0.00127247 0.00548454 0)
(0.00116242 0.00570056 0)
(0.00103701 0.00590398 0)
(0.000901362 0.00607201 0)
(0.000763875 0.00620953 0)
(0.000625668 0.00632472 0)
(0.000486948 0.0064169 0)
(0.000348609 0.00648555 0)
(0.000209688 0.00653167 0)
(7.14726e-05 0.00655464 0)
(-6.18461e-05 0.00655512 0)
(-0.000188391 0.00653718 0)
(-0.000312448 0.00650535 0)
(-0.000436842 0.00645815 0)
(-0.000560156 0.00639561 0)
(-0.000683339 0.00631912 0)
(-0.000807149 0.00622874 0)
(-0.000931791 0.0061249 0)
(-0.001058 0.00600832 0)
(-0.00118641 0.00587942 0)
(-0.00131769 0.00573872 0)
(-0.00145266 0.00558677 0)
(-0.00159221 0.00542396 0)
(-0.00173733 0.00525059 0)
(-0.0018891 0.0050667 0)
(-0.00204867 0.00487204 0)
(-0.00221716 0.00466594 0)
(-0.00239564 0.00444731 0)
(-0.002585 0.00421469 0)
(-0.00278595 0.00396637 0)
(-0.00299898 0.00370062 0)
(-0.00322442 0.00341594 0)
(-0.00346246 0.00311126 0)
(-0.00371328 0.00278615 0)
(-0.0039774 0.00244085 0)
(-0.00425614 0.00207624 0)
(-0.00455086 0.00169377 0)
(-0.00485634 0.00129551 0)
(-0.00519174 0.000888186 0)
(-0.00557028 0.0004668 0)
(-0.00590951 -7.7261e-05 0)
(-0.00581476 0.00126507 0)
)
;
    }
    frontAndBack
    {
        type            empty;
    }
}


// ************************************************************************* //
