/*--------------------------------*- C++ -*----------------------------------*\
  =========                 |
  \\      /  F ield         | OpenFOAM: The Open Source CFD Toolbox
   \\    /   O peration     | Website:  https://openfoam.org
    \\  /    A nd           | Version:  7
     \\/     M anipulation  |
\*---------------------------------------------------------------------------*/
FoamFile
{
    version     2.0;
    format      ascii;
    class       volVectorField;
    location    "0.26";
    object      wallShearStress;
}
// * * * * * * * * * * * * * * * * * * * * * * * * * * * * * * * * * * * * * //

dimensions      [0 2 -2 0 0 0 0];

internalField   uniform (0 0 0);

boundaryField
{
    velocityInlet
    {
        type            calculated;
        value           uniform (0 0 0);
    }
    pressureOutlet
    {
        type            calculated;
        value           uniform (0 0 0);
    }
    fixedWalls
    {
        type            calculated;
        value           nonuniform List<vector> 
100
(
(0.00881882 0.000146671 0)
(0.0025764 0.000301306 0)
(0.00480804 -3.50041e-05 0)
(0.00342541 -5.95681e-05 0)
(0.00389029 5.30193e-05 0)
(0.0029272 3.23393e-05 0)
(0.00259956 6.82861e-05 0)
(0.00194949 8.46106e-05 0)
(0.00133134 9.15225e-05 0)
(0.000699785 9.45786e-05 0)
(7.8256e-05 9.28834e-05 0)
(-0.000517656 8.78249e-05 0)
(-0.00107531 8.05646e-05 0)
(-0.00158574 7.21442e-05 0)
(-0.00204531 6.3534e-05 0)
(-0.00246129 5.67854e-05 0)
(-0.00285787 5.551e-05 0)
(-0.00327175 6.10981e-05 0)
(-0.003709 6.34745e-05 0)
(-0.00405107 3.47656e-05 0)
(-0.00406676 -2.99451e-05 0)
(-0.00391316 -4.42074e-05 0)
(-0.00444291 8.85528e-05 0)
(-0.00594666 0.000210977 0)
(-0.00757901 0.000191375 0)
(-0.00927538 0.000262838 0)
(-0.0114613 0.000399458 0)
(-0.0121491 0.000171269 0)
(-0.00816666 -0.000781126 0)
(0.00091099 -0.00128288 0)
(0.00955396 -0.00129821 0)
(0.0149672 -0.000798339 0)
(0.0161837 -0.000169801 0)
(0.0136266 0.000354673 0)
(0.00875796 0.000610458 0)
(0.00338847 0.000589667 0)
(-0.00108742 0.000448178 0)
(-0.00406791 0.000259544 0)
(-0.00566514 0.000118868 0)
(-0.00626506 3.49642e-05 0)
(-0.00627988 -9.83816e-06 0)
(-0.00600826 -3.1297e-05 0)
(-0.00563286 -3.85228e-05 0)
(-0.0052531 -3.85128e-05 0)
(-0.00492591 -3.30303e-05 0)
(-0.00470506 -2.02058e-05 0)
(-0.00465121 1.14009e-06 0)
(-0.00478878 2.67693e-05 0)
(-0.00505841 4.24076e-05 0)
(-0.00533417 4.20711e-05 0)
(-0.00549275 3.10552e-05 0)
(-0.00547315 1.44692e-05 0)
(-0.00527403 -1.03368e-06 0)
(-0.00489182 -1.97929e-05 0)
(-0.00426864 -5.18325e-05 0)
(-0.00331556 -9.98052e-05 0)
(-0.00202287 -0.00014814 0)
(-0.000572861 -0.00016724 0)
(0.000690249 -0.000140864 0)
(0.00142116 -7.4108e-05 0)
(0.00152599 -4.18008e-06 0)
(0.00116867 4.28075e-05 0)
(0.000610449 5.81389e-05 0)
(6.43604e-05 5.27842e-05 0)
(-0.000356735 3.74387e-05 0)
(-0.000629845 2.13486e-05 0)
(-0.000789108 9.87025e-06 0)
(-0.000889376 4.78325e-06 0)
(-0.00098214 5.4679e-06 0)
(-0.00110112 9.4467e-06 0)
(-0.0012562 1.4007e-05 0)
(-0.00143642 1.70054e-05 0)
(-0.00161971 1.74459e-05 0)
(-0.00178343 1.55028e-05 0)
(-0.00191173 1.20677e-05 0)
(-0.00199817 8.12582e-06 0)
(-0.00204477 4.52993e-06 0)
(-0.00205868 1.78714e-06 0)
(-0.00204955 -2.81013e-07 0)
(-0.00202689 -1.35101e-06 0)
(-0.00199932 -1.61071e-06 0)
(-0.00197268 -1.28946e-06 0)
(-0.0019488 -8.40616e-07 0)
(-0.00192062 -1.03577e-06 0)
(-0.00187087 -3.03419e-06 0)
(-0.00177366 -7.41082e-06 0)
(-0.00161366 -1.31317e-05 0)
(-0.00140612 -1.69792e-05 0)
(-0.00120465 -1.61891e-05 0)
(-0.00107342 -9.75988e-06 0)
(-0.00104751 -1.81471e-06 0)
(-0.0011274 6.01032e-06 0)
(-0.00126498 1.00857e-05 0)
(-0.00144003 1.20387e-05 0)
(-0.00158285 1.06965e-05 0)
(-0.00173365 9.23153e-06 0)
(-0.00180138 6.89889e-06 0)
(-0.00189687 4.19662e-06 0)
(-0.00189456 2.45485e-06 0)
(-0.00189647 -3.80705e-07 0)
)
;
    }
    bottomWall
    {
        type            calculated;
        value           nonuniform List<vector> 
800
(
(-0.0353488 0.00214398 0)
(-0.0160265 0.000524836 0)
(-0.0106076 0.000100718 0)
(-0.0084557 3.52606e-05 0)
(-0.00748591 1.98607e-05 0)
(-0.0068522 1.61209e-05 0)
(-0.00634467 1.33543e-05 0)
(-0.00593352 1.08975e-05 0)
(-0.00559875 9.07544e-06 0)
(-0.00531994 7.75865e-06 0)
(-0.0050825 6.76162e-06 0)
(-0.00487698 5.97411e-06 0)
(-0.00469689 5.33615e-06 0)
(-0.00453749 4.81031e-06 0)
(-0.00439522 4.37087e-06 0)
(-0.00426727 3.99914e-06 0)
(-0.00415146 3.68111e-06 0)
(-0.00404606 3.40652e-06 0)
(-0.00394963 3.16741e-06 0)
(-0.00386102 2.95758e-06 0)
(-0.00377926 2.77224e-06 0)
(-0.00370356 2.60739e-06 0)
(-0.00363325 2.46006e-06 0)
(-0.00356772 2.32779e-06 0)
(-0.0035065 2.20841e-06 0)
(-0.00344916 2.10015e-06 0)
(-0.00339533 2.0017e-06 0)
(-0.00334467 1.91181e-06 0)
(-0.00329692 1.82945e-06 0)
(-0.00325182 1.75389e-06 0)
(-0.00320915 1.68416e-06 0)
(-0.00316872 1.61972e-06 0)
(-0.00313034 1.56013e-06 0)
(-0.00309387 1.50467e-06 0)
(-0.00305916 1.45317e-06 0)
(-0.00302608 1.40506e-06 0)
(-0.00299454 1.35998e-06 0)
(-0.00296441 1.31798e-06 0)
(-0.0029356 1.27846e-06 0)
(-0.00290804 1.24126e-06 0)
(-0.00288164 1.20629e-06 0)
(-0.00285633 1.17325e-06 0)
(-0.00283205 1.14215e-06 0)
(-0.00280874 1.1126e-06 0)
(-0.00278634 1.08476e-06 0)
(-0.00276479 1.05828e-06 0)
(-0.00274405 1.03352e-06 0)
(-0.00272409 1.00898e-06 0)
(-0.00270485 9.87111e-07 0)
(-0.00268631 9.6365e-07 0)
(-0.00267082 9.44255e-07 0)
(-0.00265803 9.33448e-07 0)
(-0.0026454 9.19432e-07 0)
(-0.00263297 9.04537e-07 0)
(-0.00262073 8.9064e-07 0)
(-0.00260868 8.77156e-07 0)
(-0.00259681 8.64052e-07 0)
(-0.00258511 8.51349e-07 0)
(-0.00257359 8.38904e-07 0)
(-0.00256223 8.26713e-07 0)
(-0.00255104 8.14769e-07 0)
(-0.00254001 8.03234e-07 0)
(-0.00252913 7.91772e-07 0)
(-0.00251841 7.80715e-07 0)
(-0.00250783 7.69895e-07 0)
(-0.0024974 7.58973e-07 0)
(-0.00248712 7.48617e-07 0)
(-0.00247698 7.3849e-07 0)
(-0.00246697 7.28424e-07 0)
(-0.0024571 7.18585e-07 0)
(-0.00244737 7.08971e-07 0)
(-0.00243776 6.99579e-07 0)
(-0.00242828 6.90242e-07 0)
(-0.00241893 6.81292e-07 0)
(-0.00240969 6.72394e-07 0)
(-0.00240058 6.63713e-07 0)
(-0.00239157 6.55248e-07 0)
(-0.00238269 6.46832e-07 0)
(-0.00237392 6.38629e-07 0)
(-0.00236526 6.30639e-07 0)
(-0.00235671 6.2286e-07 0)
(-0.00234826 6.14959e-07 0)
(-0.00233993 6.07434e-07 0)
(-0.00233168 6.00117e-07 0)
(-0.00232354 5.92676e-07 0)
(-0.0023155 5.85609e-07 0)
(-0.00230756 5.78581e-07 0)
(-0.00229971 5.71591e-07 0)
(-0.00229195 5.64972e-07 0)
(-0.00228428 5.58391e-07 0)
(-0.00227671 5.51846e-07 0)
(-0.00226922 5.45335e-07 0)
(-0.00226182 5.39025e-07 0)
(-0.0022545 5.32915e-07 0)
(-0.00224727 5.26838e-07 0)
(-0.00224012 5.20958e-07 0)
(-0.00223304 5.15108e-07 0)
(-0.00222605 5.09454e-07 0)
(-0.00221913 5.03829e-07 0)
(-0.00221229 4.98064e-07 0)
(-0.00220553 4.92661e-07 0)
(-0.00219884 4.8745e-07 0)
(-0.00219222 4.82099e-07 0)
(-0.00218568 4.76773e-07 0)
(-0.0021792 4.71805e-07 0)
(-0.00217279 4.66861e-07 0)
(-0.00216645 4.61941e-07 0)
(-0.00216018 4.57044e-07 0)
(-0.00215397 4.52171e-07 0)
(-0.00214783 4.47653e-07 0)
(-0.00214175 4.42991e-07 0)
(-0.00213573 4.38351e-07 0)
(-0.00212978 4.34066e-07 0)
(-0.00212388 4.29635e-07 0)
(-0.00211804 4.25226e-07 0)
(-0.00211226 4.21169e-07 0)
(-0.00210654 4.16967e-07 0)
(-0.00210087 4.12785e-07 0)
(-0.00209526 4.08789e-07 0)
(-0.00208971 4.04813e-07 0)
(-0.0020842 4.00856e-07 0)
(-0.00207876 3.97083e-07 0)
(-0.00207336 3.93331e-07 0)
(-0.00206801 3.89595e-07 0)
(-0.00206271 3.86046e-07 0)
(-0.00205747 3.82347e-07 0)
(-0.00205227 3.78832e-07 0)
(-0.00204712 3.75335e-07 0)
(-0.00204202 3.7202e-07 0)
(-0.00203695 3.68721e-07 0)
(-0.00203194 3.65272e-07 0)
(-0.00202697 3.62004e-07 0)
(-0.00202205 3.58921e-07 0)
(-0.00201717 3.55683e-07 0)
(-0.00201233 3.52461e-07 0)
(-0.00200754 3.49585e-07 0)
(-0.00200278 3.4656e-07 0)
(-0.00199807 3.43711e-07 0)
(-0.00199339 3.40716e-07 0)
(-0.00198876 3.37726e-07 0)
(-0.00198417 3.35096e-07 0)
(-0.00197961 3.32292e-07 0)
(-0.00197509 3.29533e-07 0)
(-0.00197061 3.26905e-07 0)
(-0.00196616 3.24194e-07 0)
(-0.00196175 3.2156e-07 0)
(-0.00195737 3.19079e-07 0)
(-0.00195304 3.16417e-07 0)
(-0.00194873 3.14163e-07 0)
(-0.00194446 3.11481e-07 0)
(-0.00194087 3.09079e-07 0)
(-0.00193794 3.07744e-07 0)
(-0.001935 3.06253e-07 0)
(-0.00193206 3.04429e-07 0)
(-0.00192911 3.02659e-07 0)
(-0.00192616 3.01151e-07 0)
(-0.00192321 2.99664e-07 0)
(-0.00192025 2.97948e-07 0)
(-0.00191728 2.96236e-07 0)
(-0.00191431 2.94763e-07 0)
(-0.00191134 2.93293e-07 0)
(-0.00190836 2.91607e-07 0)
(-0.00190538 2.89935e-07 0)
(-0.00190239 2.88263e-07 0)
(-0.0018994 2.86608e-07 0)
(-0.00189641 2.85172e-07 0)
(-0.00189341 2.83743e-07 0)
(-0.0018904 2.82107e-07 0)
(-0.00188739 2.80478e-07 0)
(-0.00188438 2.79071e-07 0)
(-0.00188136 2.77459e-07 0)
(-0.00187834 2.75854e-07 0)
(-0.00187531 2.7447e-07 0)
(-0.00187228 2.7288e-07 0)
(-0.00186925 2.71306e-07 0)
(-0.00186621 2.69938e-07 0)
(-0.00186316 2.68375e-07 0)
(-0.00186012 2.66824e-07 0)
(-0.00185707 2.65279e-07 0)
(-0.00185401 2.63938e-07 0)
(-0.00185095 2.62612e-07 0)
(-0.00184788 2.60894e-07 0)
(-0.00184482 2.59388e-07 0)
(-0.00184175 2.58077e-07 0)
(-0.00183867 2.56771e-07 0)
(-0.00183559 2.55288e-07 0)
(-0.0018325 2.53807e-07 0)
(-0.00182941 2.52338e-07 0)
(-0.00182632 2.50879e-07 0)
(-0.00182323 2.49607e-07 0)
(-0.00182013 2.48165e-07 0)
(-0.00181702 2.46726e-07 0)
(-0.00181391 2.45475e-07 0)
(-0.0018108 2.44053e-07 0)
(-0.00180768 2.42637e-07 0)
(-0.00180456 2.41407e-07 0)
(-0.00180143 2.40004e-07 0)
(-0.0017983 2.38611e-07 0)
(-0.00179517 2.37227e-07 0)
(-0.00179203 2.35848e-07 0)
(-0.00178889 2.3448e-07 0)
(-0.00178575 2.33284e-07 0)
(-0.0017826 2.31928e-07 0)
(-0.00177945 2.30579e-07 0)
(-0.00177629 2.29402e-07 0)
(-0.00177313 2.28069e-07 0)
(-0.00176996 2.2674e-07 0)
(-0.0017668 2.25422e-07 0)
(-0.00176362 2.24109e-07 0)
(-0.00176045 2.22807e-07 0)
(-0.00175727 2.21668e-07 0)
(-0.00175409 2.20537e-07 0)
(-0.00175089 2.19256e-07 0)
(-0.0017477 2.1783e-07 0)
(-0.00174451 2.16714e-07 0)
(-0.0017413 2.15618e-07 0)
(-0.0017381 2.14213e-07 0)
(-0.00173489 2.13127e-07 0)
(-0.00173168 2.12046e-07 0)
(-0.00172846 2.10679e-07 0)
(-0.00172524 2.09611e-07 0)
(-0.00172201 2.08558e-07 0)
(-0.00171878 2.07358e-07 0)
(-0.00171554 2.06329e-07 0)
(-0.0017123 2.0513e-07 0)
(-0.00170906 2.04142e-07 0)
(-0.0017058 2.03079e-07 0)
(-0.00170254 2.02006e-07 0)
(-0.00169928 2.01045e-07 0)
(-0.00169601 2.00096e-07 0)
(-0.00169274 1.98856e-07 0)
(-0.00168945 1.98339e-07 0)
(-0.00168617 1.96967e-07 0)
(-0.00168285 1.96866e-07 0)
(-0.00167957 1.94779e-07 0)
(-0.00167622 1.95991e-07 0)
(-0.00167295 1.91961e-07 0)
(-0.00166954 1.96027e-07 0)
(-0.00166633 1.88141e-07 0)
(-0.00166278 1.98745e-07 0)
(-0.0016597 1.80934e-07 0)
(-0.00165591 2.0635e-07 0)
(-0.00165312 1.67155e-07 0)
(-0.00164886 2.24029e-07 0)
(-0.00164664 1.40198e-07 0)
(-0.00164154 2.60467e-07 0)
(-0.00164034 8.87854e-08 0)
(-0.00163392 3.25165e-07 0)
(-0.0016342 6.7908e-09 0)
(-0.00162607 3.58242e-07 0)
(-0.0353488 -0.00214397 0)
(-0.0160267 -0.000524825 0)
(-0.0106082 -0.000100702 0)
(-0.00845685 -3.52438e-05 0)
(-0.00748777 -1.98411e-05 0)
(-0.00685488 -1.60996e-05 0)
(-0.00634818 -1.3333e-05 0)
(-0.00593781 -1.08768e-05 0)
(-0.00560379 -9.05569e-06 0)
(-0.00532566 -7.74017e-06 0)
(-0.00508884 -6.74447e-06 0)
(-0.00488387 -5.95795e-06 0)
(-0.00470432 -5.3203e-06 0)
(-0.00454546 -4.79427e-06 0)
(-0.00440373 -4.35384e-06 0)
(-0.00427637 -3.98014e-06 0)
(-0.00416123 -3.65957e-06 0)
(-0.00405656 -3.38178e-06 0)
(-0.00396098 -3.13878e-06 0)
(-0.00387333 -2.92455e-06 0)
(-0.00379265 -2.7342e-06 0)
(-0.00371818 -2.56386e-06 0)
(-0.00364923 -2.41055e-06 0)
(-0.00358524 -2.27165e-06 0)
(-0.00352572 -2.14508e-06 0)
(-0.00347027 -2.02893e-06 0)
(-0.00341853 -1.92185e-06 0)
(-0.00337018 -1.82267e-06 0)
(-0.00332496 -1.72994e-06 0)
(-0.00328265 -1.64297e-06 0)
(-0.00324304 -1.56063e-06 0)
(-0.00320594 -1.48281e-06 0)
(-0.00317123 -1.40747e-06 0)
(-0.00313875 -1.33568e-06 0)
(-0.0031084 -1.26419e-06 0)
(-0.00308008 -1.19534e-06 0)
(-0.00305371 -1.12255e-06 0)
(-0.00302934 -1.05142e-06 0)
(-0.0030067 -9.70168e-07 0)
(-0.00298635 -8.83773e-07 0)
(-0.00296731 -7.80982e-07 0)
(-0.00295188 -6.41824e-07 0)
(-0.00293637 -4.98318e-07 0)
(-0.00292881 -1.92894e-07 0)
(-0.0029169 2.24553e-08 0)
(-0.00292516 8.34447e-07 0)
(-0.00291964 1.19381e-06 0)
(-0.00295778 3.91091e-06 0)
(-0.00300776 -2.78831e-06 0)
(-0.0027791 0.000214059 0)
(5.21568e-05 -1.17469e-05 0)
(8.3347e-05 -0.000142696 0)
(6.34847e-05 -0.000287938 0)
(1.15911e-05 -0.000367634 0)
(-1.92346e-05 -0.000362117 0)
(5.18271e-06 -0.000318443 0)
(5.70803e-05 -0.000336082 0)
(9.53017e-05 -0.000423886 0)
(6.39913e-05 -0.000503872 0)
(-8.08117e-05 -0.000421015 0)
(-0.000151438 -0.000167512 0)
(-0.000139538 1.12029e-05 0)
(-0.000181884 0.000197268 0)
(-0.000224358 0.000419442 0)
(-0.000236775 0.000656308 0)
(-0.00020419 0.000857934 0)
(-0.000146822 0.000993322 0)
(-8.71225e-05 0.0010616 0)
(-3.17666e-05 0.00106826 0)
(1.56228e-05 0.0010257 0)
(5.48935e-05 0.00094426 0)
(8.83178e-05 0.000830772 0)
(0.000118063 0.000689852 0)
(0.000145524 0.000523909 0)
(0.000170306 0.000335239 0)
(0.000193592 0.000126744 0)
(0.000213885 -0.000103339 0)
(0.000235258 -0.000355057 0)
(0.000252471 -0.000621924 0)
(0.000263879 -0.00089651 0)
(0.000269502 -0.00117545 0)
(0.000269604 -0.0014553 0)
(0.000264858 -0.00173342 0)
(0.000255714 -0.00200616 0)
(0.000242167 -0.00226737 0)
(0.000224648 -0.00251354 0)
(0.000203593 -0.00274172 0)
(0.000179426 -0.00294938 0)
(0.000152662 -0.00313458 0)
(0.000123614 -0.00329571 0)
(9.28906e-05 -0.00343144 0)
(6.09694e-05 -0.00354142 0)
(2.77743e-05 -0.00362475 0)
(-5.56437e-06 -0.00368138 0)
(-3.95892e-05 -0.00371293 0)
(-7.58748e-05 -0.00371704 0)
(-0.000113078 -0.00369366 0)
(-0.000149994 -0.00364438 0)
(-0.000186145 -0.00356998 0)
(-0.000221537 -0.00347156 0)
(-0.000256374 -0.00335017 0)
(-0.000290897 -0.00320658 0)
(-0.000325271 -0.0030413 0)
(-0.000359398 -0.00285467 0)
(-0.000392692 -0.00264704 0)
(-0.000423864 -0.00241887 0)
(-0.000450837 -0.00217101 0)
(-0.000470113 -0.00190451 0)
(-0.000475869 -0.00162297 0)
(-0.000461139 -0.00133221 0)
(-0.000419575 -0.00104252 0)
(-0.000354633 -0.000771133 0)
(-0.000283647 -0.000523983 0)
(-0.000209363 -0.000295381 0)
(-0.000113817 -9.0939e-05 0)
(4.67616e-06 7.09821e-05 0)
(0.000128207 0.000178868 0)
(0.000242001 0.000231572 0)
(0.000327703 0.000235737 0)
(0.000363862 0.000201303 0)
(0.000348829 0.00015052 0)
(0.000290707 9.69872e-05 0)
(0.000197172 5.30037e-05 0)
(8.54416e-05 3.13026e-05 0)
(-1.66459e-05 3.81797e-05 0)
(-8.1535e-05 6.04441e-05 0)
(-0.000104223 7.64975e-05 0)
(-9.93574e-05 7.59366e-05 0)
(-8.38774e-05 6.53919e-05 0)
(-6.10582e-05 5.64567e-05 0)
(-2.97977e-05 5.16956e-05 0)
(6.58185e-06 4.64024e-05 0)
(3.80505e-05 3.65654e-05 0)
(5.54124e-05 2.3775e-05 0)
(5.50592e-05 1.40432e-05 0)
(3.95537e-05 1.20674e-05 0)
(1.35131e-05 2.01206e-05 0)
(-1.85955e-05 3.92106e-05 0)
(-5.30702e-05 7.0306e-05 0)
(-8.70883e-05 0.000113755 0)
(-0.000118822 0.00016914 0)
(-0.00014709 0.000235327 0)
(-0.000171449 0.00031065 0)
(-0.000191775 0.00039328 0)
(-0.000207915 0.000481278 0)
(-0.000219741 0.000572609 0)
(-0.000227105 0.000665295 0)
(-0.000229682 0.00075743 0)
(-0.00022693 0.000847056 0)
(-0.000218153 0.000932058 0)
(-0.000202643 0.00101008 0)
(-0.000179863 0.00107856 0)
(-0.000149636 0.00113475 0)
(-0.000112258 0.00117591 0)
(-6.87848e-05 0.00120113 0)
(-2.08039e-05 0.00120794 0)
(2.97886e-05 0.00119493 0)
(8.15611e-05 0.00116194 0)
(0.000132818 0.00110876 0)
(0.000181387 0.00103596 0)
(0.000224893 0.000944853 0)
(0.000260769 0.000837566 0)
(0.000286277 0.000717194 0)
(0.000298913 0.000587862 0)
(0.000298955 0.000458263 0)
(0.000283314 0.000328841 0)
(0.000251129 0.000204248 0)
(0.000202262 9.02028e-05 0)
(0.000137779 -6.84558e-06 0)
(6.15942e-05 -7.96156e-05 0)
(-1.94755e-05 -0.000122642 0)
(-9.67512e-05 -0.000131876 0)
(-0.000159657 -0.000107315 0)
(-0.00019494 -5.32251e-05 0)
(-0.000196146 1.69182e-05 0)
(-0.000163389 8.53074e-05 0)
(-0.000110391 0.000137629 0)
(-5.43467e-05 0.000171627 0)
(-6.26324e-06 0.00019378 0)
(3.14052e-05 0.000210371 0)
(6.00128e-05 0.000221733 0)
(7.92617e-05 0.000221106 0)
(8.66317e-05 0.000202198 0)
(8.50097e-05 0.00017492 0)
(7.94447e-05 0.00015232 0)
(7.15665e-05 0.000137167 0)
(6.23123e-05 0.000127766 0)
(5.26219e-05 0.000122028 0)
(4.35054e-05 0.000118429 0)
(3.59306e-05 0.00011627 0)
(3.03846e-05 0.000115155 0)
(2.69879e-05 0.000114591 0)
(2.57876e-05 0.000114021 0)
(2.68837e-05 0.000112852 0)
(3.03875e-05 0.000110423 0)
(3.63187e-05 0.000106015 0)
(4.45551e-05 9.89599e-05 0)
(5.48662e-05 8.86793e-05 0)
(6.69103e-05 7.46452e-05 0)
(8.022e-05 5.64455e-05 0)
(9.42582e-05 3.38624e-05 0)
(0.000108303 6.86797e-06 0)
(0.000121577 -2.42077e-05 0)
(0.00013351 -5.88302e-05 0)
(0.000143603 -9.64104e-05 0)
(0.00015138 -0.000136248 0)
(0.00015713 -0.000178255 0)
(0.000160589 -0.000221995 0)
(0.00016113 -0.000266401 0)
(0.000158597 -0.000310731 0)
(0.000152937 -0.000354224 0)
(0.00014419 -0.000396137 0)
(0.000132479 -0.000435815 0)
(0.000117943 -0.000472666 0)
(0.000100779 -0.000506122 0)
(8.12332e-05 -0.000535675 0)
(5.95954e-05 -0.000560888 0)
(3.61955e-05 -0.000581395 0)
(1.13923e-05 -0.000596913 0)
(-1.44265e-05 -0.000607238 0)
(-4.08627e-05 -0.000612225 0)
(-6.74179e-05 -0.000611763 0)
(-9.35294e-05 -0.000605916 0)
(-0.000118749 -0.0005948 0)
(-0.000142592 -0.000578519 0)
(-0.000164493 -0.000557302 0)
(-0.000183874 -0.000531481 0)
(-0.000200178 -0.000501471 0)
(-0.000212879 -0.000467722 0)
(-0.000221474 -0.000430727 0)
(-0.000225474 -0.00039107 0)
(-0.00022445 -0.000349478 0)
(-0.000218086 -0.000306797 0)
(-0.000206212 -0.000263979 0)
(-0.000188853 -0.000222097 0)
(-0.00016629 -0.000182309 0)
(-0.000139078 -0.000145758 0)
(-0.000108011 -0.000113454 0)
(-7.40669e-05 -8.61997e-05 0)
(-3.83354e-05 -6.46096e-05 0)
(-1.998e-06 -4.93359e-05 0)
(3.35209e-05 -4.15483e-05 0)
(6.61081e-05 -4.37375e-05 0)
(9.20774e-05 -6.09045e-05 0)
(0.00010474 -0.000102163 0)
(9.21729e-05 -0.000182582 0)
(3.34575e-05 -0.000324387 0)
(-0.000107062 -0.000554065 0)
(-0.000383924 -0.00088596 0)
(-0.000783484 -0.00126865 0)
(2.38493e-06 -4.58894e-05 0)
(7.5311e-05 -6.97573e-05 0)
(0.000154764 -8.70483e-05 0)
(0.000233183 -8.32615e-05 0)
(0.00028894 -5.91975e-05 0)
(0.000312404 -2.57907e-05 0)
(0.000303899 3.92074e-06 0)
(0.000273833 2.04774e-05 0)
(0.000238314 2.15776e-05 0)
(0.000213396 1.41472e-05 0)
(0.000204017 9.61923e-06 0)
(0.000204899 1.11627e-05 0)
(0.000206938 1.55773e-05 0)
(0.000200881 2.22362e-05 0)
(0.000183389 3.47323e-05 0)
(0.000145379 5.341e-05 0)
(8.46503e-05 7.06956e-05 0)
(1.04195e-05 7.6659e-05 0)
(-6.14021e-05 7.01512e-05 0)
(-0.000117823 5.95171e-05 0)
(-0.000161499 5.18073e-05 0)
(-0.000190979 4.43362e-05 0)
(-0.000217498 2.1975e-05 0)
(-0.000244952 -6.45591e-05 0)
(-0.000207853 -0.00019056 0)
(-0.00016173 -0.000173847 0)
(-0.000119486 -4.10523e-05 0)
(-8.2091e-05 0.000295102 0)
(-0.000140837 0.000601831 0)
(-0.000269434 0.000471898 0)
(-0.000189203 -0.000144131 0)
(0.000411648 -0.000830367 0)
(0.00119093 -0.000752572 0)
(0.00152589 -0.000516089 0)
(0.00182227 -0.000553032 0)
(0.00215556 -0.000476534 0)
(0.00234445 -0.000314455 0)
(0.00242664 -0.000171708 0)
(0.00243434 -7.05459e-05 0)
(0.00240523 -7.40633e-06 0)
(0.00235269 2.90631e-05 0)
(0.00229 5.53749e-05 0)
(0.00221269 7.88371e-05 0)
(0.00212425 9.40988e-05 0)
(0.00202968 0.00010723 0)
(0.00192714 0.00011921 0)
(0.00181771 0.000128981 0)
(0.00170246 0.000137294 0)
(0.00158172 0.000144608 0)
(0.00145571 0.000151409 0)
(0.00132426 0.000158087 0)
(0.00118683 0.000164993 0)
(0.00104266 0.000172502 0)
(0.000890669 0.000180946 0)
(0.000729663 0.000190564 0)
(0.000558053 0.000200939 0)
(0.000378487 0.000212691 0)
(0.000190358 0.000227116 0)
(-1.17745e-05 0.000242495 0)
(-0.000228272 0.000258498 0)
(-0.00045777 0.000274603 0)
(-0.000700938 0.000291415 0)
(-0.000958207 0.000308979 0)
(-0.00123017 0.000326329 0)
(-0.0015149 0.000340253 0)
(-0.00180927 0.000351895 0)
(-0.00211202 0.000360958 0)
(-0.00242023 0.000364387 0)
(-0.00272747 0.000361794 0)
(-0.00303076 0.000348173 0)
(-0.00331806 0.000320446 0)
(-0.0035832 0.000273948 0)
(-0.00380744 0.000196322 0)
(-0.00397254 8.62253e-05 0)
(-0.00405714 -8.60618e-05 0)
(-0.00400902 -0.000307721 0)
(-0.00382108 -0.000636532 0)
(-0.00335319 -0.000984419 0)
(-0.0026055 -0.00145284 0)
(-0.00112237 -0.00163337 0)
(0.000173248 -0.000703322 0)
(0.000523344 -2.55849e-06 0)
(0.000675689 0.000182445 0)
(0.000644695 0.000107995 0)
(0.000619911 -0.000222533 0)
(0.000821149 -0.000306075 0)
(0.0010514 -0.000216921 0)
(0.00116511 -0.000146943 0)
(0.00120885 -5.07309e-05 0)
(0.00118262 3.02547e-05 0)
(0.00109599 8.58162e-05 0)
(0.000990751 0.00011457 0)
(0.000875804 0.000135121 0)
(0.000742096 0.000160438 0)
(0.000587594 0.000179012 0)
(0.000420938 0.000181722 0)
(0.000259006 0.000162185 0)
(0.000121885 0.000122596 0)
(2.81042e-05 7.05628e-05 0)
(-1.14803e-05 2.3543e-05 0)
(1.24102e-05 1.27908e-05 0)
(1.44625e-05 5.5799e-05 0)
(2.20316e-05 0.000111197 0)
(3.16538e-05 0.000186043 0)
(3.59089e-05 0.000264235 0)
(2.84723e-05 0.000329075 0)
(1.42943e-05 0.000371787 0)
(5.07224e-06 0.000399971 0)
(9.84899e-06 0.000429573 0)
(3.40894e-05 0.000478692 0)
(7.65249e-05 0.000562292 0)
(0.000117299 0.000682292 0)
(0.000122365 0.000810277 0)
(7.5795e-05 0.000890987 0)
(-3.19261e-06 0.00088221 0)
(-8.59707e-05 0.000777339 0)
(-0.000156388 0.000591257 0)
(-0.000209181 0.000341698 0)
(-0.000241762 5.17392e-05 0)
(-0.000251639 -0.000257377 0)
(-0.000234282 -0.000561339 0)
(-0.000184374 -0.000828962 0)
(-0.000102989 -0.00102655 0)
(1.91189e-06 -0.00112547 0)
(0.000120881 -0.00110511 0)
(0.000230096 -0.00095845 0)
(0.000302373 -0.000704714 0)
(0.000319377 -0.000389228 0)
(0.000283993 -7.77845e-05 0)
(0.000215551 0.000179649 0)
(0.000124874 0.000358827 0)
(1.5114e-05 0.000425858 0)
(-8.44549e-05 0.000389658 0)
(-0.000165276 0.000299814 0)
(-0.00021225 0.000155075 0)
(-0.000222032 -7.34604e-06 0)
(-0.00017694 -0.00019751 0)
(-3.23101e-05 -0.000365952 0)
(0.000122518 -0.000463502 0)
(0.000251455 -0.000547277 0)
(0.000427423 -0.000534556 0)
(0.000408 -0.000318862 0)
(-1.41366e-05 -0.000139598 0)
(-0.00048669 -0.000231839 0)
(-0.000725059 -0.000442888 0)
(-0.000755868 -0.000650094 0)
(-0.000661912 -0.000815171 0)
(-0.000447974 -0.000910991 0)
(-0.000181475 -0.000957767 0)
(0.000116164 -0.000887319 0)
(0.000350094 -0.000653849 0)
(0.000396378 -0.000285248 0)
(0.000236829 2.24018e-05 0)
(0.000137659 0.000201778 0)
(0.000160155 0.000380292 0)
(0.000242189 0.0006147 0)
(0.000348178 0.000903569 0)
(0.000451187 0.00123638 0)
(0.000540304 0.00159117 0)
(0.00061524 0.00195834 0)
(0.000660569 0.00233015 0)
(0.000648117 0.00268717 0)
(0.000586316 0.00299739 0)
(0.0005097 0.00325097 0)
(0.000433342 0.00345794 0)
(0.000360518 0.00362497 0)
(0.000295677 0.00375714 0)
(0.000239157 0.00386094 0)
(0.000190389 0.00394082 0)
(0.000149824 0.00400099 0)
(0.000116586 0.00404573 0)
(8.99422e-05 0.00407812 0)
(6.9512e-05 0.00410115 0)
(5.43746e-05 0.00411748 0)
(4.3662e-05 0.00412913 0)
(3.67307e-05 0.00413774 0)
(3.29166e-05 0.00414462 0)
(3.1658e-05 0.0041507 0)
(3.2554e-05 0.00415673 0)
(3.51799e-05 0.00416319 0)
(3.92071e-05 0.00417031 0)
(4.43111e-05 0.00417828 0)
(5.00442e-05 0.00418708 0)
(5.5817e-05 0.00419658 0)
(6.09182e-05 0.00420643 0)
(6.45403e-05 0.00421606 0)
(6.59236e-05 0.00422461 0)
(6.46349e-05 0.00423097 0)
(6.06652e-05 0.00423406 0)
(5.4498e-05 0.00423292 0)
(4.66799e-05 0.00422731 0)
(3.71382e-05 0.00421705 0)
(2.59105e-05 0.0042016 0)
(1.32919e-05 0.00418066 0)
(-4.14096e-07 0.00415406 0)
(-1.48798e-05 0.00412178 0)
(-2.97767e-05 0.00408392 0)
(-4.48141e-05 0.00404068 0)
(-5.97537e-05 0.00399233 0)
(-7.43855e-05 0.00393918 0)
(-8.85191e-05 0.00388158 0)
(-0.000101969 0.00381992 0)
(-0.000114583 0.00375466 0)
(-0.000126251 0.00368626 0)
(-0.000136854 0.00361517 0)
(-0.00014631 0.0035419 0)
(-0.000154569 0.00346695 0)
(-0.000161586 0.00339078 0)
(-0.000167368 0.00331391 0)
(-0.00017195 0.00323675 0)
(-0.000175389 0.00315973 0)
(-0.000177782 0.00308321 0)
(-0.00017925 0.00300751 0)
(-0.000179933 0.00293287 0)
(-0.000179982 0.00285947 0)
(-0.000179572 0.00278745 0)
(-0.000178876 0.00271684 0)
(-0.00017805 0.00264764 0)
(-0.000177251 0.00257979 0)
(-0.000176616 0.00251318 0)
(-0.000176277 0.00244769 0)
(-0.000176334 0.00238311 0)
(-0.000176841 0.00231927 0)
(-0.000177859 0.00225598 0)
(-0.000179395 0.00219302 0)
(-0.000181433 0.00213024 0)
(-0.000183946 0.00206745 0)
(-0.000186874 0.00200456 0)
(-0.000190141 0.00194143 0)
(-0.000193668 0.00187804 0)
(-0.000197376 0.00181434 0)
(-0.000201173 0.00175034 0)
(-0.000204977 0.0016861 0)
(-0.00020873 0.00162169 0)
(-0.000212381 0.00155718 0)
(-0.00021589 0.00149271 0)
(-0.00021924 0.00142838 0)
(-0.000222426 0.00136433 0)
(-0.000225465 0.00130066 0)
(-0.000228378 0.00123751 0)
(-0.000231208 0.001175 0)
(-0.000234006 0.00111323 0)
(-0.000236813 0.00105229 0)
(-0.00023969 0.0009923 0)
(-0.000242695 0.000933313 0)
(-0.00024586 0.00087541 0)
(-0.000249217 0.000818662 0)
(-0.000252784 0.000763147 0)
(-0.00025657 0.000708948 0)
(-0.000260573 0.000656161 0)
(-0.000264791 0.0006049 0)
(-0.00026923 0.000555288 0)
(-0.000274054 0.000507726 0)
(-0.000279594 0.000462701 0)
(-0.000285021 0.000418827 0)
(-0.000290025 0.000376167 0)
(-0.00029472 0.000335166 0)
(-0.000300742 0.000297355 0)
(-0.000307521 0.000261471 0)
(-0.000315583 0.000227259 0)
(-0.000325775 0.000194279 0)
(-0.000339244 0.000161916 0)
(-0.000357441 0.000129446 0)
(-0.000381637 9.5518e-05 0)
(-0.000411955 5.78921e-05 0)
(-0.000446422 1.34216e-05 0)
(-0.000480357 -4.0518e-05 0)
(-0.000508068 -0.000103427 0)
(-0.00052553 -0.000171364 0)
(-0.000531831 -0.000239946 0)
(-0.000526957 -0.00030736 0)
(-0.000508844 -0.000372492 0)
(-0.000476453 -0.000431297 0)
(-0.000425873 -0.000491767 0)
(-0.000605859 -0.000986661 0)
(-0.000470863 -0.00129331 0)
(-0.000131561 -0.0012112 0)
(0.00019405 -0.00118994 0)
(0.000534732 -0.00117098 0)
(0.000882991 -0.00106338 0)
(0.0011883 -0.00084479 0)
(0.00140948 -0.000587997 0)
(0.00160795 -0.000388958 0)
(0.00179663 -0.000228268 0)
(0.00196644 -5.956e-05 0)
(0.00211042 0.000121014 0)
(0.00223008 0.000296434 0)
(0.00233059 0.000467461 0)
(0.00241226 0.000638693 0)
(0.00247542 0.00080765 0)
(0.00252103 0.000973112 0)
(0.00254743 0.00113545 0)
(0.00255138 0.00129273 0)
(0.0025319 0.00144207 0)
(0.00249569 0.00158248 0)
(0.00245895 0.00171709 0)
(0.00243282 0.00185566 0)
(0.00238562 0.00201086 0)
(0.00220029 0.00218358 0)
(0.00177912 0.00234313 0)
)
;
    }
    frontAndBack
    {
        type            empty;
    }
}


// ************************************************************************* //
