/*--------------------------------*- C++ -*----------------------------------*\
  =========                 |
  \\      /  F ield         | OpenFOAM: The Open Source CFD Toolbox
   \\    /   O peration     | Website:  https://openfoam.org
    \\  /    A nd           | Version:  7
     \\/     M anipulation  |
\*---------------------------------------------------------------------------*/
FoamFile
{
    version     2.0;
    format      ascii;
    class       volScalarField;
    location    "0.26";
    object      yPlus;
}
// * * * * * * * * * * * * * * * * * * * * * * * * * * * * * * * * * * * * * //

dimensions      [0 0 0 0 0 0 0];

internalField   uniform 0;

boundaryField
{
    velocityInlet
    {
        type            calculated;
        value           uniform 0;
    }
    pressureOutlet
    {
        type            calculated;
        value           uniform 0;
    }
    fixedWalls
    {
        type            calculated;
        value           nonuniform List<scalar> 
100
(
1.51314
0.794848
1.08715
0.916609
0.976542
0.84745
0.798281
0.691515
0.571514
0.414608
0.146023
0.356703
0.51366
0.623704
0.708331
0.777053
0.837367
0.895981
0.953878
0.996645
0.998502
0.980062
1.04475
1.20815
1.36372
1.5092
1.67741
1.72494
1.41259
0.515993
1.53238
1.91523
1.99111
1.82726
1.46561
0.913105
0.518391
0.998432
1.17857
1.23959
1.24114
1.21405
1.17554
1.13524
1.09934
1.07445
1.06832
1.08401
1.11406
1.14397
1.16082
1.15873
1.13746
1.09542
1.02318
0.901655
0.704338
0.376338
0.412123
0.590125
0.611458
0.535216
0.387057
0.129437
0.295771
0.392968
0.439916
0.467091
0.490888
0.519787
0.555181
0.593656
0.630378
0.661458
0.684829
0.70014
0.708259
0.710668
0.709093
0.705166
0.700359
0.695679
0.691457
0.686434
0.677475
0.659627
0.629167
0.587324
0.543652
0.51321
0.506988
0.525954
0.557105
0.594387
0.623157
0.652165
0.664776
0.682174
0.681753
0.682096
)
;
    }
    bottomWall
    {
        type            calculated;
        value           nonuniform List<scalar> 
800
(
2.94479
1.98391
1.61344
1.44033
1.35519
1.29656
1.24763
1.20652
1.17199
1.14244
1.11665
1.09384
1.07346
1.05508
1.03841
1.02319
1.00921
0.996311
0.984367
0.973263
0.962904
0.953211
0.944119
0.935567
0.927505
0.91989
0.912683
0.905849
0.89936
0.893187
0.887307
0.8817
0.876345
0.871224
0.866324
0.861628
0.857125
0.852802
0.848648
0.844655
0.840813
0.837112
0.833547
0.830108
0.826791
0.823589
0.820494
0.817505
0.814612
0.811815
0.809472
0.80753
0.80561
0.803715
0.801845
0.799999
0.798177
0.796377
0.7946
0.792845
0.791111
0.789399
0.787707
0.786035
0.784383
0.782751
0.781138
0.779543
0.777968
0.77641
0.77487
0.773347
0.771842
0.770354
0.768882
0.767427
0.765987
0.764563
0.763154
0.761761
0.760383
0.759019
0.75767
0.756334
0.755013
0.753706
0.752411
0.751131
0.749863
0.748608
0.747365
0.746135
0.744917
0.743711
0.742517
0.741335
0.740164
0.739004
0.737854
0.736717
0.73559
0.734474
0.733367
0.732272
0.731186
0.73011
0.729044
0.727988
0.726941
0.725904
0.724875
0.723857
0.722846
0.721845
0.720852
0.719868
0.718892
0.717925
0.716965
0.716015
0.715071
0.714136
0.713208
0.712288
0.711375
0.71047
0.709572
0.70868
0.707797
0.706919
0.706049
0.705185
0.704328
0.703477
0.702634
0.701797
0.700965
0.70014
0.699319
0.698507
0.697699
0.696897
0.696101
0.695311
0.694525
0.693747
0.692972
0.692204
0.69144
0.690682
0.690044
0.689523
0.689001
0.688476
0.687952
0.687426
0.686898
0.686369
0.685839
0.685308
0.684775
0.684241
0.683706
0.68317
0.682633
0.682095
0.681555
0.681014
0.680472
0.679928
0.679383
0.678838
0.678291
0.677742
0.677193
0.676642
0.67609
0.675537
0.674983
0.674428
0.67387
0.673312
0.672754
0.672194
0.671632
0.671068
0.670504
0.669939
0.669373
0.668805
0.668236
0.667666
0.667095
0.666521
0.665948
0.665372
0.664795
0.664218
0.663639
0.663059
0.662478
0.661896
0.661311
0.660727
0.66014
0.659553
0.658963
0.658374
0.657782
0.65719
0.656596
0.656001
0.655404
0.654806
0.654208
0.653606
0.653005
0.652402
0.651797
0.651191
0.650585
0.649975
0.649365
0.648754
0.64814
0.647526
0.646909
0.646291
0.645672
0.645049
0.644427
0.643801
0.643176
0.642543
0.641916
0.641276
0.64065
0.639997
0.63938
0.6387
0.638107
0.637379
0.636841
0.636021
0.635592
0.634607
0.634375
0.633133
0.633186
0.631607
2.94479
1.98391
1.61348
1.44042
1.35536
1.29682
1.24797
1.20696
1.17252
1.14305
1.11735
1.09462
1.07431
1.05601
1.03942
1.02428
1.01039
0.997604
0.985781
0.974813
0.964608
0.95509
0.946193
0.93786
0.930043
0.9227
0.915796
0.909296
0.903176
0.897411
0.89198
0.886864
0.882049
0.877521
0.873268
0.869281
0.865552
0.862091
0.858864
0.855952
0.853219
0.850997
0.84876
0.847666
0.845943
0.847139
0.846342
0.851847
0.859469
0.827812
0.57151
1.21658
1.67858
1.8978
1.90659
1.81109
1.86832
2.07886
2.2104
1.97886
1.30831
0.818851
1.5114
2.10812
2.58558
2.92569
3.13583
3.23903
3.24926
3.18538
3.05798
2.86948
2.61588
2.28265
1.83799
1.22439
1.20614
1.93804
2.52266
3.01172
3.43909
3.82068
4.16583
4.47881
4.75941
5.00959
5.23087
5.42448
5.59153
5.73296
5.84952
5.94228
6.01167
6.05847
6.08408
6.08696
6.06767
6.02733
5.96592
5.88351
5.78015
5.65542
5.50842
5.33785
5.14202
4.91881
4.66577
4.37985
4.05901
3.70086
3.30351
2.86954
2.39444
1.85867
1.20551
0.768554
1.3338
1.64374
1.80235
1.8278
1.75029
1.58828
1.34835
1.07779
0.975798
1.05872
1.09406
1.04265
0.936238
0.789337
0.596173
0.448044
0.568152
0.666877
0.686435
0.656469
0.658059
0.776139
0.967638
1.18063
1.39903
1.6172
1.83185
2.04024
2.24007
2.4295
2.60702
2.77125
2.92083
3.05435
3.17021
3.26667
3.3419
3.39409
3.42378
3.42854
3.40681
3.35799
3.28093
3.17486
3.0392
2.87375
2.67848
2.45377
2.20857
1.93253
1.61988
1.26045
0.823333
0.391964
0.826377
1.04205
1.14477
1.15365
1.0809
0.956313
0.92122
1.05928
1.23073
1.36878
1.46132
1.4929
1.4495
1.36682
1.29263
1.23816
1.19843
1.16786
1.14303
1.12337
1.10839
1.09602
1.08328
1.06711
1.04454
1.01282
0.96925
0.911422
0.838207
0.754384
0.687148
0.70183
0.813725
0.962988
1.11521
1.26056
1.39929
1.53101
1.6538
1.76756
1.87218
1.96756
2.05363
2.1303
2.19748
2.25511
2.30317
2.34164
2.37055
2.38997
2.39998
2.40069
2.39238
2.37536
2.34984
2.31603
2.27414
2.22441
2.16709
2.1024
2.03054
1.9517
1.86609
1.77405
1.67617
1.5735
1.46793
1.36275
1.26342
1.17827
1.11766
1.08926
1.09074
1.10718
1.11476
1.08297
0.985933
0.991585
1.484
2.18399
0.50582
1.19734
1.63612
1.9539
2.14588
2.22267
2.19861
2.10138
1.9728
1.8676
1.81853
1.81985
1.83172
1.80321
1.71498
1.52391
1.19348
0.772118
1.04908
1.39658
1.6336
1.75579
1.78042
1.80431
1.92861
1.97743
1.97784
2.33564
2.88426
2.59772
1.11965
3.38754
4.43902
4.98516
5.4945
5.89898
6.11896
6.2332
6.26005
6.23725
6.17719
6.09702
5.99595
5.87758
5.74605
5.59995
5.43975
5.26538
5.07599
4.87029
4.64585
4.39886
4.12388
3.81285
3.45392
3.02758
2.51376
1.87194
1.37587
2.07222
2.79953
3.42501
3.98618
4.50445
4.9897
5.44696
5.87977
6.28916
6.67106
7.02579
7.34413
7.62218
7.8452
7.99667
8.06397
7.99371
7.79317
7.29501
6.53845
5.00916
2.19919
2.55514
3.4101
3.5231
3.41598
3.68789
4.09767
4.31866
4.38512
4.34784
4.19979
4.00434
3.76682
3.46951
3.10133
2.65462
2.13262
1.54791
0.929163
0.327607
0.370153
0.748135
1.06167
1.3716
1.62784
1.80907
1.92086
1.99718
2.07945
2.20652
2.39737
2.63247
2.8474
2.9646
2.93853
2.75641
2.40907
1.85556
1.09452
1.67748
2.37347
2.85773
3.16849
3.31227
3.28395
3.07278
2.66884
2.06123
1.29304
1.37301
1.83099
1.98645
1.91234
1.71778
1.37418
1.10401
1.34149
1.74331
2.05567
2.30224
2.44655
2.24812
1.83354
2.269
2.66855
2.87705
2.97343
2.94732
2.90835
2.78281
2.48418
1.91349
0.997284
1.35526
2.00495
2.57021
3.10296
3.60663
4.0707
4.49481
4.87139
5.19556
5.46504
5.68356
5.85916
5.99909
6.1093
6.19525
6.26144
6.31163
6.34921
6.37688
6.397
6.41157
6.42223
6.43032
6.43685
6.4426
6.4482
6.454
6.46021
6.46694
6.47409
6.48148
6.48875
6.49543
6.50092
6.50455
6.50573
6.50386
6.49865
6.48981
6.47698
6.46
6.43873
6.41314
6.38324
6.34911
6.31089
6.26873
6.22284
6.17343
6.12079
6.06518
6.0069
5.94629
5.88365
5.81934
5.7537
5.68704
5.61967
5.55189
5.48393
5.41601
5.34829
5.28088
5.21383
5.14716
5.08083
5.01476
4.94883
4.88287
4.81672
4.7502
4.68308
4.61519
4.54633
4.47633
4.40504
4.33236
4.25816
4.1824
4.10502
4.02602
3.9454
3.86319
3.77941
3.69412
3.60736
3.51919
3.42965
3.3388
3.24667
3.15334
3.05886
2.96329
2.86671
2.76926
2.67108
2.57239
2.47351
2.37483
2.27754
2.18343
2.09014
1.99812
1.90888
1.82835
1.7549
1.68956
1.6331
1.5867
1.55379
1.54216
1.5637
1.62668
1.72567
1.84221
1.95679
2.05664
2.13585
2.19208
2.22347
2.23262
2.90612
2.98703
2.54759
2.2403
2.21262
2.45397
2.74811
2.97547
3.18868
3.39988
3.59852
3.77757
3.93998
4.09023
4.22803
4.35315
4.46636
4.56761
4.65596
4.72955
4.7866
4.82858
4.86394
4.90283
4.93584
4.89672
)
;
    }
    frontAndBack
    {
        type            empty;
    }
}


// ************************************************************************* //
