/*--------------------------------*- C++ -*----------------------------------*\
  =========                 |
  \\      /  F ield         | OpenFOAM: The Open Source CFD Toolbox
   \\    /   O peration     | Website:  https://openfoam.org
    \\  /    A nd           | Version:  7
     \\/     M anipulation  |
\*---------------------------------------------------------------------------*/
FoamFile
{
    version     2.0;
    format      ascii;
    class       volVectorField;
    location    "0.14";
    object      wallShearStress;
}
// * * * * * * * * * * * * * * * * * * * * * * * * * * * * * * * * * * * * * //

dimensions      [0 2 -2 0 0 0 0];

internalField   uniform (0 0 0);

boundaryField
{
    velocityInlet
    {
        type            calculated;
        value           uniform (0 0 0);
    }
    pressureOutlet
    {
        type            calculated;
        value           uniform (0 0 0);
    }
    fixedWalls
    {
        type            calculated;
        value           nonuniform List<vector> 
100
(
(-0.0149637 -0.00807145 0)
(0.0114301 -0.000849662 0)
(-0.00201374 0.000720403 0)
(0.00184837 -8.77824e-05 0)
(-0.000525035 4.04652e-05 0)
(0.000891573 -5.76837e-05 0)
(0.000194696 9.01698e-05 0)
(-0.0014436 0.000465418 0)
(-0.00638429 0.000593697 0)
(-0.00975448 0.000111012 0)
(-0.00945901 -0.000199131 0)
(-0.00914723 0.000158447 0)
(-0.0102271 0.000454249 0)
(-0.00787648 -0.000369576 0)
(0.00138681 -0.00152975 0)
(0.0141598 -0.0022205 0)
(0.0240978 -0.00176336 0)
(0.0287872 -0.000873106 0)
(0.0281179 5.58276e-05 0)
(0.0227474 0.00083869 0)
(0.0146159 0.00117888 0)
(0.006201 0.00104461 0)
(-0.00046004 0.000698795 0)
(-0.0045564 0.000363065 0)
(-0.00652244 0.000124643 0)
(-0.00702668 3.92443e-06 0)
(-0.00679278 -4.80413e-05 0)
(-0.00629952 -5.74179e-05 0)
(-0.00578715 -5.08738e-05 0)
(-0.00534386 -4.08933e-05 0)
(-0.00497858 -3.29437e-05 0)
(-0.00467603 -2.68894e-05 0)
(-0.00443206 -1.93743e-05 0)
(-0.00425529 -9.10079e-06 0)
(-0.00414168 6.43368e-07 0)
(-0.0040556 4.84688e-06 0)
(-0.00394081 1.01356e-06 0)
(-0.0037436 -9.81693e-06 0)
(-0.00342723 -2.55987e-05 0)
(-0.0029733 -4.45384e-05 0)
(-0.00238346 -6.42421e-05 0)
(-0.0016848 -8.10018e-05 0)
(-0.000933551 -9.05429e-05 0)
(-0.000206502 -8.97242e-05 0)
(0.000416049 -7.83304e-05 0)
(0.000867928 -5.81334e-05 0)
(0.00111566 -3.47398e-05 0)
(0.00116189 -1.18763e-05 0)
(0.00103242 1.01176e-05 0)
(0.000774428 2.40467e-05 0)
(0.000438025 3.29077e-05 0)
(6.58993e-05 3.66136e-05 0)
(-0.000309186 3.75638e-05 0)
(-0.000663611 3.57358e-05 0)
(-0.000983126 3.22431e-05 0)
(-0.00126031 2.78548e-05 0)
(-0.0014945 2.32723e-05 0)
(-0.00169156 1.9193e-05 0)
(-0.001863 1.62842e-05 0)
(-0.00202447 1.5067e-05 0)
(-0.00219366 1.59272e-05 0)
(-0.0023892 1.92335e-05 0)
(-0.00262868 2.5095e-05 0)
(-0.00291908 3.22167e-05 0)
(-0.00323903 3.71518e-05 0)
(-0.00352154 3.50164e-05 0)
(-0.00364807 2.27493e-05 0)
(-0.00346809 -9.36317e-06 0)
(-0.00286335 -5.36601e-05 0)
(-0.00183814 -9.85036e-05 0)
(-0.000556574 -0.000126857 0)
(0.000685862 -0.000122471 0)
(0.00154254 -8.32357e-05 0)
(0.00173952 -1.71211e-05 0)
(0.00125094 4.83119e-05 0)
(0.000337387 7.99076e-05 0)
(-0.000668825 8.39403e-05 0)
(-0.0015339 6.83295e-05 0)
(-0.00217103 4.8175e-05 0)
(-0.00260566 3.22578e-05 0)
(-0.00291033 2.34463e-05 0)
(-0.00315236 2.07969e-05 0)
(-0.00336082 1.99921e-05 0)
(-0.00351047 1.60344e-05 0)
(-0.00354135 7.12619e-06 0)
(-0.00340523 -6.31336e-06 0)
(-0.00311044 -1.80229e-05 0)
(-0.00270406 -2.55828e-05 0)
(-0.00222311 -3.20561e-05 0)
(-0.00165154 -4.22416e-05 0)
(-0.000976814 -5.49497e-05 0)
(-0.000233739 -6.2005e-05 0)
(0.000433019 -5.70956e-05 0)
(0.000887854 -3.82883e-05 0)
(0.000994784 -1.15976e-05 0)
(0.000776981 1.70268e-05 0)
(0.000267059 3.7435e-05 0)
(-0.00039347 4.66387e-05 0)
(-0.00103862 5.0277e-05 0)
(-0.00189191 3.62165e-05 0)
)
;
    }
    bottomWall
    {
        type            calculated;
        value           nonuniform List<vector> 
800
(
(-0.0353513 0.00216561 0)
(-0.0160371 0.000524935 0)
(-0.010592 0.000100521 0)
(-0.00845815 3.45568e-05 0)
(-0.00749512 1.96496e-05 0)
(-0.00686054 1.59771e-05 0)
(-0.00635289 1.31763e-05 0)
(-0.00594282 1.07264e-05 0)
(-0.00560937 8.92562e-06 0)
(-0.00533178 7.62613e-06 0)
(-0.00509548 6.64183e-06 0)
(-0.00489103 5.86443e-06 0)
(-0.00471196 5.23496e-06 0)
(-0.00455354 4.71647e-06 0)
(-0.00441218 4.28333e-06 0)
(-0.0042851 3.91699e-06 0)
(-0.00417013 3.60373e-06 0)
(-0.00406551 3.33323e-06 0)
(-0.00396984 3.09766e-06 0)
(-0.00388197 2.89091e-06 0)
(-0.00380093 2.70823e-06 0)
(-0.00372593 2.5458e-06 0)
(-0.00365628 2.40058e-06 0)
(-0.00359142 2.2701e-06 0)
(-0.00353085 2.15231e-06 0)
(-0.00347415 2.04554e-06 0)
(-0.00342094 1.94838e-06 0)
(-0.00337091 1.85966e-06 0)
(-0.00332378 1.77837e-06 0)
(-0.00327928 1.70366e-06 0)
(-0.00323721 1.63482e-06 0)
(-0.00319737 1.5712e-06 0)
(-0.00315959 1.51228e-06 0)
(-0.0031237 1.45757e-06 0)
(-0.00308956 1.40666e-06 0)
(-0.00305706 1.35921e-06 0)
(-0.00302607 1.31488e-06 0)
(-0.00299649 1.27338e-06 0)
(-0.00296823 1.23448e-06 0)
(-0.0029412 1.19795e-06 0)
(-0.00291532 1.16359e-06 0)
(-0.00289052 1.13121e-06 0)
(-0.00286674 1.1007e-06 0)
(-0.00284392 1.07182e-06 0)
(-0.00282199 1.04465e-06 0)
(-0.00280092 1.01867e-06 0)
(-0.00278063 9.9453e-07 0)
(-0.00276112 9.70793e-07 0)
(-0.0027423 9.49489e-07 0)
(-0.00272419 9.26745e-07 0)
(-0.00270904 9.08128e-07 0)
(-0.00269654 8.97643e-07 0)
(-0.0026842 8.84131e-07 0)
(-0.00267206 8.69712e-07 0)
(-0.0026601 8.56225e-07 0)
(-0.00264833 8.4341e-07 0)
(-0.00263673 8.3091e-07 0)
(-0.0026253 8.1868e-07 0)
(-0.00261404 8.0675e-07 0)
(-0.00260294 7.95115e-07 0)
(-0.002592 7.83756e-07 0)
(-0.00258122 7.72659e-07 0)
(-0.00257059 7.61816e-07 0)
(-0.00256011 7.51218e-07 0)
(-0.00254977 7.40858e-07 0)
(-0.00253958 7.30728e-07 0)
(-0.00252952 7.20821e-07 0)
(-0.0025196 7.11131e-07 0)
(-0.00250982 7.01652e-07 0)
(-0.00250016 6.92376e-07 0)
(-0.00249063 6.833e-07 0)
(-0.00248123 6.74416e-07 0)
(-0.00247195 6.65721e-07 0)
(-0.00246279 6.57207e-07 0)
(-0.00245374 6.48871e-07 0)
(-0.00244481 6.40707e-07 0)
(-0.00243599 6.32712e-07 0)
(-0.00242728 6.2488e-07 0)
(-0.00241868 6.17208e-07 0)
(-0.00241019 6.09691e-07 0)
(-0.0024018 6.02326e-07 0)
(-0.00239351 5.95109e-07 0)
(-0.00238532 5.88037e-07 0)
(-0.00237722 5.81106e-07 0)
(-0.00236923 5.74313e-07 0)
(-0.00236132 5.67655e-07 0)
(-0.00235351 5.61129e-07 0)
(-0.00234579 5.54731e-07 0)
(-0.00233816 5.48459e-07 0)
(-0.00233061 5.42309e-07 0)
(-0.00232315 5.3628e-07 0)
(-0.00231577 5.30367e-07 0)
(-0.00230847 5.24568e-07 0)
(-0.00230125 5.1888e-07 0)
(-0.00229412 5.13302e-07 0)
(-0.00228706 5.07828e-07 0)
(-0.00228007 5.02459e-07 0)
(-0.00227316 4.9719e-07 0)
(-0.00226632 4.9202e-07 0)
(-0.00225955 4.86945e-07 0)
(-0.00225286 4.81964e-07 0)
(-0.00224623 4.77074e-07 0)
(-0.00223967 4.72275e-07 0)
(-0.00223318 4.67561e-07 0)
(-0.00222675 4.62933e-07 0)
(-0.00222039 4.58387e-07 0)
(-0.00221409 4.53923e-07 0)
(-0.00220785 4.49536e-07 0)
(-0.00220167 4.45228e-07 0)
(-0.00219556 4.40994e-07 0)
(-0.0021895 4.36834e-07 0)
(-0.0021835 4.32744e-07 0)
(-0.00217755 4.28726e-07 0)
(-0.00217167 4.24774e-07 0)
(-0.00216583 4.2089e-07 0)
(-0.00216006 4.17069e-07 0)
(-0.00215433 4.13312e-07 0)
(-0.00214866 4.09616e-07 0)
(-0.00214304 4.05981e-07 0)
(-0.00213747 4.02404e-07 0)
(-0.00213195 3.98884e-07 0)
(-0.00212647 3.9542e-07 0)
(-0.00212105 3.92011e-07 0)
(-0.00211567 3.88655e-07 0)
(-0.00211034 3.85352e-07 0)
(-0.00210506 3.821e-07 0)
(-0.00209982 3.78898e-07 0)
(-0.00209463 3.75745e-07 0)
(-0.00208948 3.72641e-07 0)
(-0.00208437 3.69584e-07 0)
(-0.00207931 3.66575e-07 0)
(-0.00207429 3.63611e-07 0)
(-0.00206931 3.60693e-07 0)
(-0.00206437 3.57817e-07 0)
(-0.00205947 3.54986e-07 0)
(-0.00205461 3.52196e-07 0)
(-0.00204979 3.49451e-07 0)
(-0.00204501 3.46742e-07 0)
(-0.00204026 3.44079e-07 0)
(-0.00203556 3.41446e-07 0)
(-0.00203088 3.38863e-07 0)
(-0.00202625 3.363e-07 0)
(-0.00202165 3.33801e-07 0)
(-0.00201709 3.31297e-07 0)
(-0.00201256 3.28889e-07 0)
(-0.00200806 3.26427e-07 0)
(-0.0020036 3.24123e-07 0)
(-0.00199917 3.21671e-07 0)
(-0.00199477 3.19462e-07 0)
(-0.00199041 3.16938e-07 0)
(-0.00198675 3.14689e-07 0)
(-0.00198375 3.1357e-07 0)
(-0.00198075 3.12195e-07 0)
(-0.00197774 3.1058e-07 0)
(-0.00197472 3.08983e-07 0)
(-0.0019717 3.07437e-07 0)
(-0.00196868 3.05917e-07 0)
(-0.00196564 3.04399e-07 0)
(-0.00196261 3.02886e-07 0)
(-0.00195956 3.01372e-07 0)
(-0.00195651 2.9987e-07 0)
(-0.00195346 2.98366e-07 0)
(-0.0019504 2.9687e-07 0)
(-0.00194733 2.95372e-07 0)
(-0.00194426 2.93879e-07 0)
(-0.00194119 2.92387e-07 0)
(-0.0019381 2.90899e-07 0)
(-0.00193502 2.89411e-07 0)
(-0.00193192 2.87926e-07 0)
(-0.00192883 2.86439e-07 0)
(-0.00192572 2.84961e-07 0)
(-0.00192262 2.83476e-07 0)
(-0.0019195 2.81996e-07 0)
(-0.00191638 2.80513e-07 0)
(-0.00191326 2.79033e-07 0)
(-0.00191013 2.77553e-07 0)
(-0.001907 2.76077e-07 0)
(-0.00190386 2.74597e-07 0)
(-0.00190072 2.73125e-07 0)
(-0.00189757 2.71645e-07 0)
(-0.00189442 2.70171e-07 0)
(-0.00189127 2.68695e-07 0)
(-0.00188811 2.6722e-07 0)
(-0.00188494 2.65748e-07 0)
(-0.00188178 2.6428e-07 0)
(-0.0018786 2.62808e-07 0)
(-0.00187543 2.61345e-07 0)
(-0.00187224 2.59874e-07 0)
(-0.00186906 2.58411e-07 0)
(-0.00186587 2.56945e-07 0)
(-0.00186268 2.55483e-07 0)
(-0.00185948 2.54023e-07 0)
(-0.00185628 2.52566e-07 0)
(-0.00185308 2.51108e-07 0)
(-0.00184987 2.49652e-07 0)
(-0.00184666 2.48195e-07 0)
(-0.00184344 2.46745e-07 0)
(-0.00184023 2.45287e-07 0)
(-0.00183701 2.43835e-07 0)
(-0.00183378 2.42382e-07 0)
(-0.00183056 2.4093e-07 0)
(-0.00182733 2.39478e-07 0)
(-0.00182409 2.3803e-07 0)
(-0.00182086 2.36577e-07 0)
(-0.00181762 2.35131e-07 0)
(-0.00181438 2.33678e-07 0)
(-0.00181113 2.32231e-07 0)
(-0.00180789 2.30782e-07 0)
(-0.00180464 2.29336e-07 0)
(-0.00180139 2.27892e-07 0)
(-0.00179814 2.26452e-07 0)
(-0.00179488 2.25011e-07 0)
(-0.00179163 2.23575e-07 0)
(-0.00178837 2.22137e-07 0)
(-0.00178511 2.20708e-07 0)
(-0.00178185 2.19281e-07 0)
(-0.00177858 2.17864e-07 0)
(-0.00177532 2.16446e-07 0)
(-0.00177205 2.15035e-07 0)
(-0.00176878 2.13634e-07 0)
(-0.00176551 2.12239e-07 0)
(-0.00176224 2.10853e-07 0)
(-0.00175896 2.09473e-07 0)
(-0.00175569 2.08109e-07 0)
(-0.00175241 2.06745e-07 0)
(-0.00174913 2.05412e-07 0)
(-0.00174585 2.04057e-07 0)
(-0.00174257 2.02782e-07 0)
(-0.00173928 2.01406e-07 0)
(-0.001736 2.0024e-07 0)
(-0.00173271 1.98778e-07 0)
(-0.00172941 1.97836e-07 0)
(-0.00172613 1.96118e-07 0)
(-0.00172282 1.95701e-07 0)
(-0.00171954 1.93298e-07 0)
(-0.0017162 1.94091e-07 0)
(-0.00171295 1.89965e-07 0)
(-0.00170956 1.93571e-07 0)
(-0.00170636 1.85351e-07 0)
(-0.00170286 1.95362e-07 0)
(-0.0016998 1.77784e-07 0)
(-0.00169607 2.02011e-07 0)
(-0.0016933 1.63836e-07 0)
(-0.00168912 2.18433e-07 0)
(-0.00168692 1.3708e-07 0)
(-0.00168193 2.52865e-07 0)
(-0.00168074 8.7124e-08 0)
(-0.00167448 3.14515e-07 0)
(-0.00167472 8.48137e-09 0)
(-0.00166678 3.44998e-07 0)
(-0.0353509 -0.00216568 0)
(-0.0160341 -0.000525061 0)
(-0.0105854 -0.000100667 0)
(-0.00844757 -3.46988e-05 0)
(-0.00748027 -1.97974e-05 0)
(-0.00684111 -1.61324e-05 0)
(-0.00632866 -1.33376e-05 0)
(-0.00591368 -1.08934e-05 0)
(-0.00557524 -9.09781e-06 0)
(-0.00529261 -7.80306e-06 0)
(-0.00505122 -6.82326e-06 0)
(-0.00484165 -6.05057e-06 0)
(-0.00465743 -5.42624e-06 0)
(-0.00449381 -4.91354e-06 0)
(-0.00434718 -4.48699e-06 0)
(-0.00421475 -4.1282e-06 0)
(-0.00409432 -3.82367e-06 0)
(-0.00398411 -3.56326e-06 0)
(-0.00388268 -3.3394e-06 0)
(-0.00378882 -3.14618e-06 0)
(-0.00370156 -2.97909e-06 0)
(-0.00362003 -2.83456e-06 0)
(-0.00354352 -2.70979e-06 0)
(-0.00347139 -2.60257e-06 0)
(-0.00340311 -2.5112e-06 0)
(-0.00333818 -2.43434e-06 0)
(-0.00327617 -2.37105e-06 0)
(-0.00321668 -2.32067e-06 0)
(-0.00315935 -2.28271e-06 0)
(-0.00310383 -2.25723e-06 0)
(-0.0030498 -2.24392e-06 0)
(-0.00299695 -2.24379e-06 0)
(-0.00294497 -2.25627e-06 0)
(-0.00289352 -2.28409e-06 0)
(-0.00284234 -2.32532e-06 0)
(-0.00279103 -2.38614e-06 0)
(-0.00273931 -2.46107e-06 0)
(-0.00268676 -2.56278e-06 0)
(-0.00263297 -2.67934e-06 0)
(-0.00257765 -2.83231e-06 0)
(-0.00251977 -3.00482e-06 0)
(-0.00246011 -3.21815e-06 0)
(-0.00239513 -3.47875e-06 0)
(-0.00232996 -3.74577e-06 0)
(-0.00225249 -4.17991e-06 0)
(-0.00218259 -4.43172e-06 0)
(-0.00208126 -5.31056e-06 0)
(-0.00201292 -5.1273e-06 0)
(-0.00186559 -1.01362e-05 0)
(-0.00170274 0.00012135 0)
(1.02247e-05 -1.45795e-06 0)
(7.45134e-06 -2.6019e-06 0)
(1.33758e-06 7.0828e-06 0)
(-7.74766e-06 3.02129e-05 0)
(-1.82586e-05 6.56006e-05 0)
(-2.91079e-05 0.000112344 0)
(-3.90857e-05 0.000167953 0)
(-4.70326e-05 0.000229761 0)
(-5.11435e-05 0.000293309 0)
(-4.93489e-05 0.000351956 0)
(-4.01571e-05 0.000397723 0)
(-2.32593e-05 0.000422625 0)
(-1.59595e-07 0.000419172 0)
(2.60836e-05 0.000383615 0)
(5.20433e-05 0.00031609 0)
(7.44577e-05 0.000221004 0)
(9.22913e-05 0.000105344 0)
(0.000102961 -2.69847e-05 0)
(0.000106656 -0.000163941 0)
(0.000106098 -0.000299612 0)
(0.000102008 -0.000431465 0)
(9.50784e-05 -0.000555987 0)
(8.6113e-05 -0.000670647 0)
(7.57744e-05 -0.00077391 0)
(6.45503e-05 -0.000864852 0)
(5.28124e-05 -0.00094295 0)
(4.08824e-05 -0.00100797 0)
(2.90607e-05 -0.00105993 0)
(1.76466e-05 -0.00109906 0)
(6.90119e-06 -0.00112588 0)
(-3.09714e-06 -0.00114108 0)
(-1.20279e-05 -0.00114519 0)
(-1.90197e-05 -0.00113938 0)
(-2.36352e-05 -0.00112586 0)
(-2.63328e-05 -0.00110645 0)
(-2.75543e-05 -0.00108271 0)
(-2.76993e-05 -0.00105594 0)
(-2.71794e-05 -0.00102719 0)
(-2.63795e-05 -0.000997207 0)
(-2.56572e-05 -0.00096641 0)
(-2.5351e-05 -0.00093493 0)
(-2.58215e-05 -0.000902598 0)
(-2.74908e-05 -0.000868889 0)
(-3.08087e-05 -0.000832954 0)
(-3.62687e-05 -0.00079352 0)
(-4.43854e-05 -0.000748965 0)
(-5.55294e-05 -0.00069744 0)
(-6.99705e-05 -0.00063687 0)
(-8.7481e-05 -0.00056532 0)
(-0.000107579 -0.000481224 0)
(-0.000129324 -0.000384143 0)
(-0.00015151 -0.000274362 0)
(-0.000173492 -0.000152275 0)
(-0.000192224 -1.66553e-05 0)
(-0.000203263 0.000126281 0)
(-0.000207173 0.000267725 0)
(-0.000205662 0.000405312 0)
(-0.000198779 0.000536043 0)
(-0.000186843 0.000656496 0)
(-0.000170562 0.00076366 0)
(-0.000150904 0.000855298 0)
(-0.000128944 0.000929965 0)
(-0.00010578 0.000986944 0)
(-8.24905e-05 0.00102619 0)
(-6.01347e-05 0.00104833 0)
(-3.95775e-05 0.00105437 0)
(-2.20021e-05 0.00104585 0)
(-7.63807e-06 0.00102478 0)
(3.25963e-06 0.000993338 0)
(1.06307e-05 0.000953789 0)
(1.45478e-05 0.000908349 0)
(1.50426e-05 0.000859431 0)
(1.28942e-05 0.000809358 0)
(9.22934e-06 0.000760343 0)
(6.16241e-06 0.0007142 0)
(6.33346e-06 0.00067165 0)
(1.16959e-05 0.000632248 0)
(2.27759e-05 0.00059508 0)
(3.88981e-05 0.000559064 0)
(5.83783e-05 0.00052164 0)
(7.90145e-05 0.000480926 0)
(9.94297e-05 0.000440357 0)
(0.000118602 0.000401242 0)
(0.000135583 0.000363045 0)
(0.000149929 0.000325984 0)
(0.000161304 0.00029031 0)
(0.00016938 0.00025632 0)
(0.000173426 0.000224192 0)
(0.000172767 0.000194427 0)
(0.000166979 0.000167497 0)
(0.000155983 0.000143891 0)
(0.000140189 0.000124054 0)
(0.0001205 0.00010835 0)
(9.81152e-05 9.70491e-05 0)
(7.48793e-05 9.02847e-05 0)
(5.30855e-05 8.70552e-05 0)
(3.4821e-05 8.50009e-05 0)
(2.0961e-05 8.12496e-05 0)
(1.10698e-05 7.37383e-05 0)
(4.13138e-06 6.22396e-05 0)
(-5.50033e-07 4.76881e-05 0)
(-3.11446e-06 3.15484e-05 0)
(-3.1934e-06 1.48532e-05 0)
(-4.73502e-07 -2.0434e-06 0)
(4.92894e-06 -1.93159e-05 0)
(1.27424e-05 -3.73578e-05 0)
(2.24805e-05 -5.68157e-05 0)
(3.32334e-05 -7.84906e-05 0)
(4.36061e-05 -0.000102751 0)
(5.23021e-05 -0.000129117 0)
(5.88593e-05 -0.000156671 0)
(6.34564e-05 -0.000184759 0)
(6.6582e-05 -0.000213119 0)
(6.86849e-05 -0.000241848 0)
(6.99528e-05 -0.000271227 0)
(7.02513e-05 -0.000301388 0)
(6.93258e-05 -0.000332131 0)
(6.70043e-05 -0.000363014 0)
(6.32148e-05 -0.000393513 0)
(5.79238e-05 -0.000423091 0)
(5.1117e-05 -0.000451182 0)
(4.28267e-05 -0.000477206 0)
(3.31563e-05 -0.000500591 0)
(2.22822e-05 -0.000520816 0)
(1.04489e-05 -0.000537419 0)
(-2.02393e-06 -0.000549995 0)
(-1.4717e-05 -0.000558192 0)
(-2.70784e-05 -0.00056175 0)
(-3.84249e-05 -0.000560587 0)
(-4.80638e-05 -0.000554848 0)
(-5.53291e-05 -0.000544805 0)
(-5.9554e-05 -0.000530842 0)
(-6.00516e-05 -0.000513562 0)
(-5.62808e-05 -0.000493866 0)
(-4.79487e-05 -0.000472908 0)
(-3.51292e-05 -0.000452063 0)
(-1.83718e-05 -0.000432808 0)
(1.28926e-06 -0.000416515 0)
(2.24429e-05 -0.000404298 0)
(4.34187e-05 -0.000396957 0)
(6.22752e-05 -0.000394956 0)
(7.67063e-05 -0.000398191 0)
(8.4206e-05 -0.00040552 0)
(8.26383e-05 -0.000414496 0)
(7.10376e-05 -0.000421821 0)
(5.00864e-05 -0.000424181 0)
(2.20013e-05 -0.000418844 0)
(-9.98402e-06 -0.000404093 0)
(-4.22771e-05 -0.000379647 0)
(-7.16205e-05 -0.000346888 0)
(-9.56807e-05 -0.000308418 0)
(-0.000113274 -0.000267162 0)
(-0.000124183 -0.000225647 0)
(-0.00012879 -0.000185737 0)
(-0.000127747 -0.00014872 0)
(-0.000121785 -0.000115455 0)
(-0.00011159 -8.65717e-05 0)
(-9.78403e-05 -6.25419e-05 0)
(-8.11685e-05 -4.36821e-05 0)
(-6.21621e-05 -3.02149e-05 0)
(-4.13713e-05 -2.22755e-05 0)
(-1.92008e-05 -1.99487e-05 0)
(3.90082e-06 -2.33766e-05 0)
(2.72503e-05 -3.25457e-05 0)
(5.02448e-05 -4.72404e-05 0)
(7.237e-05 -6.72041e-05 0)
(9.30705e-05 -9.20705e-05 0)
(0.000111813 -0.000121358 0)
(0.000128093 -0.000154501 0)
(0.000141454 -0.000190842 0)
(0.000151503 -0.000229639 0)
(0.000157924 -0.000270088 0)
(0.000160497 -0.000311338 0)
(0.000159101 -0.000352518 0)
(0.000153723 -0.000392763 0)
(0.000144455 -0.000431238 0)
(0.000131492 -0.000467161 0)
(0.000115115 -0.000499826 0)
(9.56808e-05 -0.000528621 0)
(7.36032e-05 -0.000553037 0)
(4.93314e-05 -0.000572675 0)
(2.33272e-05 -0.000587248 0)
(-3.95198e-06 -0.000596568 0)
(-3.20436e-05 -0.000600457 0)
(-6.01682e-05 -0.000598785 0)
(-8.77759e-05 -0.000591768 0)
(-0.000114617 -0.000579513 0)
(-0.000140213 -0.000562181 0)
(-0.000164034 -0.000539968 0)
(-0.000185577 -0.000513085 0)
(-0.000204335 -0.000481766 0)
(-0.000219787 -0.000446372 0)
(-0.000231461 -0.000407699 0)
(-0.000239179 -0.000367703 0)
(-0.000243715 -0.000330853 0)
(-0.000248247 -0.000306136 0)
(-0.000261422 -0.00030913 0)
(-0.000301484 -0.000362059 0)
(-0.000389831 -0.000486775 0)
(-0.000536666 -0.0006962 0)
(6.39778e-06 -5.12886e-06 0)
(3.83989e-06 1.65285e-05 0)
(-3.04874e-05 3.59261e-05 0)
(-7.68058e-05 4.32979e-05 0)
(-0.000124091 4.12275e-05 0)
(-0.000165934 3.3853e-05 0)
(-0.00019987 2.44373e-05 0)
(-0.000225438 1.47446e-05 0)
(-0.0002429 5.59611e-06 0)
(-0.000252866 -2.59781e-06 0)
(-0.000256136 -9.67101e-06 0)
(-0.000253485 -1.53756e-05 0)
(-0.000246086 -1.9452e-05 0)
(-0.000235148 -2.17484e-05 0)
(-0.000222021 -2.20395e-05 0)
(-0.000208306 -2.00851e-05 0)
(-0.000195729 -1.56084e-05 0)
(-0.000186284 -8.18907e-06 0)
(-0.000182441 2.48654e-06 0)
(-0.00018691 1.65863e-05 0)
(-0.000202471 3.35619e-05 0)
(-0.000230968 5.18783e-05 0)
(-0.000274501 6.73946e-05 0)
(-0.000328717 7.40017e-05 0)
(-0.000383851 7.07744e-05 0)
(-0.000437106 6.15815e-05 0)
(-0.000482385 3.5737e-05 0)
(-0.000502055 -1.02863e-05 0)
(-0.000481145 -6.81181e-05 0)
(-0.000419797 -0.000124385 0)
(-0.000324423 -0.000173785 0)
(-0.000196247 -0.00020646 0)
(-4.67257e-05 -0.000200788 0)
(9.50323e-05 -0.000151876 0)
(0.000205087 -7.68217e-05 0)
(0.000278534 -1.68255e-05 0)
(0.000342656 -9.72946e-06 0)
(0.0004281 -5.25389e-05 0)
(0.000549346 -9.12651e-05 0)
(0.000670633 -8.08773e-05 0)
(0.000752016 -4.03028e-05 0)
(0.000793644 4.27133e-06 0)
(0.000812306 4.6985e-05 0)
(0.000838988 8.02982e-05 0)
(0.000914246 8.417e-05 0)
(0.00106452 -2.49286e-05 0)
(0.00137586 -0.000413029 0)
(0.00195798 -0.000961706 0)
(0.00284747 -0.00109482 0)
(0.00347749 -0.000624143 0)
(0.0035496 -0.000255993 0)
(0.00365081 -0.000268458 0)
(0.00386049 -0.000247179 0)
(0.003973 -0.000101841 0)
(0.00395973 2.57458e-06 0)
(0.00389679 6.07787e-05 0)
(0.00379291 0.000127482 0)
(0.00362996 0.000196365 0)
(0.00341796 0.000254824 0)
(0.00316572 0.000307367 0)
(0.00287526 0.000355806 0)
(0.00255066 0.000401676 0)
(0.00219329 0.000447117 0)
(0.00180495 0.000493649 0)
(0.00138747 0.000544454 0)
(0.000941157 0.000605641 0)
(0.000446717 0.000687711 0)
(-0.000145423 0.000767779 0)
(-0.000783775 0.000798954 0)
(-0.00137275 0.000786179 0)
(-0.00194405 0.000769773 0)
(-0.00252337 0.000752351 0)
(-0.00310463 0.000727628 0)
(-0.0036743 0.000680066 0)
(-0.0042027 0.000597313 0)
(-0.00466767 0.000476382 0)
(-0.0050329 0.000282499 0)
(-0.0052318 2.88562e-05 0)
(-0.00526998 -0.000279976 0)
(-0.00503028 -0.00071848 0)
(-0.004502 -0.00110084 0)
(-0.00379174 -0.0016988 0)
(-0.00204212 -0.00194771 0)
(-0.000486336 -0.000958625 0)
(-1.26304e-05 -0.000148761 0)
(0.000146932 -1.19073e-05 0)
(0.000218553 1.79274e-05 0)
(0.000257634 1.64274e-05 0)
(0.000279721 1.37262e-05 0)
(0.000299146 1.41446e-05 0)
(0.000311687 1.87269e-05 0)
(0.000314154 2.61041e-05 0)
(0.00030419 3.52627e-05 0)
(0.000281212 4.60603e-05 0)
(0.000245122 5.69596e-05 0)
(0.00019702 6.43304e-05 0)
(0.000142587 6.41072e-05 0)
(9.5636e-05 5.82716e-05 0)
(5.85847e-05 5.9926e-05 0)
(5.25485e-07 6.29554e-05 0)
(5.43586e-05 3.48538e-05 0)
(3.43701e-05 8.41445e-05 0)
(3.95842e-05 0.000106242 0)
(4.90264e-05 0.000153785 0)
(4.93177e-05 0.000206928 0)
(4.31779e-05 0.000256378 0)
(3.67092e-05 0.000292701 0)
(3.55855e-05 0.000319353 0)
(4.33539e-05 0.000345884 0)
(6.01238e-05 0.000386904 0)
(8.12562e-05 0.000456299 0)
(9.34535e-05 0.000563342 0)
(7.17702e-05 0.000700458 0)
(5.34345e-06 0.000823953 0)
(-5.64404e-05 0.000879887 0)
(-4.63502e-05 0.000874476 0)
(3.23573e-05 0.000882743 0)
(0.000110999 0.000968459 0)
(0.000120274 0.00109947 0)
(3.61981e-05 0.00115897 0)
(-0.000110698 0.00105667 0)
(-0.000247277 0.000796257 0)
(-0.000310785 0.00044452 0)
(-0.000282747 8.81968e-05 0)
(-0.00019761 -0.00017954 0)
(-0.00011179 -0.00032838 0)
(-5.17928e-05 -0.000405445 0)
(-1.37554e-05 -0.000432426 0)
(3.80536e-06 -0.000421332 0)
(8.47895e-06 -0.000388058 0)
(1.81527e-05 -0.000350176 0)
(5.05626e-05 -0.000312167 0)
(0.000104011 -0.000265407 0)
(0.000153895 -0.000211237 0)
(0.000184218 -0.000156886 0)
(0.00018048 -9.36632e-05 0)
(0.000112935 -1.71972e-05 0)
(-4.57889e-05 4.1672e-05 0)
(-0.000238799 2.92706e-05 0)
(-0.000366002 -4.61689e-05 0)
(-0.000398568 -0.000133203 0)
(-0.000337997 -0.000201418 0)
(-0.000186155 -0.000214837 0)
(8.84859e-06 -0.000138047 0)
(0.000174692 1.44479e-05 0)
(0.000237876 0.000200652 0)
(0.000189445 0.000350882 0)
(0.000135678 0.000430283 0)
(0.00013949 0.000493632 0)
(0.000165085 0.000583194 0)
(0.00019976 0.000684703 0)
(0.000227765 0.000792857 0)
(0.000226193 0.000889655 0)
(0.000194339 0.000962494 0)
(0.000133344 0.001025 0)
(4.89236e-05 0.00109853 0)
(-5.46233e-05 0.00119219 0)
(-0.000163317 0.00128492 0)
(-0.000245874 0.00134833 0)
(-0.000275346 0.00137844 0)
(-0.000248428 0.00139559 0)
(-0.000173337 0.00141795 0)
(-5.7953e-05 0.00144763 0)
(9.71317e-05 0.0014818 0)
(0.000290908 0.00152549 0)
(0.000504133 0.00159211 0)
(0.000675646 0.00170925 0)
(0.000697568 0.00190281 0)
(0.000467699 0.00212672 0)
(2.31587e-05 0.00223763 0)
(-0.000398066 0.00216428 0)
(-0.000609174 0.00206688 0)
(-0.000623999 0.00208297 0)
(-0.00051625 0.00220187 0)
(-0.000273103 0.00237377 0)
(0.000306223 0.00283842 0)
(0.00147571 0.00346209 0)
(0.00210286 0.00381971 0)
(0.00201302 0.00531734 0)
(0.000868696 0.00605861 0)
(0.000119253 0.00544347 0)
(0.000196044 0.00521739 0)
(0.00020721 0.00537671 0)
(-6.33184e-05 0.0053972 0)
(-0.000170691 0.00518835 0)
(-9.89005e-05 0.0050816 0)
(-0.000111538 0.00506293 0)
(-0.000177787 0.00497209 0)
(-0.000172512 0.00484853 0)
(-0.00014281 0.00477341 0)
(-0.000149571 0.00471118 0)
(-0.000158692 0.00462575 0)
(-0.000145949 0.00454315 0)
(-0.000134472 0.00447809 0)
(-0.000133497 0.00441433 0)
(-0.000129831 0.00434671 0)
(-0.000120804 0.00428451 0)
(-0.000113556 0.00422916 0)
(-0.000108571 0.00417572 0)
(-0.000102278 0.00412405 0)
(-9.4834e-05 0.00407659 0)
(-8.79494e-05 0.00403315 0)
(-8.14039e-05 0.00399253 0)
(-7.44758e-05 0.0039549 0)
(-6.74133e-05 0.0039207 0)
(-6.06089e-05 0.00388969 0)
(-5.40263e-05 0.00386149 0)
(-4.76383e-05 0.00383604 0)
(-4.16212e-05 0.00381321 0)
(-3.61322e-05 0.00379267 0)
(-3.12522e-05 0.00377413 0)
(-2.70839e-05 0.00375728 0)
(-2.37562e-05 0.00374179 0)
(-2.13729e-05 0.0037273 0)
(-2.00134e-05 0.00371341 0)
(-1.97564e-05 0.00369976 0)
(-2.06715e-05 0.00368593 0)
(-2.28001e-05 0.00367153 0)
(-2.61524e-05 0.00365614 0)
(-3.07147e-05 0.00363938 0)
(-3.64462e-05 0.00362088 0)
(-4.32753e-05 0.00360032 0)
(-5.11021e-05 0.0035774 0)
(-5.98035e-05 0.00355188 0)
(-6.92392e-05 0.00352359 0)
(-7.92597e-05 0.00349239 0)
(-8.97139e-05 0.00345822 0)
(-0.000100457 0.00342106 0)
(-0.000111355 0.00338096 0)
(-0.000122294 0.00333796 0)
(-0.000133175 0.0032922 0)
(-0.000143925 0.00324377 0)
(-0.000154489 0.00319283 0)
(-0.000164834 0.00313953 0)
(-0.000174944 0.003084 0)
(-0.00018482 0.0030264 0)
(-0.000194475 0.00296684 0)
(-0.000203935 0.00290547 0)
(-0.000213232 0.00284238 0)
(-0.000222404 0.00277767 0)
(-0.000231494 0.00271143 0)
(-0.000240548 0.00264371 0)
(-0.00024961 0.00257458 0)
(-0.000258726 0.00250407 0)
(-0.000267943 0.00243221 0)
(-0.000277305 0.00235902 0)
(-0.000286854 0.00228451 0)
(-0.000296633 0.00220869 0)
(-0.000306684 0.00213154 0)
(-0.000317046 0.00205305 0)
(-0.00032776 0.00197321 0)
(-0.000338866 0.001892 0)
(-0.000350405 0.00180939 0)
(-0.00036242 0.00172536 0)
(-0.000374956 0.00163989 0)
(-0.000388064 0.00155293 0)
(-0.000401799 0.00146447 0)
(-0.000416222 0.00137447 0)
(-0.000431406 0.00128291 0)
(-0.000447433 0.00118972 0)
(-0.000464401 0.00109485 0)
(-0.000482416 0.000998186 0)
(-0.000501578 0.000899576 0)
(-0.000521967 0.000798801 0)
(-0.000543637 0.0006956 0)
(-0.000566636 0.000589695 0)
(-0.000590967 0.000480827 0)
(-0.000616527 0.000368815 0)
(-0.000643268 0.000253649 0)
(-0.000671521 0.000135357 0)
(-0.000701215 1.38685e-05 0)
(-0.000732102 -0.000110544 0)
(-0.000764691 -0.000237646 0)
(-0.000799563 -0.000367568 0)
(-0.000836962 -0.000500435 0)
(-0.000877317 -0.000636441 0)
(-0.000921095 -0.000775884 0)
(-0.000968727 -0.00091911 0)
(-0.00102066 -0.00106643 0)
(-0.00107742 -0.00121818 0)
(-0.0011396 -0.00137468 0)
(-0.00120786 -0.00153631 0)
(-0.00128294 -0.00170347 0)
(-0.00136566 -0.00187658 0)
(-0.00145694 -0.00205614 0)
(-0.00155777 -0.00224261 0)
(-0.00166933 -0.00243672 0)
(-0.00179279 -0.00263872 0)
(-0.00192979 -0.0028502 0)
(-0.00208143 -0.00307006 0)
(-0.00225049 -0.00330321 0)
(-0.00243675 -0.0035423 0)
(-0.00264695 -0.00380536 0)
(-0.00287416 -0.00405987 0)
(-0.00313941 -0.00437328 0)
(-0.00340831 -0.00461922 0)
(-0.00375045 -0.0050406 0)
(-0.00402617 -0.00518314 0)
(-0.00445211 -0.00587896 0)
(-0.00446243 -0.0055413 0)
)
;
    }
    frontAndBack
    {
        type            empty;
    }
}


// ************************************************************************* //
