/*--------------------------------*- C++ -*----------------------------------*\
  =========                 |
  \\      /  F ield         | OpenFOAM: The Open Source CFD Toolbox
   \\    /   O peration     | Website:  https://openfoam.org
    \\  /    A nd           | Version:  7
     \\/     M anipulation  |
\*---------------------------------------------------------------------------*/
FoamFile
{
    version     2.0;
    format      ascii;
    class       volVectorField;
    location    "0.23";
    object      wallShearStress;
}
// * * * * * * * * * * * * * * * * * * * * * * * * * * * * * * * * * * * * * //

dimensions      [0 2 -2 0 0 0 0];

internalField   uniform (0 0 0);

boundaryField
{
    velocityInlet
    {
        type            calculated;
        value           uniform (0 0 0);
    }
    pressureOutlet
    {
        type            calculated;
        value           uniform (0 0 0);
    }
    fixedWalls
    {
        type            calculated;
        value           nonuniform List<vector> 
100
(
(-0.0151746 -0.00845612 0)
(0.0120915 -0.000918125 0)
(-0.00138077 0.000905384 0)
(0.000626115 0.000201192 0)
(-0.00185815 9.26308e-05 0)
(0.00140225 -0.000473483 0)
(0.00573148 -0.000897671 0)
(0.0108534 -0.000850843 0)
(0.0131431 -0.000385777 0)
(0.0126245 0.000150636 0)
(0.00991252 0.000444045 0)
(0.00668916 0.000492246 0)
(0.00374609 0.000402213 0)
(0.00146836 0.000294763 0)
(-0.000358511 0.000256934 0)
(-0.00229826 0.000284287 0)
(-0.0044774 0.00027759 0)
(-0.00520459 -1.78229e-06 0)
(-0.0021401 -0.000539102 0)
(0.00230193 -0.000544873 0)
(0.00363492 -0.000106855 0)
(0.00231135 0.000197136 0)
(0.000566111 0.000189059 0)
(-0.00050312 9.17227e-05 0)
(-0.000806523 2.68893e-06 0)
(-0.000667709 -4.38484e-05 0)
(-0.000351125 -5.83997e-05 0)
(-3.11873e-05 -5.28146e-05 0)
(0.000193785 -3.62766e-05 0)
(0.000276491 -1.52989e-05 0)
(0.000208971 7.95036e-06 0)
(5.89982e-06 2.46182e-05 0)
(-0.000298414 3.94716e-05 0)
(-0.000659319 4.7432e-05 0)
(-0.00103664 4.93311e-05 0)
(-0.00139513 4.64676e-05 0)
(-0.00170977 4.06279e-05 0)
(-0.00196625 3.32348e-05 0)
(-0.00215551 2.46332e-05 0)
(-0.00227052 1.51345e-05 0)
(-0.00231107 5.82662e-06 0)
(-0.00229235 -2.31921e-06 0)
(-0.00224756 -6.35726e-06 0)
(-0.00221748 -7.9156e-06 0)
(-0.0022516 -3.35431e-06 0)
(-0.00245426 1.79873e-05 0)
(-0.00299442 6.36042e-05 0)
(-0.00394862 0.000115833 0)
(-0.00513374 0.000144943 0)
(-0.00607061 0.000125105 0)
(-0.00603267 1.10954e-05 0)
(-0.00441828 -0.000191716 0)
(-0.00143159 -0.000354463 0)
(0.00164276 -0.000340017 0)
(0.00347544 -0.00019124 0)
(0.00373386 -1.67413e-05 0)
(0.00289071 8.88195e-05 0)
(0.00165062 0.000118068 0)
(0.000446684 0.000108014 0)
(-0.000554258 8.7382e-05 0)
(-0.00132926 6.62511e-05 0)
(-0.0019118 4.93423e-05 0)
(-0.00233847 3.58565e-05 0)
(-0.00264181 2.51275e-05 0)
(-0.00285134 1.68872e-05 0)
(-0.00299537 1.10179e-05 0)
(-0.00310237 7.67517e-06 0)
(-0.00320228 7.30772e-06 0)
(-0.0033233 9.7739e-06 0)
(-0.00348334 1.36627e-05 0)
(-0.00368872 1.79102e-05 0)
(-0.00395168 2.45785e-05 0)
(-0.00430861 3.74834e-05 0)
(-0.00479404 5.55408e-05 0)
(-0.00535885 6.81172e-05 0)
(-0.00580336 6.07658e-05 0)
(-0.00579122 1.30078e-05 0)
(-0.00498237 -7.52623e-05 0)
(-0.00334903 -0.000160462 0)
(-0.00139433 -0.000185599 0)
(0.000126614 -0.000135145 0)
(0.00066209 -3.63259e-05 0)
(0.000155785 5.62657e-05 0)
(-0.000989231 0.000108375 0)
(-0.00216321 0.000114764 0)
(-0.00276623 6.82256e-05 0)
(-0.00223288 -4.68718e-05 0)
(-0.00022276 -0.000186806 0)
(0.00271642 -0.000266953 0)
(0.00531178 -0.000236714 0)
(0.00642063 -9.42167e-05 0)
(0.00556077 8.35088e-05 0)
(0.00319073 0.000196427 0)
(0.000403412 0.000209364 0)
(-0.0019951 0.000167049 0)
(-0.00358787 0.000105698 0)
(-0.00455927 6.0494e-05 0)
(-0.00490164 2.64779e-05 0)
(-0.00528183 2.26013e-05 0)
(-0.00506198 -7.96314e-06 0)
)
;
    }
    bottomWall
    {
        type            calculated;
        value           nonuniform List<vector> 
800
(
(-0.0353512 0.00216562 0)
(-0.0160366 0.000524958 0)
(-0.0105908 0.000100549 0)
(-0.00845615 3.45845e-05 0)
(-0.00749224 1.96794e-05 0)
(-0.00685667 1.60091e-05 0)
(-0.00634795 1.321e-05 0)
(-0.00593678 1.07614e-05 0)
(-0.00560221 8.96139e-06 0)
(-0.0053235 7.66219e-06 0)
(-0.0050861 6.67781e-06 0)
(-0.00488057 5.90009e-06 0)
(-0.00470046 5.27013e-06 0)
(-0.00454102 4.75107e-06 0)
(-0.00439868 4.31727e-06 0)
(-0.00427066 3.95019e-06 0)
(-0.00415478 3.63611e-06 0)
(-0.0040493 3.36473e-06 0)
(-0.00395281 3.12823e-06 0)
(-0.00386414 2.92053e-06 0)
(-0.00378236 2.73687e-06 0)
(-0.00370664 2.57348e-06 0)
(-0.00363632 2.42732e-06 0)
(-0.00357082 2.29592e-06 0)
(-0.00350964 2.17725e-06 0)
(-0.00345236 2.06963e-06 0)
(-0.0033986 1.97165e-06 0)
(-0.00334805 1.88215e-06 0)
(-0.00330042 1.80011e-06 0)
(-0.00325546 1.7247e-06 0)
(-0.00321294 1.65517e-06 0)
(-0.00317267 1.59091e-06 0)
(-0.00313448 1.53137e-06 0)
(-0.0030982 1.47608e-06 0)
(-0.00306369 1.42463e-06 0)
(-0.00303083 1.37665e-06 0)
(-0.0029995 1.33183e-06 0)
(-0.00296959 1.2899e-06 0)
(-0.00294101 1.25059e-06 0)
(-0.00291368 1.21369e-06 0)
(-0.0028875 1.17898e-06 0)
(-0.00286242 1.1463e-06 0)
(-0.00283836 1.11551e-06 0)
(-0.00281527 1.08637e-06 0)
(-0.00279307 1.05896e-06 0)
(-0.00277174 1.03274e-06 0)
(-0.00275121 1.00839e-06 0)
(-0.00273145 9.84436e-07 0)
(-0.0027124 9.62929e-07 0)
(-0.00269405 9.39977e-07 0)
(-0.00267871 9.21169e-07 0)
(-0.00266604 9.10542e-07 0)
(-0.00265354 8.96904e-07 0)
(-0.00264123 8.82344e-07 0)
(-0.00262912 8.68703e-07 0)
(-0.00261719 8.55737e-07 0)
(-0.00260543 8.43083e-07 0)
(-0.00259385 8.30699e-07 0)
(-0.00258243 8.1861e-07 0)
(-0.00257118 8.06814e-07 0)
(-0.00256009 7.9529e-07 0)
(-0.00254916 7.84028e-07 0)
(-0.00253838 7.73017e-07 0)
(-0.00252775 7.62249e-07 0)
(-0.00251727 7.51718e-07 0)
(-0.00250694 7.41414e-07 0)
(-0.00249674 7.31331e-07 0)
(-0.00248668 7.21463e-07 0)
(-0.00247676 7.118e-07 0)
(-0.00246696 7.0234e-07 0)
(-0.0024573 6.93074e-07 0)
(-0.00244776 6.83998e-07 0)
(-0.00243835 6.75106e-07 0)
(-0.00242906 6.66394e-07 0)
(-0.00241989 6.57856e-07 0)
(-0.00241084 6.49488e-07 0)
(-0.0024019 6.41286e-07 0)
(-0.00239307 6.33246e-07 0)
(-0.00238435 6.25362e-07 0)
(-0.00237574 6.17631e-07 0)
(-0.00236724 6.1005e-07 0)
(-0.00235883 6.02615e-07 0)
(-0.00235054 5.95322e-07 0)
(-0.00234234 5.88167e-07 0)
(-0.00233424 5.81149e-07 0)
(-0.00232623 5.74262e-07 0)
(-0.00231832 5.67505e-07 0)
(-0.0023105 5.60874e-07 0)
(-0.00230278 5.54366e-07 0)
(-0.00229514 5.47978e-07 0)
(-0.00228759 5.41708e-07 0)
(-0.00228013 5.35554e-07 0)
(-0.00227275 5.29511e-07 0)
(-0.00226545 5.23579e-07 0)
(-0.00225823 5.17754e-07 0)
(-0.0022511 5.12034e-07 0)
(-0.00224404 5.06417e-07 0)
(-0.00223706 5.009e-07 0)
(-0.00223016 4.95481e-07 0)
(-0.00222333 4.90158e-07 0)
(-0.00221657 4.84929e-07 0)
(-0.00220989 4.79793e-07 0)
(-0.00220328 4.74745e-07 0)
(-0.00219673 4.69786e-07 0)
(-0.00219026 4.64913e-07 0)
(-0.00218385 4.60125e-07 0)
(-0.00217751 4.55419e-07 0)
(-0.00217123 4.50794e-07 0)
(-0.00216502 4.46248e-07 0)
(-0.00215887 4.4178e-07 0)
(-0.00215278 4.37389e-07 0)
(-0.00214675 4.33072e-07 0)
(-0.00214078 4.28829e-07 0)
(-0.00213487 4.24657e-07 0)
(-0.00212902 4.20556e-07 0)
(-0.00212322 4.16525e-07 0)
(-0.00211748 4.1256e-07 0)
(-0.00211179 4.08663e-07 0)
(-0.00210616 4.0483e-07 0)
(-0.00210058 4.01061e-07 0)
(-0.00209506 3.97355e-07 0)
(-0.00208958 3.9371e-07 0)
(-0.00208416 3.90125e-07 0)
(-0.00207878 3.86598e-07 0)
(-0.00207346 3.83129e-07 0)
(-0.00206818 3.79717e-07 0)
(-0.00206295 3.7636e-07 0)
(-0.00205777 3.73057e-07 0)
(-0.00205263 3.69807e-07 0)
(-0.00204754 3.66611e-07 0)
(-0.00204249 3.63465e-07 0)
(-0.00203748 3.60369e-07 0)
(-0.00203252 3.57323e-07 0)
(-0.0020276 3.54325e-07 0)
(-0.00202273 3.51377e-07 0)
(-0.00201789 3.48475e-07 0)
(-0.00201309 3.4562e-07 0)
(-0.00200834 3.42809e-07 0)
(-0.00200362 3.40047e-07 0)
(-0.00199894 3.37323e-07 0)
(-0.0019943 3.34653e-07 0)
(-0.0019897 3.32009e-07 0)
(-0.00198514 3.29433e-07 0)
(-0.00198061 3.26858e-07 0)
(-0.00197611 3.24382e-07 0)
(-0.00197165 3.2186e-07 0)
(-0.00196723 3.19497e-07 0)
(-0.00196284 3.16992e-07 0)
(-0.00195848 3.14731e-07 0)
(-0.00195416 3.12155e-07 0)
(-0.00195053 3.09875e-07 0)
(-0.00194756 3.08741e-07 0)
(-0.00194459 3.07324e-07 0)
(-0.00194161 3.05679e-07 0)
(-0.00193863 3.04045e-07 0)
(-0.00193564 3.02477e-07 0)
(-0.00193264 3.00923e-07 0)
(-0.00192964 2.99381e-07 0)
(-0.00192664 2.9784e-07 0)
(-0.00192363 2.96307e-07 0)
(-0.00192061 2.94778e-07 0)
(-0.00191759 2.93259e-07 0)
(-0.00191457 2.91739e-07 0)
(-0.00191154 2.90231e-07 0)
(-0.0019085 2.88724e-07 0)
(-0.00190546 2.87225e-07 0)
(-0.00190242 2.85731e-07 0)
(-0.00189937 2.84242e-07 0)
(-0.00189631 2.82758e-07 0)
(-0.00189326 2.81281e-07 0)
(-0.00189019 2.79806e-07 0)
(-0.00188712 2.78338e-07 0)
(-0.00188405 2.76873e-07 0)
(-0.00188097 2.75416e-07 0)
(-0.00187789 2.73961e-07 0)
(-0.0018748 2.72514e-07 0)
(-0.0018717 2.71071e-07 0)
(-0.00186861 2.69636e-07 0)
(-0.0018655 2.68203e-07 0)
(-0.0018624 2.66777e-07 0)
(-0.00185929 2.65354e-07 0)
(-0.00185617 2.63938e-07 0)
(-0.00185305 2.62525e-07 0)
(-0.00184992 2.61119e-07 0)
(-0.00184679 2.59717e-07 0)
(-0.00184366 2.58321e-07 0)
(-0.00184052 2.5693e-07 0)
(-0.00183738 2.55544e-07 0)
(-0.00183423 2.54161e-07 0)
(-0.00183108 2.52783e-07 0)
(-0.00182792 2.51407e-07 0)
(-0.00182476 2.50037e-07 0)
(-0.00182159 2.48671e-07 0)
(-0.00181842 2.4731e-07 0)
(-0.00181525 2.45952e-07 0)
(-0.00181207 2.44596e-07 0)
(-0.00180889 2.43246e-07 0)
(-0.0018057 2.419e-07 0)
(-0.00180251 2.40556e-07 0)
(-0.00179931 2.39216e-07 0)
(-0.00179611 2.37875e-07 0)
(-0.00179291 2.36543e-07 0)
(-0.0017897 2.35217e-07 0)
(-0.00178649 2.33893e-07 0)
(-0.00178328 2.32578e-07 0)
(-0.00178006 2.31263e-07 0)
(-0.00177683 2.29956e-07 0)
(-0.00177361 2.28648e-07 0)
(-0.00177037 2.27348e-07 0)
(-0.00176714 2.26052e-07 0)
(-0.0017639 2.24765e-07 0)
(-0.00176066 2.23479e-07 0)
(-0.00175741 2.22208e-07 0)
(-0.00175416 2.2094e-07 0)
(-0.0017509 2.19687e-07 0)
(-0.00174764 2.18422e-07 0)
(-0.00174438 2.17174e-07 0)
(-0.00174111 2.15933e-07 0)
(-0.00173784 2.14707e-07 0)
(-0.00173456 2.13481e-07 0)
(-0.00173128 2.12265e-07 0)
(-0.001728 2.11058e-07 0)
(-0.00172471 2.09869e-07 0)
(-0.00172142 2.08691e-07 0)
(-0.00171812 2.07517e-07 0)
(-0.00171482 2.06365e-07 0)
(-0.00171151 2.0519e-07 0)
(-0.0017082 2.04098e-07 0)
(-0.00170489 2.0291e-07 0)
(-0.00170156 2.01926e-07 0)
(-0.00169824 2.00643e-07 0)
(-0.0016949 1.999e-07 0)
(-0.00169157 1.98354e-07 0)
(-0.00168821 1.9814e-07 0)
(-0.00168488 1.9585e-07 0)
(-0.00168149 1.96906e-07 0)
(-0.00167818 1.92826e-07 0)
(-0.00167472 1.9681e-07 0)
(-0.00167147 1.88461e-07 0)
(-0.00166789 1.99109e-07 0)
(-0.00166477 1.80992e-07 0)
(-0.00166094 2.06426e-07 0)
(-0.00165812 1.6684e-07 0)
(-0.00165383 2.23843e-07 0)
(-0.00165159 1.39335e-07 0)
(-0.00164644 2.59877e-07 0)
(-0.00164525 8.77874e-08 0)
(-0.00163878 3.24001e-07 0)
(-0.00163907 6.61219e-09 0)
(-0.00163086 3.5601e-07 0)
(-0.0353511 -0.00216564 0)
(-0.016036 -0.000524982 0)
(-0.0105895 -0.000100573 0)
(-0.0084543 -3.4606e-05 0)
(-0.00748988 -1.96984e-05 0)
(-0.00685389 -1.60258e-05 0)
(-0.00634486 -1.32244e-05 0)
(-0.00593345 -1.07737e-05 0)
(-0.00559872 -8.97196e-06 0)
(-0.00531992 -7.67133e-06 0)
(-0.00508246 -6.68572e-06 0)
(-0.00487693 -5.90689e-06 0)
(-0.00469685 -5.27591e-06 0)
(-0.00453748 -4.75591e-06 0)
(-0.00439525 -4.32132e-06 0)
(-0.00426736 -3.95362e-06 0)
(-0.00415162 -3.63917e-06 0)
(-0.00404629 -3.3677e-06 0)
(-0.00394995 -3.13135e-06 0)
(-0.00386143 -2.92403e-06 0)
(-0.00377977 -2.74095e-06 0)
(-0.00370417 -2.57826e-06 0)
(-0.00363395 -2.43286e-06 0)
(-0.00356853 -2.30224e-06 0)
(-0.00350742 -2.18433e-06 0)
(-0.0034502 -2.07742e-06 0)
(-0.00339649 -1.98006e-06 0)
(-0.00334599 -1.89115e-06 0)
(-0.0032984 -1.80958e-06 0)
(-0.00325349 -1.73473e-06 0)
(-0.00321103 -1.66562e-06 0)
(-0.00317083 -1.60223e-06 0)
(-0.00313272 -1.54334e-06 0)
(-0.00309653 -1.48991e-06 0)
(-0.00306212 -1.44005e-06 0)
(-0.00302936 -1.39621e-06 0)
(-0.00299807 -1.35561e-06 0)
(-0.00296824 -1.32217e-06 0)
(-0.00293946 -1.29407e-06 0)
(-0.00291214 -1.27258e-06 0)
(-0.00288502 -1.26786e-06 0)
(-0.00285996 -1.25786e-06 0)
(-0.00283291 -1.30957e-06 0)
(-0.00281034 -1.29534e-06 0)
(-0.00277977 -1.50713e-06 0)
(-0.00276149 -1.40111e-06 0)
(-0.00271822 -2.15024e-06 0)
(-0.00270989 -1.3564e-06 0)
(-0.00263814 -8.37301e-06 0)
(-0.00245786 0.000176149 0)
(2.34109e-05 -1.02406e-05 0)
(2.67197e-05 -5.85407e-05 0)
(2.31334e-05 -9.97766e-05 0)
(2.07196e-05 -0.000131037 0)
(2.19502e-05 -0.000159251 0)
(2.51943e-05 -0.000190283 0)
(2.88448e-05 -0.000226673 0)
(3.27135e-05 -0.000268094 0)
(3.70162e-05 -0.000314317 0)
(4.12257e-05 -0.00036502 0)
(4.47914e-05 -0.00041884 0)
(4.79468e-05 -0.000473891 0)
(5.09431e-05 -0.000528846 0)
(5.2817e-05 -0.000582806 0)
(5.18909e-05 -0.000634039 0)
(4.68256e-05 -0.000679041 0)
(3.60012e-05 -0.000712605 0)
(1.7187e-05 -0.000727655 0)
(-9.17577e-06 -0.000717157 0)
(-3.97241e-05 -0.000678444 0)
(-6.41976e-05 -0.000616554 0)
(-7.41936e-05 -0.000546341 0)
(-6.89246e-05 -0.000483872 0)
(-5.19015e-05 -0.000442027 0)
(-2.841e-05 -0.000427053 0)
(-2.07939e-06 -0.000439516 0)
(2.32846e-05 -0.000477874 0)
(4.50985e-05 -0.00053839 0)
(6.22499e-05 -0.000616383 0)
(7.45023e-05 -0.000706958 0)
(8.23825e-05 -0.000805411 0)
(8.63059e-05 -0.000907753 0)
(8.66938e-05 -0.0010107 0)
(8.40838e-05 -0.00111137 0)
(7.91102e-05 -0.00120737 0)
(7.24062e-05 -0.00129703 0)
(6.44957e-05 -0.00137925 0)
(5.57859e-05 -0.00145335 0)
(4.6592e-05 -0.00151897 0)
(3.71532e-05 -0.00157596 0)
(2.76381e-05 -0.00162439 0)
(1.81575e-05 -0.0016644 0)
(8.77777e-06 -0.00169621 0)
(-4.75767e-07 -0.00172008 0)
(-9.62809e-06 -0.00173627 0)
(-1.86752e-05 -0.00174499 0)
(-2.77932e-05 -0.00174662 0)
(-3.71024e-05 -0.00174103 0)
(-4.64254e-05 -0.00172851 0)
(-5.56237e-05 -0.00170933 0)
(-6.47744e-05 -0.00168377 0)
(-7.41522e-05 -0.001652 0)
(-8.4103e-05 -0.00161404 0)
(-9.49823e-05 -0.00156985 0)
(-0.000107429 -0.00151929 0)
(-0.00012225 -0.00146149 0)
(-0.000139096 -0.00139538 0)
(-0.000157892 -0.0013223 0)
(-0.000186496 -0.00124448 0)
(-0.000239145 -0.00115272 0)
(-0.000309246 -0.00102249 0)
(-0.000352592 -0.000842444 0)
(-0.000326171 -0.000639127 0)
(-0.000233326 -0.000455308 0)
(-0.000112418 -0.000314898 0)
(1.15268e-06 -0.000217378 0)
(8.88159e-05 -0.000154279 0)
(0.000144923 -0.000117919 0)
(0.000170279 -0.00010064 0)
(0.000167493 -9.4493e-05 0)
(0.00014318 -9.11615e-05 0)
(0.000109494 -8.54869e-05 0)
(7.98828e-05 -8.04647e-05 0)
(6.20746e-05 -8.44927e-05 0)
(5.54956e-05 -0.000101934 0)
(5.54e-05 -0.000128436 0)
(6.16404e-05 -0.000157302 0)
(7.534e-05 -0.000186952 0)
(9.30928e-05 -0.00022034 0)
(0.000106812 -0.000259508 0)
(0.000108895 -0.000300895 0)
(9.86525e-05 -0.000338094 0)
(7.98799e-05 -0.000366809 0)
(5.62592e-05 -0.000385046 0)
(3.0519e-05 -0.000391804 0)
(4.57193e-06 -0.000386809 0)
(-2.06636e-05 -0.000370478 0)
(-4.49488e-05 -0.000343392 0)
(-6.82454e-05 -0.000306219 0)
(-9.03099e-05 -0.000259266 0)
(-0.00011014 -0.000202933 0)
(-0.000126958 -0.000138809 0)
(-0.000140691 -6.94004e-05 0)
(-0.000151519 3.23888e-06 0)
(-0.000159359 7.73774e-05 0)
(-0.000163764 0.000151348 0)
(-0.000164289 0.000223599 0)
(-0.000160543 0.000292321 0)
(-0.000152498 0.000355788 0)
(-0.000140361 0.000412473 0)
(-0.000124501 0.000461098 0)
(-0.000105387 0.000500646 0)
(-8.3574e-05 0.000530323 0)
(-5.97075e-05 0.000549565 0)
(-3.44552e-05 0.000558034 0)
(-8.75294e-06 0.00055549 0)
(1.64809e-05 0.000542388 0)
(4.04213e-05 0.000519137 0)
(6.19435e-05 0.000486499 0)
(7.97801e-05 0.000445656 0)
(9.2578e-05 0.000398363 0)
(9.91526e-05 0.000347011 0)
(9.878e-05 0.000294543 0)
(9.14724e-05 0.000244217 0)
(7.81548e-05 0.000199211 0)
(6.06416e-05 0.000162131 0)
(4.13799e-05 0.0001345 0)
(2.28805e-05 0.000116443 0)
(7.09196e-06 0.000106906 0)
(-4.91015e-06 0.000104114 0)
(-1.2783e-05 0.000106196 0)
(-1.66996e-05 0.000111596 0)
(-1.6767e-05 0.000119103 0)
(-1.29172e-05 0.000127546 0)
(-5.33872e-06 0.000135578 0)
(4.72233e-06 0.000142047 0)
(1.48623e-05 0.000147237 0)
(2.29675e-05 0.000153329 0)
(2.84374e-05 0.000162099 0)
(3.03977e-05 0.000172366 0)
(2.50947e-05 0.000181764 0)
(6.94108e-06 0.000191077 0)
(-2.71646e-05 0.000205962 0)
(-7.42538e-05 0.000233865 0)
(-0.00012505 0.000278827 0)
(-0.000168959 0.000338815 0)
(-0.000199494 0.000406314 0)
(-0.000215763 0.000473336 0)
(-0.000220356 0.000535478 0)
(-0.000216346 0.000591408 0)
(-0.000206011 0.00064098 0)
(-0.000190891 0.000684133 0)
(-0.000172094 0.000720737 0)
(-0.000150474 0.000750671 0)
(-0.000126742 0.000773848 0)
(-0.000101529 0.000790249 0)
(-7.53034e-05 0.00079996 0)
(-4.83018e-05 0.000803049 0)
(-2.10738e-05 0.000799451 0)
(5.9742e-06 0.000789687 0)
(3.2882e-05 0.00077397 0)
(5.94675e-05 0.000752476 0)
(8.56011e-05 0.000725404 0)
(0.000111141 0.000692977 0)
(0.000135939 0.00065544 0)
(0.000159839 0.000613062 0)
(0.000182674 0.00056613 0)
(0.000204272 0.000514952 0)
(0.000224446 0.000459847 0)
(0.000243001 0.000401151 0)
(0.000259722 0.000339221 0)
(0.000274378 0.000274444 0)
(0.000286727 0.000207258 0)
(0.000296519 0.000138168 0)
(0.000303525 6.77537e-05 0)
(0.000307537 -3.34493e-06 0)
(0.00030839 -7.44379e-05 0)
(0.000305982 -0.000144823 0)
(0.000300263 -0.000213816 0)
(0.000291228 -0.000280767 0)
(0.000278921 -0.000345062 0)
(0.000263424 -0.00040613 0)
(0.00024486 -0.000463439 0)
(0.000223392 -0.000516495 0)
(0.000199221 -0.000564846 0)
(0.000172585 -0.000608081 0)
(0.000143759 -0.000645842 0)
(0.000113053 -0.000677828 0)
(8.07991e-05 -0.000703798 0)
(4.7353e-05 -0.000723575 0)
(1.31051e-05 -0.000737047 0)
(-2.15802e-05 -0.000744131 0)
(-5.62843e-05 -0.000744691 0)
(-9.02805e-05 -0.000738694 0)
(-0.000122999 -0.000726382 0)
(-0.000154073 -0.000707932 0)
(-0.000182945 -0.000683584 0)
(-0.000209004 -0.000653643 0)
(-0.000231661 -0.000618473 0)
(-0.000250345 -0.000578508 0)
(-0.000264503 -0.000534311 0)
(-0.000273646 -0.000486742 0)
(-0.000277517 -0.00043741 0)
(-0.00027652 -0.000389694 0)
(-0.000272736 -0.000350687 0)
(-0.000272051 -0.000334162 0)
(-0.000288607 -0.000363866 0)
(-0.000350947 -0.000472844 0)
(-0.000496405 -0.00069049 0)
(-0.000737503 -0.00101405 0)
(-2.68539e-07 -2.47852e-05 0)
(3.60058e-05 -3.18325e-05 0)
(6.50494e-05 -2.89446e-05 0)
(8.45729e-05 -2.34446e-05 0)
(9.81782e-05 -1.99567e-05 0)
(0.000110343 -1.98967e-05 0)
(0.00012551 -2.24911e-05 0)
(0.000146593 -2.5213e-05 0)
(0.000173476 -2.50332e-05 0)
(0.000202458 -2.1e-05 0)
(0.000228774 -1.56762e-05 0)
(0.000250514 -1.24355e-05 0)
(0.000269212 -1.24867e-05 0)
(0.000287762 -1.49868e-05 0)
(0.000307792 -1.75076e-05 0)
(0.0003275 -1.62138e-05 0)
(0.000341355 -7.67502e-06 0)
(0.000342561 8.13066e-06 0)
(0.000327315 2.71299e-05 0)
(0.000296755 4.46862e-05 0)
(0.000252847 5.92813e-05 0)
(0.000194732 7.01617e-05 0)
(0.00012216 7.41528e-05 0)
(4.19537e-05 7.12651e-05 0)
(-3.70736e-05 7.35213e-05 0)
(-0.000103926 9.16581e-05 0)
(-0.000146862 0.00012603 0)
(-0.000169612 0.000176455 0)
(-0.000187103 0.000206381 0)
(-0.000189593 0.000172508 0)
(-0.000140246 5.04041e-05 0)
(4.4551e-07 -0.000143856 0)
(0.000241629 -0.000328203 0)
(0.000540112 -0.000402557 0)
(0.000799954 -0.00035622 0)
(0.000976883 -0.000276532 0)
(0.00110464 -0.000222092 0)
(0.00121212 -0.000179436 0)
(0.00129503 -0.000138968 0)
(0.00135517 -0.000107874 0)
(0.00140022 -8.41617e-05 0)
(0.0014325 -6.48835e-05 0)
(0.00145391 -4.87348e-05 0)
(0.0014657 -3.39253e-05 0)
(0.00146817 -2.02301e-05 0)
(0.00146184 -7.24108e-06 0)
(0.00144638 5.73998e-06 0)
(0.00142139 1.88652e-05 0)
(0.00138643 3.22884e-05 0)
(0.00134109 4.61887e-05 0)
(0.00128481 6.06105e-05 0)
(0.00121708 7.56298e-05 0)
(0.00113727 9.13042e-05 0)
(0.00104473 0.000107636 0)
(0.00093883 0.000124676 0)
(0.000818884 0.000142483 0)
(0.00068429 0.000161083 0)
(0.000534569 0.000180489 0)
(0.000369363 0.00020063 0)
(0.00018853 0.000221382 0)
(-1.06832e-05 0.000243429 0)
(-0.00023479 0.000268814 0)
(-0.000477027 0.000288922 0)
(-0.000713603 0.00029829 0)
(-0.000950543 0.000304229 0)
(-0.00119769 0.000309347 0)
(-0.00145329 0.000313366 0)
(-0.00171391 0.000315975 0)
(-0.00197718 0.000319098 0)
(-0.00224444 0.0003244 0)
(-0.00251681 0.00032847 0)
(-0.00279084 0.000337003 0)
(-0.00307596 0.000344472 0)
(-0.00336183 0.00034556 0)
(-0.00365349 0.000343179 0)
(-0.00393968 0.000308605 0)
(-0.00420231 0.000258307 0)
(-0.00443024 0.000125341 0)
(-0.00455474 -4.37543e-05 0)
(-0.00460829 -0.000373864 0)
(-0.00431827 -0.000783343 0)
(-0.00404595 -0.00135503 0)
(-0.00256082 -0.00216489 0)
(-0.000579534 -0.00117702 0)
(-0.000134567 -0.000207869 0)
(0.000178244 -0.000548319 0)
(0.000680971 -0.000532133 0)
(0.00102615 -0.000223135 0)
(0.0011017 3.14031e-05 0)
(0.00106872 0.000165379 0)
(0.00101263 0.00013941 0)
(0.000984633 3.7527e-05 0)
(0.000968724 -3.4189e-05 0)
(0.000954776 -3.70053e-05 0)
(0.000928787 -1.03953e-05 0)
(0.000891676 4.89811e-05 0)
(0.000793395 0.000158412 0)
(0.000596497 0.000269424 0)
(0.000296734 0.00030962 0)
(-1.19414e-05 0.000187514 0)
(0.000181182 6.0352e-05 0)
(0.000294662 0.000465727 0)
(0.000226519 0.000897834 0)
(-4.55106e-05 0.000924732 0)
(-0.000192324 0.000641486 0)
(-0.000202771 0.000337111 0)
(-0.000189865 3.64589e-05 0)
(-0.000137381 -0.000215604 0)
(-7.68177e-05 -0.000389637 0)
(-1.43566e-05 -0.000493152 0)
(4.85832e-05 -0.000520846 0)
(9.97406e-05 -0.000461844 0)
(8.00944e-05 -0.000334955 0)
(-2.30975e-05 -0.000234341 0)
(-9.6918e-05 -0.00021741 0)
(-0.000112766 -0.000266083 0)
(-0.000123775 -0.000357568 0)
(-0.000111337 -0.000451644 0)
(-6.19107e-05 -0.000513753 0)
(1.50832e-05 -0.000515202 0)
(0.000106021 -0.000436628 0)
(0.000180354 -0.00028881 0)
(0.000205306 -0.000109642 0)
(0.000171463 4.6422e-05 0)
(9.68499e-05 0.000134022 0)
(1.73686e-05 0.000132046 0)
(-3.58903e-05 5.29249e-05 0)
(-3.55792e-05 -5.40892e-05 0)
(1.68489e-05 -0.000127245 0)
(9.90439e-05 -0.000127862 0)
(0.000188633 -4.02049e-05 0)
(0.000273001 0.000131892 0)
(0.000345752 0.00037147 0)
(0.000410181 0.000669933 0)
(0.000433877 0.00105203 0)
(0.000316341 0.00147117 0)
(6.48571e-05 0.00173096 0)
(-0.00015572 0.00172698 0)
(-0.000306841 0.00152504 0)
(-0.000438523 0.00115588 0)
(-0.000463693 0.000605383 0)
(-0.000235619 0.000130939 0)
(-2.20782e-05 -8.68391e-05 0)
(-3.35581e-05 -0.000128231 0)
(-0.000301391 -8.97905e-05 0)
(-0.000746652 -8.83571e-05 0)
(-0.00101061 -0.000210031 0)
(-0.000965261 -0.000393114 0)
(-0.000575951 -0.000533254 0)
(0.000346707 -0.000157262 0)
(0.00103799 0.000550335 0)
(0.0011814 0.0015081 0)
(0.000832674 0.00214835 0)
(0.000758602 0.00248635 0)
(0.000729652 0.0029303 0)
(0.000605791 0.00330534 0)
(0.000561764 0.00359671 0)
(0.000491062 0.00388863 0)
(0.000428952 0.00411664 0)
(0.000380279 0.00432054 0)
(0.000325672 0.00449393 0)
(0.000283819 0.00463587 0)
(0.00024134 0.00475858 0)
(0.000204975 0.00485629 0)
(0.000172268 0.0049377 0)
(0.000142686 0.00500194 0)
(0.000117518 0.0050523 0)
(9.51258e-05 0.00509079 0)
(7.65813e-05 0.0051186 0)
(6.07528e-05 0.00513805 0)
(4.74256e-05 0.00514971 0)
(3.60425e-05 0.00515483 0)
(2.60733e-05 0.00515385 0)
(1.72374e-05 0.00514769 0)
(8.76399e-06 0.00513694 0)
(4.2969e-07 0.00512167 0)
(-7.73443e-06 0.00510243 0)
(-1.52976e-05 0.00507967 0)
(-2.13602e-05 0.00505426 0)
(-2.46292e-05 0.00502727 0)
(-2.34574e-05 0.00500017 0)
(-1.61405e-05 0.00497468 0)
(-1.23624e-06 0.00495286 0)
(2.18348e-05 0.00493697 0)
(5.18799e-05 0.00492935 0)
(8.5387e-05 0.00493165 0)
(0.000116008 0.00494465 0)
(0.000134318 0.00496704 0)
(0.000130402 0.00499287 0)
(9.94237e-05 0.00501094 0)
(4.78913e-05 0.00500807 0)
(-8.01528e-06 0.00497836 0)
(-5.26844e-05 0.00492682 0)
(-7.98565e-05 0.0048645 0)
(-9.36259e-05 0.00480078 0)
(-0.000102671 0.00473881 0)
(-0.000113304 0.00467638 0)
(-0.000126528 0.00461002 0)
(-0.000139785 0.00453842 0)
(-0.000150475 0.00446291 0)
(-0.00015801 0.00438576 0)
(-0.000163475 0.00430842 0)
(-0.000168208 0.00423112 0)
(-0.000172823 0.00415344 0)
(-0.000177203 0.00407515 0)
(-0.000181007 0.00399641 0)
(-0.000184067 0.00391758 0)
(-0.000186454 0.00383904 0)
(-0.000188341 0.00376096 0)
(-0.000189862 0.00368344 0)
(-0.000191071 0.00360652 0)
(-0.000191975 0.0035303 0)
(-0.000192578 0.00345486 0)
(-0.000192898 0.0033803 0)
(-0.000192974 0.00330671 0)
(-0.00019285 0.00323414 0)
(-0.000192569 0.00316262 0)
(-0.000192163 0.00309219 0)
(-0.000191661 0.00302285 0)
(-0.000191087 0.00295461 0)
(-0.00019046 0.00288748 0)
(-0.0001898 0.00282144 0)
(-0.00018912 0.00275649 0)
(-0.000188429 0.00269261 0)
(-0.000187731 0.00262979 0)
(-0.000187027 0.00256802 0)
(-0.00018631 0.00250727 0)
(-0.000185571 0.00244756 0)
(-0.000184799 0.00238888 0)
(-0.000183977 0.00233122 0)
(-0.000183089 0.00227461 0)
(-0.000182114 0.00221906 0)
(-0.000181032 0.00216461 0)
(-0.000179821 0.00211127 0)
(-0.000178457 0.0020591 0)
(-0.000176913 0.00200813 0)
(-0.000175164 0.00195843 0)
(-0.000173179 0.00191005 0)
(-0.000170925 0.00186306 0)
(-0.000168368 0.00181751 0)
(-0.000165471 0.00177349 0)
(-0.0001622 0.00173105 0)
(-0.000158521 0.00169027 0)
(-0.00015441 0.0016512 0)
(-0.000149858 0.00161389 0)
(-0.000144876 0.00157836 0)
(-0.000139512 0.00154459 0)
(-0.000133861 0.00151256 0)
(-0.000128081 0.00148216 0)
(-0.000122413 0.00145325 0)
(-0.000117195 0.00142565 0)
(-0.000112876 0.00139907 0)
(-0.000110012 0.00137319 0)
(-0.000109255 0.00134753 0)
(-0.000111301 0.0013215 0)
(-0.000116823 0.00129437 0)
(-0.000126388 0.00126528 0)
(-0.000140383 0.00123329 0)
(-0.000158968 0.00119748 0)
(-0.000182076 0.00115702 0)
(-0.000209447 0.0011112 0)
(-0.0002407 0.00105949 0)
(-0.000275397 0.00100151 0)
(-0.000313096 0.000936929 0)
(-0.00035338 0.000865479 0)
(-0.00039584 0.000786884 0)
(-0.000440083 0.000700952 0)
(-0.000485798 0.000607626 0)
(-0.000532698 0.00050687 0)
(-0.000580361 0.000399049 0)
(-0.000628641 0.000284756 0)
(-0.000678079 0.000164459 0)
(-0.000728987 3.82746e-05 0)
(-0.00078091 -9.3533e-05 0)
(-0.000834172 -0.00023053 0)
(-0.000889596 -0.000372689 0)
(-0.000947548 -0.000520021 0)
(-0.00100846 -0.000672578 0)
(-0.00107288 -0.000830457 0)
(-0.00114142 -0.000993794 0)
(-0.00121482 -0.00116278 0)
(-0.00129392 -0.00133761 0)
(-0.00137965 -0.00151868 0)
(-0.00147278 -0.00170649 0)
(-0.00157421 -0.00190142 0)
(-0.00168501 -0.00210381 0)
(-0.00180645 -0.00231434 0)
(-0.00193983 -0.00253315 0)
(-0.00208686 -0.00276183 0)
(-0.00224873 -0.00299914 0)
(-0.00242829 -0.00325019 0)
(-0.00262533 -0.00350709 0)
(-0.00284674 -0.00378895 0)
(-0.00308531 -0.00406118 0)
(-0.00336268 -0.00439483 0)
(-0.00364309 -0.00465756 0)
(-0.00399824 -0.00510156 0)
(-0.00428398 -0.00525884 0)
(-0.00472197 -0.00597931 0)
(-0.00473585 -0.00565519 0)
)
;
    }
    frontAndBack
    {
        type            empty;
    }
}


// ************************************************************************* //
