/*--------------------------------*- C++ -*----------------------------------*\
  =========                 |
  \\      /  F ield         | OpenFOAM: The Open Source CFD Toolbox
   \\    /   O peration     | Website:  https://openfoam.org
    \\  /    A nd           | Version:  7
     \\/     M anipulation  |
\*---------------------------------------------------------------------------*/
FoamFile
{
    version     2.0;
    format      ascii;
    class       volVectorField;
    location    "0.48";
    object      wallShearStress;
}
// * * * * * * * * * * * * * * * * * * * * * * * * * * * * * * * * * * * * * //

dimensions      [0 2 -2 0 0 0 0];

internalField   uniform (0 0 0);

boundaryField
{
    velocityInlet
    {
        type            calculated;
        value           uniform (0 0 0);
    }
    pressureOutlet
    {
        type            calculated;
        value           uniform (0 0 0);
    }
    fixedWalls
    {
        type            calculated;
        value           nonuniform List<vector> 
100
(
(-0.020941 -0.00194581 0)
(-0.015629 -0.00122561 0)
(-0.0107215 -0.000509278 0)
(-0.00809176 -0.000129342 0)
(-0.00687203 -5.18301e-05 0)
(-0.00617789 -3.82229e-05 0)
(-0.00571554 -3.12765e-05 0)
(-0.00521056 -6.52322e-05 0)
(-0.00461407 -8.08991e-05 0)
(-0.00485558 0.000104271 0)
(-0.00701885 0.00040599 0)
(-0.00984831 0.000452552 0)
(-0.0101116 -8.99774e-05 0)
(-0.0043329 -0.00132097 0)
(0.00573467 -0.00164498 0)
(0.0122364 -0.000979706 0)
(0.0122018 0.000130521 0)
(0.00735584 0.000753955 0)
(0.00128187 0.000765415 0)
(-0.00336543 0.000491657 0)
(-0.00580544 0.000212224 0)
(-0.00659536 5.25328e-05 0)
(-0.00653508 -1.82016e-05 0)
(-0.00614835 -4.29144e-05 0)
(-0.00567175 -4.85015e-05 0)
(-0.00519011 -4.8824e-05 0)
(-0.00472035 -4.94211e-05 0)
(-0.00425863 -5.12584e-05 0)
(-0.00380776 -5.23721e-05 0)
(-0.0033891 -4.97713e-05 0)
(-0.00304142 -4.08246e-05 0)
(-0.0028038 -2.67314e-05 0)
(-0.00269603 -1.21537e-05 0)
(-0.00273427 8.06616e-06 0)
(-0.00293598 3.25908e-05 0)
(-0.00321692 3.98087e-05 0)
(-0.00332267 3.76696e-06 0)
(-0.00305023 -5.40951e-05 0)
(-0.00265373 -6.56838e-05 0)
(-0.00281047 2.06821e-05 0)
(-0.00389121 0.000133077 0)
(-0.00546718 0.000174673 0)
(-0.00697724 0.000169957 0)
(-0.00837453 0.000191815 0)
(-0.00951887 0.000193923 0)
(-0.00960361 6.23119e-05 0)
(-0.00766493 -0.000227594 0)
(-0.00326061 -0.000631692 0)
(0.00238591 -0.000690196 0)
(0.00679691 -0.00055043 0)
(0.00873298 -0.000220275 0)
(0.0079909 0.00010624 0)
(0.00549714 0.000284918 0)
(0.00251788 0.000303413 0)
(-6.4993e-05 0.00024847 0)
(-0.00191823 0.000168316 0)
(-0.00307268 0.000100579 0)
(-0.00371448 5.47717e-05 0)
(-0.00404534 2.87156e-05 0)
(-0.0042284 1.82361e-05 0)
(-0.00437463 1.825e-05 0)
(-0.0045348 2.20377e-05 0)
(-0.00470185 2.33291e-05 0)
(-0.00483848 2.07363e-05 0)
(-0.0049159 1.80311e-05 0)
(-0.00491944 1.52108e-05 0)
(-0.00480783 7.03818e-06 0)
(-0.00447492 -1.61243e-05 0)
(-0.00378497 -5.63888e-05 0)
(-0.00269265 -0.00010135 0)
(-0.00131799 -0.000135361 0)
(0.000149498 -0.000146783 0)
(0.0014938 -0.000139832 0)
(0.00250666 -0.000109639 0)
(0.00297831 -5.51044e-05 0)
(0.00274837 2.04056e-05 0)
(0.00188083 8.24991e-05 0)
(0.000660474 0.000110384 0)
(-0.000592045 0.000108075 0)
(-0.00164605 8.77473e-05 0)
(-0.00240469 6.15272e-05 0)
(-0.00287559 3.78009e-05 0)
(-0.00310726 1.91108e-05 0)
(-0.00314936 4.71501e-06 0)
(-0.00304492 -7.16169e-06 0)
(-0.00283391 -1.56886e-05 0)
(-0.00255951 -2.06252e-05 0)
(-0.00226038 -2.21527e-05 0)
(-0.00196635 -2.17684e-05 0)
(-0.0016816 -2.1731e-05 0)
(-0.00140324 -2.30817e-05 0)
(-0.001142 -2.26415e-05 0)
(-0.000944471 -1.71751e-05 0)
(-0.000890945 -5.08278e-06 0)
(-0.000990734 9.27316e-06 0)
(-0.00126999 2.1924e-05 0)
(-0.00156422 2.61077e-05 0)
(-0.00187733 2.37875e-05 0)
(-0.00206896 1.36893e-05 0)
(-0.00189037 -6.11845e-06 0)
)
;
    }
    bottomWall
    {
        type            calculated;
        value           nonuniform List<vector> 
800
(
(-0.0353488 0.00214398 0)
(-0.0160264 0.000524838 0)
(-0.0106075 0.000100719 0)
(-0.00845564 3.52603e-05 0)
(-0.00748598 1.98596e-05 0)
(-0.00685239 1.61196e-05 0)
(-0.006345 1.33531e-05 0)
(-0.00593395 1.08972e-05 0)
(-0.00559925 9.07602e-06 0)
(-0.00532047 7.76037e-06 0)
(-0.00508301 6.7645e-06 0)
(-0.00487744 5.97787e-06 0)
(-0.00469728 5.34063e-06 0)
(-0.00453781 4.81532e-06 0)
(-0.00439543 4.37621e-06 0)
(-0.00426739 4.00454e-06 0)
(-0.00415149 3.68658e-06 0)
(-0.00404599 3.41204e-06 0)
(-0.00394947 3.1729e-06 0)
(-0.00386077 2.96294e-06 0)
(-0.00377894 2.77747e-06 0)
(-0.00370317 2.61275e-06 0)
(-0.00363277 2.46547e-06 0)
(-0.00356717 2.33319e-06 0)
(-0.00350587 2.21388e-06 0)
(-0.00344845 2.10571e-06 0)
(-0.00339454 2.00734e-06 0)
(-0.00334381 1.91763e-06 0)
(-0.00329598 1.83542e-06 0)
(-0.00325079 1.75985e-06 0)
(-0.00320805 1.69019e-06 0)
(-0.00316753 1.62591e-06 0)
(-0.00312907 1.56639e-06 0)
(-0.00309251 1.51109e-06 0)
(-0.00305772 1.45975e-06 0)
(-0.00302455 1.41183e-06 0)
(-0.00299291 1.36695e-06 0)
(-0.00296269 1.32504e-06 0)
(-0.00293378 1.28572e-06 0)
(-0.00290612 1.24884e-06 0)
(-0.00287961 1.2141e-06 0)
(-0.0028542 1.18129e-06 0)
(-0.0028298 1.15042e-06 0)
(-0.00280637 1.12123e-06 0)
(-0.00278384 1.09376e-06 0)
(-0.00276217 1.06744e-06 0)
(-0.0027413 1.04294e-06 0)
(-0.00272121 1.01893e-06 0)
(-0.00270182 9.97213e-07 0)
(-0.00268314 9.741e-07 0)
(-0.00266752 9.55315e-07 0)
(-0.00265461 9.44434e-07 0)
(-0.00264188 9.3065e-07 0)
(-0.00262932 9.16015e-07 0)
(-0.00261697 9.02205e-07 0)
(-0.0026048 8.893e-07 0)
(-0.00259279 8.76438e-07 0)
(-0.00258097 8.6381e-07 0)
(-0.00256931 8.51606e-07 0)
(-0.00255782 8.39656e-07 0)
(-0.00254649 8.28117e-07 0)
(-0.00253531 8.16653e-07 0)
(-0.00252429 8.05427e-07 0)
(-0.00251342 7.94605e-07 0)
(-0.00250269 7.84016e-07 0)
(-0.0024921 7.73491e-07 0)
(-0.00248167 7.63196e-07 0)
(-0.00247136 7.53295e-07 0)
(-0.00246119 7.43453e-07 0)
(-0.00245115 7.33836e-07 0)
(-0.00244125 7.24442e-07 0)
(-0.00243146 7.15104e-07 0)
(-0.00242181 7.06152e-07 0)
(-0.00241227 6.97253e-07 0)
(-0.00240286 6.8857e-07 0)
(-0.00239356 6.80102e-07 0)
(-0.00238438 6.71683e-07 0)
(-0.00237531 6.63642e-07 0)
(-0.00236634 6.55647e-07 0)
(-0.00235749 6.47695e-07 0)
(-0.00234874 6.39952e-07 0)
(-0.0023401 6.32418e-07 0)
(-0.00233156 6.24924e-07 0)
(-0.00232311 6.17636e-07 0)
(-0.00231477 6.10386e-07 0)
(-0.00230653 6.03341e-07 0)
(-0.00229838 5.96665e-07 0)
(-0.00229031 5.89858e-07 0)
(-0.00228234 5.8292e-07 0)
(-0.00227447 5.76516e-07 0)
(-0.00226668 5.70145e-07 0)
(-0.00225898 5.6364e-07 0)
(-0.00225136 5.57667e-07 0)
(-0.00224382 5.51559e-07 0)
(-0.00223637 5.45316e-07 0)
(-0.002229 5.39601e-07 0)
(-0.0022217 5.33917e-07 0)
(-0.00221449 5.28093e-07 0)
(-0.00220735 5.22465e-07 0)
(-0.00220029 5.1703e-07 0)
(-0.0021933 5.11621e-07 0)
(-0.00218639 5.06238e-07 0)
(-0.00217954 5.01047e-07 0)
(-0.00217277 4.95879e-07 0)
(-0.00216606 4.90736e-07 0)
(-0.00215943 4.85782e-07 0)
(-0.00215286 4.80849e-07 0)
(-0.00214636 4.75938e-07 0)
(-0.00213993 4.71214e-07 0)
(-0.00213356 4.66678e-07 0)
(-0.00212724 4.61995e-07 0)
(-0.002121 4.5733e-07 0)
(-0.00211481 4.52851e-07 0)
(-0.00210869 4.48557e-07 0)
(-0.00210262 4.44115e-07 0)
(-0.00209662 4.3969e-07 0)
(-0.00209066 4.35616e-07 0)
(-0.00208477 4.31393e-07 0)
(-0.00207894 4.27354e-07 0)
(-0.00207315 4.2333e-07 0)
(-0.00206743 4.19157e-07 0)
(-0.00206176 4.15334e-07 0)
(-0.00205613 4.11526e-07 0)
(-0.00205056 4.07568e-07 0)
(-0.00204505 4.03792e-07 0)
(-0.00203958 4.00031e-07 0)
(-0.00203417 3.96453e-07 0)
(-0.0020288 3.92889e-07 0)
(-0.00202348 3.8934e-07 0)
(-0.00201821 3.85806e-07 0)
(-0.00201299 3.82285e-07 0)
(-0.00200781 3.78778e-07 0)
(-0.00200268 3.75452e-07 0)
(-0.00199759 3.72305e-07 0)
(-0.00199255 3.69007e-07 0)
(-0.00198755 3.6572e-07 0)
(-0.0019826 3.6245e-07 0)
(-0.00197769 3.59356e-07 0)
(-0.00197282 3.56281e-07 0)
(-0.00196799 3.5321e-07 0)
(-0.0019632 3.50333e-07 0)
(-0.00195845 3.47281e-07 0)
(-0.00195374 3.44441e-07 0)
(-0.00194907 3.41564e-07 0)
(-0.00194444 3.38605e-07 0)
(-0.00193985 3.35889e-07 0)
(-0.00193529 3.33161e-07 0)
(-0.00193078 3.30248e-07 0)
(-0.0019263 3.27917e-07 0)
(-0.00192185 3.24974e-07 0)
(-0.00191812 3.22151e-07 0)
(-0.00191507 3.20963e-07 0)
(-0.00191202 3.19352e-07 0)
(-0.00190896 3.17403e-07 0)
(-0.00190589 3.15511e-07 0)
(-0.00190283 3.13654e-07 0)
(-0.00189976 3.12048e-07 0)
(-0.00189668 3.10443e-07 0)
(-0.0018936 3.08618e-07 0)
(-0.00189051 3.06573e-07 0)
(-0.00188743 3.04992e-07 0)
(-0.00188433 3.03414e-07 0)
(-0.00188124 3.01405e-07 0)
(-0.00187814 2.99621e-07 0)
(-0.00187504 2.98071e-07 0)
(-0.00187193 2.96305e-07 0)
(-0.00186882 2.94549e-07 0)
(-0.0018657 2.93014e-07 0)
(-0.00186258 2.91276e-07 0)
(-0.00185946 2.89542e-07 0)
(-0.00185633 2.87825e-07 0)
(-0.0018532 2.86106e-07 0)
(-0.00185007 2.84407e-07 0)
(-0.00184693 2.82706e-07 0)
(-0.00184379 2.81024e-07 0)
(-0.00184065 2.79343e-07 0)
(-0.0018375 2.77877e-07 0)
(-0.00183435 2.76213e-07 0)
(-0.0018312 2.74367e-07 0)
(-0.00182804 2.72719e-07 0)
(-0.00182488 2.71285e-07 0)
(-0.00182172 2.69656e-07 0)
(-0.00181855 2.67849e-07 0)
(-0.00181538 2.66241e-07 0)
(-0.00181221 2.64836e-07 0)
(-0.00180903 2.63245e-07 0)
(-0.00180585 2.61483e-07 0)
(-0.00180267 2.59906e-07 0)
(-0.00179948 2.58536e-07 0)
(-0.00179629 2.56979e-07 0)
(-0.0017931 2.55257e-07 0)
(-0.00178991 2.53721e-07 0)
(-0.00178671 2.52199e-07 0)
(-0.00178351 2.50684e-07 0)
(-0.00178031 2.49182e-07 0)
(-0.0017771 2.47506e-07 0)
(-0.0017739 2.46201e-07 0)
(-0.00177068 2.44719e-07 0)
(-0.00176747 2.43085e-07 0)
(-0.00176425 2.41623e-07 0)
(-0.00176103 2.40177e-07 0)
(-0.00175781 2.38906e-07 0)
(-0.00175458 2.37316e-07 0)
(-0.00175135 2.35891e-07 0)
(-0.00174812 2.34492e-07 0)
(-0.00174489 2.33083e-07 0)
(-0.00174164 2.31704e-07 0)
(-0.00173841 2.30154e-07 0)
(-0.00173516 2.28951e-07 0)
(-0.00173191 2.27589e-07 0)
(-0.00172866 2.26084e-07 0)
(-0.00172541 2.2474e-07 0)
(-0.00172216 2.23575e-07 0)
(-0.00171889 2.22248e-07 0)
(-0.00171563 2.20794e-07 0)
(-0.00171237 2.19482e-07 0)
(-0.0017091 2.18351e-07 0)
(-0.00170583 2.1707e-07 0)
(-0.00170255 2.15653e-07 0)
(-0.00169928 2.14391e-07 0)
(-0.00169599 2.1329e-07 0)
(-0.00169271 2.1205e-07 0)
(-0.00168942 2.10826e-07 0)
(-0.00168612 2.09753e-07 0)
(-0.00168282 2.08542e-07 0)
(-0.00167952 2.07217e-07 0)
(-0.00167622 2.06139e-07 0)
(-0.00167291 2.05172e-07 0)
(-0.00166959 2.03905e-07 0)
(-0.00166627 2.02928e-07 0)
(-0.00166295 2.01792e-07 0)
(-0.00165962 2.00978e-07 0)
(-0.0016563 1.99441e-07 0)
(-0.00165294 1.99452e-07 0)
(-0.00164961 1.9717e-07 0)
(-0.00164622 1.98283e-07 0)
(-0.00164291 1.94259e-07 0)
(-0.00163946 1.98316e-07 0)
(-0.00163621 1.90066e-07 0)
(-0.00163263 2.00932e-07 0)
(-0.00162951 1.82708e-07 0)
(-0.00162569 2.08524e-07 0)
(-0.00162287 1.68568e-07 0)
(-0.00161858 2.26452e-07 0)
(-0.00161633 1.41247e-07 0)
(-0.00161119 2.63061e-07 0)
(-0.00160998 8.92153e-08 0)
(-0.00160351 3.28522e-07 0)
(-0.00160378 6.85516e-09 0)
(-0.00159559 3.61403e-07 0)
(-0.0353488 -0.00214397 0)
(-0.0160267 -0.000524827 0)
(-0.0106081 -0.000100709 0)
(-0.00845634 -3.52536e-05 0)
(-0.00748674 -1.9854e-05 0)
(-0.00685316 -1.61156e-05 0)
(-0.00634571 -1.33497e-05 0)
(-0.00593462 -1.08932e-05 0)
(-0.00559992 -9.07123e-06 0)
(-0.00532116 -7.7546e-06 0)
(-0.00508375 -6.75782e-06 0)
(-0.00487823 -5.97036e-06 0)
(-0.00469816 -5.33235e-06 0)
(-0.00453876 -4.80646e-06 0)
(-0.00439649 -4.36659e-06 0)
(-0.00426855 -3.99418e-06 0)
(-0.00415277 -3.67512e-06 0)
(-0.00404742 -3.39902e-06 0)
(-0.00395109 -3.15801e-06 0)
(-0.00386262 -2.94583e-06 0)
(-0.00378108 -2.75769e-06 0)
(-0.00370565 -2.58956e-06 0)
(-0.00363569 -2.43844e-06 0)
(-0.0035706 -2.30185e-06 0)
(-0.00350992 -2.17746e-06 0)
(-0.00345323 -2.06365e-06 0)
(-0.00340015 -1.95883e-06 0)
(-0.0033504 -1.86158e-06 0)
(-0.0033037 -1.77077e-06 0)
(-0.00325981 -1.68544e-06 0)
(-0.00321855 -1.60438e-06 0)
(-0.00317972 -1.52697e-06 0)
(-0.00314321 -1.45147e-06 0)
(-0.00310888 -1.37814e-06 0)
(-0.00307663 -1.30427e-06 0)
(-0.00304642 -1.23064e-06 0)
(-0.00301813 -1.15296e-06 0)
(-0.00299189 -1.07254e-06 0)
(-0.00296743 -9.84961e-07 0)
(-0.00294538 -8.8549e-07 0)
(-0.00292474 -7.81688e-07 0)
(-0.00290771 -6.34853e-07 0)
(-0.00289093 -5.14741e-07 0)
(-0.00288112 -2.48357e-07 0)
(-0.00286802 -1.3932e-07 0)
(-0.0028703 4.45211e-07 0)
(-0.00286109 3.86825e-07 0)
(-0.00288159 2.20979e-06 0)
(-0.00290159 -4.69719e-06 0)
(-0.00267647 0.000200653 0)
(-2.90094e-06 2.90042e-05 0)
(6.70378e-05 -1.80782e-05 0)
(0.000115144 -0.000203283 0)
(0.000104077 -0.000399625 0)
(5.12657e-05 -0.00054249 0)
(-1.1658e-05 -0.000585897 0)
(-4.30123e-05 -0.000537495 0)
(-2.55153e-05 -0.000460444 0)
(1.29359e-05 -0.000412705 0)
(6.03562e-05 -0.000420786 0)
(0.000119838 -0.000520661 0)
(0.000109573 -0.000708304 0)
(0.000115709 -0.000862545 0)
(2.99602e-05 -0.000939076 0)
(-0.000365811 -0.000603448 0)
(-0.000383085 -2.02003e-05 0)
(-0.000216748 0.000216193 0)
(-0.000160482 0.000373185 0)
(-0.000133289 0.000489643 0)
(-0.000138016 0.000619348 0)
(-0.000150094 0.000754593 0)
(-0.000171314 0.000908356 0)
(-0.000188302 0.00107698 0)
(-0.000198512 0.00125356 0)
(-0.000196025 0.00142806 0)
(-0.000179061 0.00158533 0)
(-0.000148811 0.00171333 0)
(-0.000107933 0.00180398 0)
(-6.02832e-05 0.00184979 0)
(-1.00002e-05 0.00184669 0)
(3.99621e-05 0.00179677 0)
(8.80132e-05 0.00170166 0)
(0.000131958 0.00156532 0)
(0.000170058 0.0013934 0)
(0.000201242 0.00119261 0)
(0.000225078 0.000970031 0)
(0.000241666 0.000732628 0)
(0.000251598 0.000486757 0)
(0.000255605 0.000237781 0)
(0.000254228 -9.46329e-06 0)
(0.000249884 -0.000252491 0)
(0.000240048 -0.000486446 0)
(0.000225997 -0.000705865 0)
(0.000210614 -0.000914494 0)
(0.000193242 -0.00110842 0)
(0.00017421 -0.0012865 0)
(0.000153808 -0.00144785 0)
(0.000132301 -0.00159185 0)
(0.000109975 -0.00171809 0)
(8.70732e-05 -0.0018264 0)
(6.38131e-05 -0.00191671 0)
(4.04536e-05 -0.00198923 0)
(1.70251e-05 -0.00204425 0)
(-6.2477e-06 -0.00208192 0)
(-2.92716e-05 -0.00210328 0)
(-5.26515e-05 -0.00210827 0)
(-7.61587e-05 -0.00209672 0)
(-9.86198e-05 -0.00206987 0)
(-0.000119594 -0.00202871 0)
(-0.000139023 -0.00197426 0)
(-0.000157091 -0.00190763 0)
(-0.000174046 -0.00182982 0)
(-0.000190199 -0.00174174 0)
(-0.000205971 -0.00164421 0)
(-0.000221827 -0.00153785 0)
(-0.000238345 -0.00142303 0)
(-0.000256158 -0.00130002 0)
(-0.000276428 -0.00116883 0)
(-0.000300848 -0.00103023 0)
(-0.000332493 -0.000885725 0)
(-0.000381471 -0.000726372 0)
(-0.000434039 -0.00051994 0)
(-0.000411354 -0.000258144 0)
(-0.000263295 -8.93845e-06 0)
(-5.19708e-05 0.000159337 0)
(0.00014678 0.000246299 0)
(0.00030232 0.000271829 0)
(0.000395399 0.000254489 0)
(0.000417598 0.000211793 0)
(0.000371805 0.000165209 0)
(0.000272927 0.000130903 0)
(0.000144138 0.000121407 0)
(2.14078e-05 0.000139633 0)
(-6.60045e-05 0.000170855 0)
(-0.000110561 0.000193747 0)
(-0.000127536 0.000197032 0)
(-0.000136238 0.000191246 0)
(-0.000135129 0.000193093 0)
(-0.000116877 0.000205063 0)
(-8.23808e-05 0.000219659 0)
(-4.04362e-05 0.000229063 0)
(-1.26015e-06 0.000227813 0)
(2.44322e-05 0.000218611 0)
(3.34418e-05 0.00020957 0)
(3.02515e-05 0.000207201 0)
(2.19478e-05 0.000211022 0)
(1.32216e-05 0.000217078 0)
(6.29182e-06 0.000222099 0)
(1.43026e-06 0.000225154 0)
(-7.15231e-07 0.000227285 0)
(1.5466e-06 0.000228849 0)
(9.8924e-06 0.000227729 0)
(2.44605e-05 0.000221061 0)
(4.38817e-05 0.00020614 0)
(6.58944e-05 0.000181163 0)
(8.79585e-05 0.000145287 0)
(0.000108147 9.96617e-05 0)
(0.000122301 4.36833e-05 0)
(0.000126716 -1.93225e-05 0)
(0.000119167 -8.36582e-05 0)
(9.97488e-05 -0.000143195 0)
(7.08182e-05 -0.000193564 0)
(3.52991e-05 -0.000231495 0)
(-3.23807e-06 -0.000253626 0)
(-4.00606e-05 -0.000258543 0)
(-6.97115e-05 -0.000246859 0)
(-8.77024e-05 -0.000221957 0)
(-9.15612e-05 -0.000189112 0)
(-8.17928e-05 -0.00015472 0)
(-6.19143e-05 -0.00012432 0)
(-3.68621e-05 -0.000101061 0)
(-1.09667e-05 -8.56337e-05 0)
(1.31491e-05 -7.74951e-05 0)
(3.42224e-05 -7.60524e-05 0)
(5.1196e-05 -8.04758e-05 0)
(6.22876e-05 -8.8436e-05 0)
(6.65212e-05 -9.68679e-05 0)
(6.44087e-05 -0.000102741 0)
(5.65334e-05 -0.000104626 0)
(4.22883e-05 -0.000102085 0)
(2.09462e-05 -9.37387e-05 0)
(-6.52348e-06 -7.74463e-05 0)
(-3.67733e-05 -5.13769e-05 0)
(-6.49964e-05 -1.62454e-05 0)
(-8.70007e-05 2.48256e-05 0)
(-0.000100512 6.77538e-05 0)
(-0.000105086 0.000108949 0)
(-0.000101383 0.000145856 0)
(-9.04994e-05 0.000176754 0)
(-7.38578e-05 0.000200815 0)
(-5.2596e-05 0.000217166 0)
(-2.76957e-05 0.000225351 0)
(2.11772e-07 0.00022504 0)
(3.0044e-05 0.000215718 0)
(6.06488e-05 0.000197654 0)
(9.1442e-05 0.000171056 0)
(0.000121745 0.000136248 0)
(0.00015082 9.37564e-05 0)
(0.000178074 4.43929e-05 0)
(0.000202931 -1.09278e-05 0)
(0.000224631 -7.12646e-05 0)
(0.000244784 -0.000136498 0)
(0.000261979 -0.000205586 0)
(0.000275892 -0.000277567 0)
(0.000286314 -0.00035162 0)
(0.000293132 -0.000426899 0)
(0.000296281 -0.000502549 0)
(0.000295738 -0.000577735 0)
(0.000291535 -0.000651609 0)
(0.000283831 -0.000723339 0)
(0.000272863 -0.000792266 0)
(0.000258816 -0.000857847 0)
(0.00024187 -0.00091956 0)
(0.000222238 -0.000976932 0)
(0.000200162 -0.00102956 0)
(0.000175903 -0.00107711 0)
(0.000149704 -0.00111934 0)
(0.0001218 -0.00115604 0)
(9.2429e-05 -0.00118709 0)
(6.18278e-05 -0.0012124 0)
(3.01898e-05 -0.00123195 0)
(-2.25624e-06 -0.00124571 0)
(-3.52724e-05 -0.00125374 0)
(-6.91279e-05 -0.00125604 0)
(-0.000103624 -0.00125219 0)
(-0.000138069 -0.00124235 0)
(-0.000172222 -0.00122665 0)
(-0.000206038 -0.00120632 0)
(-0.0002391 -0.00118068 0)
(-0.000270914 -0.00114913 0)
(-0.000301102 -0.00111193 0)
(-0.000329254 -0.0010693 0)
(-0.000354909 -0.00102148 0)
(-0.000377566 -0.000968787 0)
(-0.000396692 -0.000911571 0)
(-0.000411723 -0.000850253 0)
(-0.000422106 -0.000785318 0)
(-0.000427303 -0.000717305 0)
(-0.000426794 -0.000646875 0)
(-0.000420063 -0.000574651 0)
(-0.000407176 -0.000502245 0)
(-0.000387157 -0.000430267 0)
(-0.000360074 -0.000361401 0)
(-0.000327238 -0.000301081 0)
(-0.000292638 -0.000259666 0)
(-0.000265623 -0.000255226 0)
(-0.000265954 -0.000315704 0)
(-0.000331204 -0.000476514 0)
(-0.000512627 -0.000762803 0)
(-0.000810926 -0.00114124 0)
(1.22232e-05 2.47366e-05 0)
(2.56761e-06 2.36562e-05 0)
(2.36117e-05 -1.4025e-05 0)
(0.000111972 -0.000131729 0)
(0.000311926 -0.000241628 0)
(0.000529347 -0.00024496 0)
(0.000689729 -0.000192364 0)
(0.000787853 -0.00011634 0)
(0.000814868 -3.62756e-05 0)
(0.000786027 2.95366e-05 0)
(0.000715284 7.83682e-05 0)
(0.000615602 0.00010553 0)
(0.000505888 0.000109143 0)
(0.000404279 9.06388e-05 0)
(0.000325782 5.53924e-05 0)
(0.000281494 1.03493e-05 0)
(0.000278067 -3.7801e-05 0)
(0.0003187 -8.17803e-05 0)
(0.000402477 -0.000112474 0)
(0.00051788 -0.000114866 0)
(0.00063051 -8.0573e-05 0)
(0.000692408 -2.65385e-05 0)
(0.000688729 2.36893e-05 0)
(0.000630623 6.69079e-05 0)
(0.000530664 0.000105004 0)
(0.000409765 0.000129183 0)
(0.000287228 0.000131112 0)
(0.000181416 0.000111918 0)
(0.00011074 8.40691e-05 0)
(7.6493e-05 6.09873e-05 0)
(6.9509e-05 5.46838e-05 0)
(7.68791e-05 6.71219e-05 0)
(9.37184e-05 8.70463e-05 0)
(0.000128016 9.15324e-05 0)
(0.000194129 5.2726e-05 0)
(0.000306685 -5.14358e-05 0)
(0.000490309 -0.000216993 0)
(0.0007574 -0.000383977 0)
(0.0010714 -0.000458326 0)
(0.00134829 -0.00040148 0)
(0.001521 -0.000272535 0)
(0.00159674 -0.00015861 0)
(0.00162182 -8.66906e-05 0)
(0.00162113 -3.98637e-05 0)
(0.00159953 -8.48531e-06 0)
(0.00156529 1.22423e-05 0)
(0.00152096 2.97508e-05 0)
(0.00146658 4.35768e-05 0)
(0.00140562 5.30239e-05 0)
(0.00134018 6.04177e-05 0)
(0.00127074 6.68379e-05 0)
(0.00119772 7.27271e-05 0)
(0.0011211 7.89069e-05 0)
(0.00104006 8.62172e-05 0)
(0.000954008 9.5275e-05 0)
(0.000860585 0.000106185 0)
(0.000758048 0.000118871 0)
(0.000644752 0.000133171 0)
(0.000519099 0.00014878 0)
(0.000379712 0.000165061 0)
(0.000227074 0.000181135 0)
(6.22027e-05 0.000198181 0)
(-0.00011746 0.000215989 0)
(-0.000311311 0.00023373 0)
(-0.000519133 0.000250802 0)
(-0.000739893 0.000265416 0)
(-0.000971528 0.000276962 0)
(-0.00121212 0.00028504 0)
(-0.00145879 0.000288166 0)
(-0.00170677 0.000285019 0)
(-0.00195128 0.000274182 0)
(-0.00218617 0.000252915 0)
(-0.00240317 0.0002208 0)
(-0.00259569 0.000174329 0)
(-0.00274979 0.000111304 0)
(-0.00285813 3.4697e-05 0)
(-0.00291189 -6.7424e-05 0)
(-0.00288511 -0.000187057 0)
(-0.00277143 -0.000332982 0)
(-0.00253298 -0.000489331 0)
(-0.0022054 -0.000629561 0)
(-0.00171765 -0.000814977 0)
(-0.00100487 -0.000776569 0)
(-0.000454031 -0.000350401 0)
(-0.000219134 -4.58096e-05 0)
(-8.93025e-05 -1.11032e-05 0)
(2.29284e-05 -5.35353e-05 0)
(0.000126731 -3.65323e-05 0)
(0.000178471 7.09377e-05 0)
(0.00013836 0.000165011 0)
(8.51115e-05 0.000102503 0)
(9.79321e-05 -5.85936e-05 0)
(0.000170196 -0.000125907 0)
(0.000263069 -0.000111838 0)
(0.000339093 -6.32324e-05 0)
(0.000362872 3.47713e-06 0)
(0.000337772 6.14584e-05 0)
(0.000248489 0.000118992 0)
(0.000103776 0.0001284 0)
(-1.59105e-05 6.53455e-05 0)
(4.66128e-05 2.57e-05 0)
(0.000102381 0.000140779 0)
(0.00018168 0.000379718 0)
(0.000108723 0.000636514 0)
(-0.000108869 0.000557499 0)
(-0.000244083 0.000213897 0)
(-0.000253284 -0.000169902 0)
(-0.000229662 -0.000515985 0)
(-0.000188295 -0.000813454 0)
(-0.000141529 -0.00105155 0)
(-9.23464e-05 -0.00123433 0)
(-3.51876e-05 -0.00135818 0)
(3.14471e-05 -0.00140923 0)
(9.2289e-05 -0.0013705 0)
(0.00012978 -0.00125923 0)
(0.000147856 -0.00110591 0)
(0.000160031 -0.000932327 0)
(0.000174053 -0.000744991 0)
(0.000188774 -0.000543071 0)
(0.000200082 -0.00032805 0)
(0.000208109 -0.000106436 0)
(0.000216777 0.000124595 0)
(0.000219815 0.000368977 0)
(0.000204149 0.000595795 0)
(0.000172911 0.000793858 0)
(0.000130413 0.000959736 0)
(8.6837e-05 0.00108612 0)
(5.20281e-05 0.00117289 0)
(2.56792e-05 0.00122594 0)
(-1.50734e-06 0.0012496 0)
(-4.16408e-05 0.00123942 0)
(-0.0001027 0.00117526 0)
(-0.000184939 0.00102995 0)
(-0.000270036 0.000791941 0)
(-0.000328419 0.000477792 0)
(-0.00033483 0.000123652 0)
(-0.000284736 -0.000206955 0)
(-0.000190024 -0.000463149 0)
(-5.6023e-05 -0.000625753 0)
(9.83824e-05 -0.000680907 0)
(0.000223085 -0.000652913 0)
(0.000301027 -0.000587034 0)
(0.000341787 -0.000500725 0)
(0.000323096 -0.000405907 0)
(0.000239804 -0.000293327 0)
(4.06262e-05 -0.000157821 0)
(-0.000304362 -0.000121425 0)
(-0.000609205 -0.000253831 0)
(-0.000727306 -0.000446338 0)
(-0.000669857 -0.000615825 0)
(-0.000464134 -0.000695093 0)
(-0.000174465 -0.000651563 0)
(0.000134667 -0.000473711 0)
(0.000372772 -0.000102263 0)
(0.000362681 0.000282044 0)
(0.000393086 0.000555441 0)
(0.000533156 0.000861131 0)
(0.000648895 0.00124084 0)
(0.000662724 0.00162696 0)
(0.00057694 0.00195831 0)
(0.000464539 0.00220305 0)
(0.00038488 0.00238897 0)
(0.000335082 0.00255014 0)
(0.000290145 0.00269429 0)
(0.00024453 0.00281443 0)
(0.000205203 0.00291158 0)
(0.000173755 0.00299208 0)
(0.000147471 0.00305987 0)
(0.000125213 0.00311643 0)
(0.000106983 0.00316366 0)
(9.22493e-05 0.0032035 0)
(8.02939e-05 0.00323742 0)
(7.06154e-05 0.00326642 0)
(6.27753e-05 0.00329139 0)
(5.63444e-05 0.00331296 0)
(5.09685e-05 0.00333155 0)
(4.63009e-05 0.00334742 0)
(4.20095e-05 0.00336067 0)
(3.78099e-05 0.0033712 0)
(3.34618e-05 0.00337883 0)
(2.86335e-05 0.00338323 0)
(2.30404e-05 0.00338379 0)
(1.65828e-05 0.00337984 0)
(8.82202e-06 0.00337086 0)
(-1.13004e-06 0.00335552 0)
(-1.43157e-05 0.00333211 0)
(-3.23521e-05 0.00329829 0)
(-5.72737e-05 0.00325078 0)
(-9.12054e-05 0.00318542 0)
(-0.000135563 0.00309734 0)
(-0.000189761 0.00298199 0)
(-0.000250234 0.00283723 0)
(-0.000311588 0.00267272 0)
(-0.000367322 0.00249695 0)
(-0.0004098 0.00231893 0)
(-0.000426997 0.00214954 0)
(-0.000410689 0.00202462 0)
(-0.000384873 0.00204401 0)
(-0.000388498 0.00219679 0)
(-0.000428172 0.00240087 0)
(-0.000372734 0.00250367 0)
(7.27219e-05 0.00244483 0)
(0.00115729 0.00254915 0)
(0.00248684 0.0035097 0)
(0.00283123 0.00526803 0)
(0.0018456 0.00641774 0)
(0.000982035 0.00639842 0)
(0.000862076 0.00636525 0)
(0.000632499 0.00669386 0)
(0.000210372 0.00674218 0)
(4.05709e-05 0.00658704 0)
(-5.09309e-05 0.00654899 0)
(-0.000209623 0.00647026 0)
(-0.000291284 0.00630406 0)
(-0.000323308 0.00617313 0)
(-0.000374092 0.00604287 0)
(-0.000400544 0.00588314 0)
(-0.00040331 0.00573697 0)
(-0.00041061 0.00559981 0)
(-0.00041167 0.0054565 0)
(-0.000403068 0.00532036 0)
(-0.000395136 0.00519297 0)
(-0.000386126 0.0050676 0)
(-0.000373305 0.00494755 0)
(-0.000359738 0.0048348 0)
(-0.00034563 0.00472707 0)
(-0.000329682 0.00462499 0)
(-0.000312575 0.00452978 0)
(-0.00029475 0.00444109 0)
(-0.000275929 0.00435896 0)
(-0.000256329 0.00428394 0)
(-0.000236312 0.00421602 0)
(-0.000215988 0.00415513 0)
(-0.000195534 0.0041013 0)
(-0.000175156 0.00405445 0)
(-0.00015499 0.00401441 0)
(-0.000135154 0.00398105 0)
(-0.000115757 0.00395423 0)
(-9.69279e-05 0.00393377 0)
(-7.88219e-05 0.00392255 0)
(-6.104e-05 0.00392073 0)
(-4.32397e-05 0.00392449 0)
(-2.52635e-05 0.00393326 0)
(-6.23199e-06 0.00394679 0)
(1.44359e-05 0.00396567 0)
(3.67019e-05 0.0039902 0)
(6.0613e-05 0.0040204 0)
(8.62367e-05 0.00405633 0)
(0.000113575 0.00409803 0)
(0.000142587 0.00414554 0)
(0.000173179 0.00419885 0)
(0.000205176 0.0042579 0)
(0.000238348 0.00432255 0)
(0.00027243 0.00439261 0)
(0.000307093 0.00446785 0)
(0.000342006 0.00454797 0)
(0.000376797 0.00463259 0)
(0.000411031 0.00472148 0)
(0.000444202 0.00481442 0)
(0.00047572 0.00491099 0)
(0.000504866 0.00501058 0)
(0.000530785 0.00511244 0)
(0.000552552 0.00521629 0)
(0.00056907 0.00532114 0)
(0.000579128 0.00542607 0)
(0.00058155 0.00553025 0)
(0.000575351 0.00563278 0)
(0.000559735 0.0057325 0)
(0.000534225 0.00582801 0)
(0.000498525 0.00591796 0)
(0.000452279 0.00600095 0)
(0.000394778 0.00607528 0)
(0.000324939 0.00613866 0)
(0.000241506 0.00618835 0)
(0.000143839 0.00622162 0)
(3.32297e-05 0.00623641 0)
(-8.66633e-05 0.00624755 0)
(-0.000214586 0.00624527 0)
(-0.000351064 0.00622318 0)
(-0.000494172 0.00618073 0)
(-0.000642315 0.00611838 0)
(-0.000794687 0.0060365 0)
(-0.000950602 0.00593532 0)
(-0.00110969 0.00581519 0)
(-0.00127177 0.0056766 0)
(-0.00143707 0.00552025 0)
(-0.00160616 0.00534678 0)
(-0.00177988 0.00515668 0)
(-0.00195919 0.00495026 0)
(-0.00214509 0.00472749 0)
(-0.00234524 0.00450219 0)
(-0.00258813 0.00431611 0)
(-0.00286299 0.00413125 0)
(-0.00317799 0.00395201 0)
(-0.00354201 0.00378532 0)
(-0.00396931 0.00364057 0)
(-0.00449094 0.00353367 0)
(-0.00516371 0.00350999 0)
(-0.00598185 0.0036878 0)
(-0.00644946 0.00423481 0)
)
;
    }
    frontAndBack
    {
        type            empty;
    }
}


// ************************************************************************* //
