/*--------------------------------*- C++ -*----------------------------------*\
  =========                 |
  \\      /  F ield         | OpenFOAM: The Open Source CFD Toolbox
   \\    /   O peration     | Website:  https://openfoam.org
    \\  /    A nd           | Version:  7
     \\/     M anipulation  |
\*---------------------------------------------------------------------------*/
FoamFile
{
    version     2.0;
    format      ascii;
    class       volScalarField;
    location    "0.34";
    object      yPlus;
}
// * * * * * * * * * * * * * * * * * * * * * * * * * * * * * * * * * * * * * //

dimensions      [0 0 0 0 0 0 0];

internalField   uniform 0;

boundaryField
{
    velocityInlet
    {
        type            calculated;
        value           uniform 0;
    }
    pressureOutlet
    {
        type            calculated;
        value           uniform 0;
    }
    fixedWalls
    {
        type            calculated;
        value           nonuniform List<scalar> 
100
(
0.76457
0.70004
0.476645
0.623839
0.882839
0.928434
1.01225
1.01951
1.01215
0.972206
0.907379
0.816429
0.697856
0.542602
0.31441
0.306663
0.525617
0.667805
0.776933
0.871706
0.966619
1.06784
1.17108
1.26957
1.35766
1.42084
1.42798
1.3357
1.0737
0.461866
0.86923
1.19448
1.28979
1.21559
1.01034
0.687551
0.210308
0.659246
0.83897
0.920014
0.932814
0.885601
0.775841
0.581143
0.1335
0.585374
0.819167
0.964884
1.03587
1.02677
0.930551
0.740975
0.422142
0.418817
0.67786
0.811542
0.883023
0.916921
0.927789
0.925248
0.915891
0.904017
0.891483
0.877456
0.858971
0.83254
0.796247
0.751377
0.702852
0.658253
0.625628
0.610398
0.612991
0.629295
0.653403
0.680038
0.705275
0.725747
0.737587
0.735929
0.715993
0.675012
0.614924
0.543733
0.476676
0.432154
0.424695
0.450875
0.497358
0.54935
0.599886
0.645849
0.687065
0.725756
0.763598
0.801158
0.842003
0.87405
0.907923
0.962045
)
;
    }
    bottomWall
    {
        type            calculated;
        value           nonuniform List<scalar> 
800
(
2.94479
1.98391
1.61346
1.44037
1.35526
1.29666
1.24775
1.20669
1.17219
1.14267
1.11692
1.09415
1.07379
1.05545
1.0388
1.0236
1.00964
0.996763
0.984837
0.973749
0.963407
0.95373
0.944653
0.936116
0.928069
0.920469
0.913277
0.906459
0.899986
0.89383
0.887967
0.882378
0.877041
0.871941
0.867061
0.862387
0.857907
0.853606
0.849477
0.845507
0.841689
0.838013
0.834471
0.831058
0.827764
0.824587
0.821516
0.818552
0.815683
0.812912
0.810587
0.808663
0.80676
0.804882
0.80303
0.801201
0.799395
0.797612
0.795853
0.794114
0.792396
0.7907
0.789025
0.787368
0.785733
0.784116
0.782518
0.78094
0.779379
0.777836
0.77631
0.774802
0.773311
0.771837
0.77038
0.768938
0.767511
0.766101
0.764705
0.763326
0.76196
0.760609
0.759273
0.75795
0.756642
0.755347
0.754065
0.752796
0.751542
0.750298
0.749068
0.74785
0.746645
0.74545
0.744268
0.743098
0.741939
0.740791
0.739653
0.738528
0.737413
0.736308
0.735213
0.734129
0.733055
0.731991
0.730937
0.729892
0.728857
0.727832
0.726814
0.725807
0.724808
0.723819
0.722838
0.721865
0.720901
0.719945
0.718998
0.718058
0.717127
0.716204
0.715288
0.71438
0.713479
0.712586
0.711701
0.710822
0.709951
0.709087
0.708229
0.70738
0.706536
0.705699
0.704869
0.704046
0.703228
0.702418
0.701613
0.700815
0.700022
0.699236
0.698456
0.697681
0.696913
0.69615
0.695392
0.69464
0.693895
0.693154
0.692531
0.692023
0.691513
0.691002
0.690489
0.689976
0.689462
0.688947
0.688431
0.687914
0.687396
0.686876
0.686356
0.685836
0.685314
0.68479
0.684266
0.683742
0.683216
0.682688
0.68216
0.681631
0.681101
0.680571
0.680039
0.679506
0.678972
0.678437
0.677902
0.677364
0.676826
0.676288
0.675748
0.675208
0.674666
0.674123
0.673579
0.673034
0.672488
0.671941
0.671393
0.670843
0.670293
0.669741
0.669189
0.668635
0.66808
0.667524
0.666967
0.666409
0.665849
0.665288
0.664726
0.664163
0.663599
0.663032
0.662465
0.661897
0.661327
0.660755
0.660183
0.659608
0.659033
0.658456
0.657877
0.657297
0.656716
0.656132
0.655547
0.65496
0.654373
0.653783
0.653191
0.652597
0.652
0.651403
0.650803
0.650201
0.649597
0.64899
0.648382
0.647769
0.647157
0.646538
0.645923
0.645294
0.64468
0.644037
0.64343
0.642759
0.642175
0.641454
0.640925
0.64011
0.639692
0.638708
0.638489
0.637245
0.637313
0.635735
2.94479
1.98391
1.61345
1.44036
1.35526
1.29665
1.24773
1.20664
1.17212
1.14258
1.1168
1.094
1.07363
1.05528
1.03864
1.02346
1.00955
0.99673
0.984882
0.973896
0.963678
0.954155
0.94526
0.936939
0.929146
0.921842
0.914994
0.908574
0.902562
0.896938
0.891691
0.88681
0.882295
0.87814
0.874358
0.87095
0.867938
0.865342
0.863177
0.861518
0.860298
0.859801
0.859567
0.860688
0.861134
0.864914
0.864509
0.873237
0.868621
0.853526
0.972195
1.53729
1.95256
2.09073
1.84692
1.14865
1.55682
1.85099
1.92533
1.99326
2.05559
2.14864
2.28041
2.45548
2.66575
2.89849
3.14201
3.38469
3.61569
3.82541
4.00579
4.15047
4.25583
4.31842
4.33632
4.31017
4.24239
4.13555
3.99302
3.81851
3.61576
3.3882
3.13862
2.8688
2.57925
2.26854
1.93187
1.55764
1.12023
0.691358
1.04537
1.41086
1.6922
1.92461
2.12892
2.31718
2.49694
2.67303
2.8482
3.02373
3.19974
3.37605
3.55215
3.72571
3.89514
4.05884
4.21524
4.36294
4.50073
4.62745
4.74199
4.84328
4.93033
5.00207
5.0568
5.0939
5.11049
5.10013
5.06362
4.99616
4.8766
4.71571
4.53322
4.27814
3.78701
2.89431
2.06057
2.23539
2.59977
2.72808
2.61976
2.27812
1.75655
1.14919
0.946263
1.36112
1.76078
2.04261
2.17082
2.20061
2.24142
2.33891
2.44428
2.51544
2.55626
2.59413
2.64452
2.70336
2.76093
2.8121
2.85619
2.89428
2.92789
2.95891
2.98968
3.02249
3.05893
3.09936
3.14262
3.18616
3.22652
3.25993
3.2828
3.29186
3.28491
3.26148
3.22219
3.16985
3.10692
3.03791
2.96758
2.90031
2.84131
2.79785
2.77651
2.77749
2.79408
2.81671
2.83627
2.84427
2.83005
2.78378
2.7003
2.57464
2.41235
2.22504
2.02042
1.80787
1.6112
1.48626
1.49879
1.63208
1.81841
2.00928
2.1875
2.34854
2.4919
2.61834
2.729
2.82502
2.9075
2.9774
3.03561
3.08289
3.11993
3.1473
3.16551
3.175
3.17609
3.16942
3.15541
3.13412
3.10565
3.07008
3.02741
2.97761
2.9206
2.85624
2.78436
2.70473
2.61712
2.52125
2.41671
2.3074
2.19427
2.07207
1.94031
1.7998
1.65447
1.51541
1.40597
1.35864
1.38794
1.47113
1.57423
1.6757
1.77048
1.85908
1.93131
1.98644
2.02401
2.04401
2.04569
2.02945
1.99621
1.94863
1.89619
1.8696
1.95816
2.3101
0.86045
1.52605
1.51989
1.05412
1.38628
1.97234
2.33836
2.52392
2.55642
2.44985
2.21068
1.83747
1.35832
1.42042
2.03638
2.60562
3.10733
3.5559
3.89865
4.01536
4.00644
4.04415
4.17573
4.22123
4.03803
3.65716
3.14954
2.58321
1.98869
1.46906
1.37777
1.80293
2.27156
2.70258
3.10352
3.47915
3.82652
4.13758
4.40097
4.60387
4.73483
4.78523
4.74128
4.62203
4.37708
3.98266
3.40204
2.60147
1.90866
2.50716
3.22296
3.69921
3.97004
4.10913
4.19615
4.30184
4.46369
4.63792
4.77097
4.83035
4.82522
4.78606
4.73945
4.68986
4.63108
4.55638
4.45973
4.33498
4.17581
3.97586
3.72858
3.42655
3.05895
2.60664
2.03
1.26139
1.44268
2.18505
2.75333
3.21472
3.59682
3.90844
4.15083
4.32061
4.41131
4.41513
4.32074
4.12669
3.84352
3.4992
3.14202
2.81195
2.50746
2.21055
1.92039
1.64778
1.39648
1.19195
0.983412
0.475688
0.537465
0.988007
1.31773
1.55933
1.77725
1.99762
2.22321
2.43879
2.61668
2.7266
2.74675
2.65629
2.4368
2.05995
1.48208
1.114
1.81895
2.32886
2.53507
2.51884
2.46173
2.39146
2.28332
2.07591
1.73814
1.20657
1.05109
1.77243
2.32977
2.7438
3.01427
3.12994
3.08627
2.88778
2.55465
2.12971
1.6658
1.23705
0.98994
1.03908
1.32337
1.64434
1.87681
1.99548
2.04486
2.10594
2.18617
2.21553
2.12939
1.92086
1.60207
1.1855
0.977214
1.59123
2.27262
2.85162
3.15728
3.3267
3.56637
3.80029
3.97974
4.13853
4.37447
4.70722
5.01851
5.20012
5.27306
5.30034
5.33509
5.38467
5.41936
5.43336
5.43804
5.44513
5.45214
5.45209
5.44602
5.43928
5.43234
5.42287
5.4104
5.39651
5.3819
5.36589
5.34813
5.32904
5.30889
5.28752
5.26478
5.24075
5.21551
5.18905
5.1613
5.13228
5.10203
5.07056
5.03787
5.00398
4.9689
4.93267
4.8953
4.85681
4.81721
4.77654
4.73481
4.69203
4.64821
4.60338
4.55753
4.51068
4.46281
4.41393
4.36403
4.31312
4.26117
4.20817
4.15411
4.09896
4.04271
3.98534
3.92682
3.86711
3.8062
3.74401
3.68052
3.61567
3.54942
3.48167
3.41237
3.34143
3.26877
3.19431
3.1179
3.03947
2.95887
2.87597
2.79061
2.70263
2.61183
2.51799
2.42088
2.32135
2.21899
2.11246
2.00134
1.8853
1.7643
1.63908
1.51221
1.39272
1.29601
1.2396
1.24128
1.29897
1.39291
1.50308
1.61736
1.72927
1.8363
1.93782
2.0346
2.12862
2.22314
2.32296
2.43291
2.5563
2.69162
2.83285
2.97279
3.10365
3.22038
3.32085
3.40395
3.47338
3.52075
3.67832
3.77656
3.78071
3.70325
3.58897
3.53491
3.5845
3.65302
3.70235
3.73012
3.74972
3.76595
3.77556
3.77223
3.75002
3.70628
3.64006
3.55044
3.43555
3.29173
3.11231
2.88348
2.59306
2.25537
2.10105
)
;
    }
    frontAndBack
    {
        type            empty;
    }
}


// ************************************************************************* //
