/*--------------------------------*- C++ -*----------------------------------*\
  =========                 |
  \\      /  F ield         | OpenFOAM: The Open Source CFD Toolbox
   \\    /   O peration     | Website:  https://openfoam.org
    \\  /    A nd           | Version:  7
     \\/     M anipulation  |
\*---------------------------------------------------------------------------*/
FoamFile
{
    version     2.0;
    format      ascii;
    class       volScalarField;
    location    "0.16";
    object      yPlus;
}
// * * * * * * * * * * * * * * * * * * * * * * * * * * * * * * * * * * * * * //

dimensions      [0 0 0 0 0 0 0];

internalField   uniform 0;

boundaryField
{
    velocityInlet
    {
        type            calculated;
        value           uniform 0;
    }
    pressureOutlet
    {
        type            calculated;
        value           uniform 0;
    }
    fixedWalls
    {
        type            calculated;
        value           nonuniform List<scalar> 
100
(
1.88106
0.808151
0.532686
0.226251
0.439554
0.359217
0.504187
0.791351
1.10139
1.24314
0.995433
0.870053
1.58251
1.78584
1.62107
1.16067
0.25523
0.951424
1.16611
1.21854
1.20198
1.15946
1.10961
1.05995
1.01333
0.971148
0.934502
0.904177
0.880326
0.862437
0.849567
0.840556
0.833942
0.827704
0.819122
0.80488
0.78138
0.745162
0.693519
0.625434
0.543265
0.45547
0.380789
0.34934
0.380027
0.455279
0.545955
0.634463
0.714633
0.787561
0.857897
0.928343
0.99302
1.03546
1.03277
0.961307
0.796927
0.497311
0.368492
0.607934
0.603058
0.386738
0.395328
0.664892
0.807357
0.883936
0.922034
0.937292
0.93762
0.926757
0.907555
0.88362
0.85894
0.8363
0.816041
0.796262
0.774679
0.75133
0.730206
0.717234
0.715561
0.71769
0.698298
0.61442
0.424329
0.133183
0.312061
0.205246
0.259431
0.373316
0.36303
0.248188
0.153644
0.242966
0.123374
0.32014
0.539867
0.664315
0.81829
0.931653
)
;
    }
    bottomWall
    {
        type            calculated;
        value           nonuniform List<scalar> 
800
(
2.94479
1.98391
1.61347
1.4404
1.35532
1.29674
1.24786
1.20681
1.17233
1.14282
1.11708
1.0943
1.07394
1.0556
1.03895
1.02375
1.0098
0.996934
0.985019
0.973946
0.963621
0.953966
0.944912
0.936402
0.928384
0.920814
0.913654
0.90687
0.900431
0.89431
0.888484
0.882929
0.877629
0.872563
0.867717
0.863076
0.858626
0.854357
0.850256
0.846315
0.842523
0.838872
0.835354
0.831963
0.82869
0.825531
0.822478
0.819528
0.816673
0.813913
0.811597
0.80968
0.807783
0.805909
0.804061
0.802235
0.800431
0.798651
0.79689
0.795151
0.793432
0.791733
0.790053
0.788393
0.786752
0.785128
0.783523
0.781935
0.780364
0.77881
0.777272
0.775751
0.774245
0.772755
0.77128
0.769819
0.768374
0.766943
0.765525
0.764122
0.762732
0.761356
0.759992
0.758642
0.757304
0.755978
0.754664
0.753362
0.752072
0.750793
0.749526
0.74827
0.747024
0.745789
0.744565
0.743352
0.742148
0.740955
0.739771
0.738598
0.737434
0.736279
0.735134
0.733998
0.732871
0.731754
0.730644
0.729544
0.728452
0.72737
0.726294
0.725228
0.72417
0.723119
0.722078
0.721044
0.720016
0.718998
0.717987
0.716983
0.715987
0.714999
0.714017
0.713042
0.712075
0.711115
0.710162
0.709215
0.708276
0.707343
0.706417
0.705497
0.704585
0.703679
0.702779
0.701885
0.700998
0.700117
0.699242
0.698373
0.697511
0.696654
0.695804
0.694959
0.69412
0.693287
0.692461
0.691639
0.690824
0.690014
0.689334
0.688777
0.688219
0.687659
0.687099
0.686538
0.685975
0.685411
0.684846
0.68428
0.683712
0.683144
0.682575
0.682004
0.681433
0.680861
0.680286
0.679712
0.679137
0.67856
0.677982
0.677403
0.676825
0.676244
0.675664
0.675081
0.674498
0.673915
0.67333
0.672744
0.672158
0.67157
0.670982
0.670394
0.669804
0.669214
0.668623
0.668031
0.667438
0.666846
0.666251
0.665657
0.665062
0.664466
0.663869
0.663271
0.662673
0.662075
0.661475
0.660874
0.660274
0.659672
0.65907
0.658466
0.657863
0.657259
0.656654
0.656049
0.655442
0.654835
0.654227
0.653618
0.653008
0.652399
0.651787
0.651176
0.650562
0.649949
0.649334
0.648719
0.648102
0.647484
0.646865
0.646245
0.645623
0.645002
0.644377
0.643752
0.643127
0.642498
0.641869
0.641237
0.640606
0.639968
0.639336
0.63869
0.638059
0.637401
0.636779
0.636095
0.635498
0.634764
0.634223
0.633397
0.632967
0.631973
0.631744
0.630489
0.630549
0.628956
2.94479
1.98388
1.61336
1.44017
1.35494
1.29619
1.24711
1.20584
1.17113
1.14137
1.11537
1.09232
1.07168
1.05303
1.03606
1.02051
1.00618
0.992899
0.980542
0.968992
0.958157
0.947955
0.938318
0.929186
0.920511
0.912248
0.904359
0.896813
0.889579
0.882635
0.875962
0.869542
0.863365
0.857418
0.851709
0.84622
0.840983
0.835985
0.831271
0.826871
0.822767
0.819221
0.815809
0.813689
0.810881
0.811446
0.808544
0.814293
0.810708
0.7942
0.444756
0.896569
1.20457
1.38813
1.50757
1.56958
1.59257
1.59922
1.60924
1.63243
1.67072
1.72203
1.78291
1.85033
1.92241
1.99831
2.07781
2.16092
2.24768
2.33805
2.43199
2.52954
2.63108
2.73747
2.84999
2.97005
3.09876
3.23676
3.38394
3.53745
3.68959
3.83021
3.94484
3.99745
3.94207
3.76745
3.52166
3.28944
3.12925
3.0634
3.09786
3.2048
3.33952
3.48815
3.61761
3.56913
3.11745
2.34606
1.72754
2.126
2.6978
3.12986
3.4401
3.65657
3.80039
3.88888
3.9331
3.94202
3.92449
3.88701
3.83433
3.77071
3.69976
3.62461
3.54786
3.47174
3.39805
3.32828
3.26355
3.20463
3.15193
3.10553
3.06519
3.0303
3.00003
2.97389
2.95106
2.92896
2.90601
2.88085
2.85299
2.82332
2.79389
2.76697
2.74397
2.72527
2.71048
2.69821
2.68595
2.67006
2.6473
2.61535
2.57266
2.5182
2.45156
2.37314
2.28422
2.18602
2.07984
1.96668
1.84745
1.72359
1.59783
1.47526
1.36444
1.2778
1.22917
1.2268
1.26624
1.33031
1.40016
1.47752
1.59636
1.79684
2.06615
2.33904
2.57381
2.82188
3.17589
3.56284
3.82822
3.98358
4.10195
4.20073
4.27755
4.33454
4.37672
4.40706
4.42766
4.44047
4.44692
4.44817
4.44533
4.43916
4.43
4.41816
4.40381
4.38709
4.36804
4.34668
4.32296
4.2968
4.2681
4.23674
4.20261
4.16551
4.12532
4.08185
4.03494
3.98441
3.93008
3.87177
3.80931
3.74251
3.67118
3.59516
3.51426
3.42828
3.33702
3.24028
3.13785
3.02948
2.91494
2.79392
2.66616
2.53136
2.39038
2.24647
2.09511
1.93628
1.7714
1.6059
1.45503
1.35154
1.3351
1.40684
1.52621
1.65759
1.78421
1.90023
2.00506
2.10335
2.18865
2.26109
2.32077
2.36773
2.40196
2.42341
2.43219
2.42777
2.41037
2.38001
2.33671
2.28056
2.21202
2.13316
2.0518
1.99261
2.02388
2.27322
0.393635
0.912166
1.09255
1.08397
1.05071
1.03407
1.02323
1.02492
1.07164
1.18496
1.34357
1.47657
1.51364
1.48907
1.53148
1.67198
1.73287
1.54672
1.0783
0.939329
1.40034
1.62429
1.68561
1.64968
1.51404
1.29488
0.997569
0.654223
0.61791
0.829863
0.793509
0.849279
1.28499
1.64144
1.69175
1.49887
2.17061
3.07722
3.71841
4.11425
4.40806
4.68464
4.94285
5.18668
5.42397
5.65601
5.88377
6.1047
6.31447
6.5066
6.67369
6.80741
6.90078
6.94842
6.94175
6.87466
6.74582
6.54582
6.26596
5.89597
5.42049
4.81692
4.04628
3.04549
2.16529
3.15277
4.26873
5.18444
5.95623
6.61383
7.16982
7.62829
7.98874
8.24908
8.40376
8.45585
8.40386
8.2565
8.01824
7.71424
7.37244
7.01583
6.65663
6.2955
5.9145
5.48982
4.9663
4.31477
3.48923
2.37345
2.77531
3.58439
3.74885
3.51042
2.97482
2.56311
2.16776
1.78766
1.38662
0.75655
0.854802
1.30392
1.56156
1.69899
1.78141
1.86865
1.97742
2.11268
2.25353
2.39713
2.55388
2.73444
2.93911
3.14854
3.32034
3.41098
3.4252
3.41195
3.42178
3.48634
3.57786
3.57932
3.35066
2.81325
1.95198
1.97404
3.05016
3.90449
4.56403
5.04652
5.35211
5.48275
5.459
5.29707
4.95146
4.45404
3.86319
3.28243
2.84048
2.61371
2.73784
2.96173
3.21441
3.55179
3.98227
4.37794
4.55457
4.38862
3.92978
3.33974
2.73323
2.20496
2.31652
2.83654
2.86273
2.64135
3.1823
3.68406
3.70086
3.41272
3.57839
4.57147
5.34751
5.63796
5.76894
5.90054
6.06826
6.22161
6.36208
6.55419
6.8013
7.1122
7.51643
7.98112
8.40536
8.6965
8.84744
8.91283
8.94667
8.95768
8.93813
8.89962
8.85701
8.81035
8.75615
8.69744
8.63848
8.57948
8.51916
8.45784
8.39654
8.33547
8.27434
8.2131
8.15195
8.09097
8.03013
7.96943
7.90891
7.84862
7.78856
7.72876
7.66924
7.61
7.55107
7.49245
7.43413
7.37613
7.31844
7.26105
7.20396
7.14716
7.09061
7.03433
6.97829
6.92247
6.86685
6.81142
6.75616
6.70105
6.64607
6.5912
6.53643
6.48173
6.42709
6.37249
6.31791
6.26334
6.20876
6.15415
6.0995
6.04479
5.99002
5.93516
5.8802
5.82513
5.76992
5.71457
5.65906
5.60337
5.54748
5.49137
5.43501
5.37838
5.32145
5.26419
5.20656
5.14852
5.09004
5.03106
4.97153
4.9114
4.85059
4.78904
4.72667
4.66339
4.5991
4.5337
4.46709
4.39912
4.32967
4.25859
4.18571
4.11084
4.03379
3.95431
3.87217
3.78707
3.69868
3.60667
3.51064
3.4102
3.3049
3.19432
3.07806
2.96438
2.84619
2.72321
2.59662
2.46979
2.35073
2.25476
2.2045
2.22137
2.3123
2.46391
2.65579
2.87202
3.10973
3.36349
3.62506
3.89357
4.16949
4.45273
4.74702
5.04671
5.37154
5.6774
6.06601
6.28898
)
;
    }
    frontAndBack
    {
        type            empty;
    }
}


// ************************************************************************* //
