/*--------------------------------*- C++ -*----------------------------------*\
  =========                 |
  \\      /  F ield         | OpenFOAM: The Open Source CFD Toolbox
   \\    /   O peration     | Website:  https://openfoam.org
    \\  /    A nd           | Version:  7
     \\/     M anipulation  |
\*---------------------------------------------------------------------------*/
FoamFile
{
    version     2.0;
    format      ascii;
    class       volVectorField;
    location    "0.22";
    object      wallShearStress;
}
// * * * * * * * * * * * * * * * * * * * * * * * * * * * * * * * * * * * * * //

dimensions      [0 2 -2 0 0 0 0];

internalField   uniform (0 0 0);

boundaryField
{
    velocityInlet
    {
        type            calculated;
        value           uniform (0 0 0);
    }
    pressureOutlet
    {
        type            calculated;
        value           uniform (0 0 0);
    }
    fixedWalls
    {
        type            calculated;
        value           nonuniform List<vector> 
100
(
(-0.0155469 -0.00876442 0)
(0.0133689 -0.00134139 0)
(-0.0011963 0.000721658 0)
(0.00271979 -7.12409e-05 0)
(0.000667496 6.76104e-05 0)
(0.000847883 0.000173167 0)
(-0.00156184 0.000321381 0)
(-0.00383149 0.000381867 0)
(-0.00607782 0.000277695 0)
(-0.00692504 0.000141166 0)
(-0.00445843 -0.000460802 0)
(0.00311961 -0.00132601 0)
(0.0142175 -0.00202097 0)
(0.023476 -0.00167447 0)
(0.0270356 -0.000631734 0)
(0.024409 0.000486975 0)
(0.0176752 0.00108936 0)
(0.00984373 0.00110627 0)
(0.00319218 0.000797137 0)
(-0.00125678 0.000504869 0)
(-0.00375302 0.000254403 0)
(-0.00479024 8.38453e-05 0)
(-0.0045756 -7.44974e-05 0)
(-0.00336527 -0.000207139 0)
(-0.00186145 -0.000216486 0)
(-0.00135668 -4.15576e-05 0)
(-0.00295736 0.000218004 0)
(-0.00584307 0.000321881 0)
(-0.00837956 0.000274308 0)
(-0.0100549 0.000271189 0)
(-0.010199 8.17341e-05 0)
(-0.00743225 -0.000417398 0)
(-0.00182733 -0.000855854 0)
(0.00368117 -0.000741746 0)
(0.00644249 -0.00034825 0)
(0.00624668 5.17e-05 0)
(0.00418116 0.000260419 0)
(0.00168402 0.000273775 0)
(-0.000359932 0.000211058 0)
(-0.00169707 0.000127524 0)
(-0.0024291 6.54573e-05 0)
(-0.00275643 2.78632e-05 0)
(-0.00285766 8.50514e-06 0)
(-0.00285478 -2.4727e-07 0)
(-0.002822 -2.1575e-06 0)
(-0.00280113 -6.26998e-07 0)
(-0.00281437 3.31824e-06 0)
(-0.00287098 8.34431e-06 0)
(-0.00297007 1.34579e-05 0)
(-0.00309911 1.70751e-05 0)
(-0.00323323 1.74165e-05 0)
(-0.00334333 1.42405e-05 0)
(-0.00341216 9.73911e-06 0)
(-0.00344509 7.09356e-06 0)
(-0.00346149 7.35777e-06 0)
(-0.00347273 8.8645e-06 0)
(-0.00346863 8.2159e-06 0)
(-0.00342478 4.32196e-06 0)
(-0.00331896 -1.87188e-06 0)
(-0.0031395 -9.15841e-06 0)
(-0.00288061 -1.73228e-05 0)
(-0.00253453 -2.70629e-05 0)
(-0.00208954 -3.90984e-05 0)
(-0.00153637 -5.32143e-05 0)
(-0.000881003 -6.75458e-05 0)
(-0.000152184 -7.73248e-05 0)
(0.000585665 -8.08894e-05 0)
(0.00122638 -7.14574e-05 0)
(0.00166044 -4.83526e-05 0)
(0.00180516 -1.79948e-05 0)
(0.00164341 1.45243e-05 0)
(0.00122892 4.01653e-05 0)
(0.000664851 5.25399e-05 0)
(6.22695e-05 5.45826e-05 0)
(-0.000495952 4.8922e-05 0)
(-0.000961254 3.93862e-05 0)
(-0.00131945 2.92572e-05 0)
(-0.00157905 2.04386e-05 0)
(-0.00175944 1.37132e-05 0)
(-0.00188197 9.07662e-06 0)
(-0.00196494 6.11462e-06 0)
(-0.00202119 4.24468e-06 0)
(-0.00205891 2.99681e-06 0)
(-0.00208233 2.00863e-06 0)
(-0.00209521 1.23424e-06 0)
(-0.00210065 6.70678e-07 0)
(-0.00210568 6.16635e-07 0)
(-0.00211599 1.12936e-06 0)
(-0.00214354 2.69223e-06 0)
(-0.00219127 4.87668e-06 0)
(-0.00226824 7.73005e-06 0)
(-0.00235126 9.08641e-06 0)
(-0.00241784 8.03123e-06 0)
(-0.00239086 1.0944e-06 0)
(-0.00222798 -1.09226e-05 0)
(-0.0018855 -2.55281e-05 0)
(-0.00136405 -3.94314e-05 0)
(-0.000831264 -4.51376e-05 0)
(-0.000138706 -4.74514e-05 0)
(0.000186708 -1.29521e-05 0)
)
;
    }
    bottomWall
    {
        type            calculated;
        value           nonuniform List<vector> 
800
(
(-0.0353488 0.00214397 0)
(-0.0160268 0.000524825 0)
(-0.0106082 0.000100705 0)
(-0.00845666 3.52475e-05 0)
(-0.00748732 1.98471e-05 0)
(-0.00685405 1.6108e-05 0)
(-0.0063469 1.33425e-05 0)
(-0.0059361 1.08865e-05 0)
(-0.00560164 9.06551e-06 0)
(-0.00532309 7.74987e-06 0)
(-0.00508587 6.75388e-06 0)
(-0.00488053 5.96726e-06 0)
(-0.00470059 5.33004e-06 0)
(-0.00454133 4.80484e-06 0)
(-0.00439916 4.36586e-06 0)
(-0.00427132 3.99442e-06 0)
(-0.0041556 3.67673e-06 0)
(-0.00405027 3.40231e-06 0)
(-0.00395392 3.16328e-06 0)
(-0.00386538 2.95351e-06 0)
(-0.00378369 2.76805e-06 0)
(-0.00370807 2.60315e-06 0)
(-0.00363782 2.45575e-06 0)
(-0.00357238 2.32324e-06 0)
(-0.00351124 2.2035e-06 0)
(-0.00345399 2.09505e-06 0)
(-0.00340025 1.9963e-06 0)
(-0.0033497 1.90602e-06 0)
(-0.00330206 1.82341e-06 0)
(-0.00325708 1.74734e-06 0)
(-0.00321454 1.67725e-06 0)
(-0.00317423 1.61255e-06 0)
(-0.003136 1.5525e-06 0)
(-0.00309967 1.49676e-06 0)
(-0.00306511 1.44478e-06 0)
(-0.0030322 1.3964e-06 0)
(-0.00300081 1.35115e-06 0)
(-0.00297085 1.30878e-06 0)
(-0.0029422 1.269e-06 0)
(-0.00291482 1.23164e-06 0)
(-0.00288858 1.19652e-06 0)
(-0.00286345 1.16324e-06 0)
(-0.00283934 1.132e-06 0)
(-0.0028162 1.10244e-06 0)
(-0.00279396 1.0746e-06 0)
(-0.00277258 1.04799e-06 0)
(-0.00275201 1.02301e-06 0)
(-0.00273222 9.98598e-07 0)
(-0.00271313 9.76738e-07 0)
(-0.00269476 9.53156e-07 0)
(-0.0026794 9.33868e-07 0)
(-0.00266672 9.22999e-07 0)
(-0.00265421 9.09142e-07 0)
(-0.00264189 8.94245e-07 0)
(-0.00262976 8.80188e-07 0)
(-0.00261783 8.66878e-07 0)
(-0.00260607 8.53784e-07 0)
(-0.00259448 8.41093e-07 0)
(-0.00258307 8.2883e-07 0)
(-0.00257182 8.16656e-07 0)
(-0.00256074 8.0473e-07 0)
(-0.00254981 7.93216e-07 0)
(-0.00253904 7.81943e-07 0)
(-0.00252842 7.7091e-07 0)
(-0.00251795 7.60115e-07 0)
(-0.00250763 7.49555e-07 0)
(-0.00249745 7.39227e-07 0)
(-0.0024874 7.28964e-07 0)
(-0.0024775 7.19095e-07 0)
(-0.00246773 7.09452e-07 0)
(-0.00245809 6.9987e-07 0)
(-0.00244858 6.90509e-07 0)
(-0.00243919 6.81371e-07 0)
(-0.00242993 6.72454e-07 0)
(-0.00242078 6.63756e-07 0)
(-0.00241176 6.55111e-07 0)
(-0.00240285 6.46683e-07 0)
(-0.00239405 6.38471e-07 0)
(-0.00238537 6.30309e-07 0)
(-0.0023768 6.22527e-07 0)
(-0.00236832 6.1479e-07 0)
(-0.00235996 6.07101e-07 0)
(-0.0023517 5.99621e-07 0)
(-0.00234354 5.92351e-07 0)
(-0.00233548 5.85289e-07 0)
(-0.00232751 5.78101e-07 0)
(-0.00231964 5.7112e-07 0)
(-0.00231187 5.64509e-07 0)
(-0.00230418 5.57935e-07 0)
(-0.00229658 5.51232e-07 0)
(-0.00228908 5.44896e-07 0)
(-0.00228165 5.38761e-07 0)
(-0.00227432 5.32325e-07 0)
(-0.00226707 5.26256e-07 0)
(-0.0022599 5.20551e-07 0)
(-0.00225281 5.14711e-07 0)
(-0.0022458 5.08734e-07 0)
(-0.00223887 5.03121e-07 0)
(-0.00223202 4.97702e-07 0)
(-0.00222524 4.92313e-07 0)
(-0.00221853 4.86952e-07 0)
(-0.00221189 4.81618e-07 0)
(-0.00220533 4.76478e-07 0)
(-0.00219884 4.71532e-07 0)
(-0.00219241 4.66445e-07 0)
(-0.00218605 4.61552e-07 0)
(-0.00217976 4.5685e-07 0)
(-0.00217353 4.52006e-07 0)
(-0.00216737 4.47355e-07 0)
(-0.00216128 4.42893e-07 0)
(-0.00215524 4.38456e-07 0)
(-0.00214926 4.34042e-07 0)
(-0.00214334 4.29649e-07 0)
(-0.00213749 4.25447e-07 0)
(-0.00213168 4.21267e-07 0)
(-0.00212595 4.17108e-07 0)
(-0.00212026 4.13136e-07 0)
(-0.00211463 4.09185e-07 0)
(-0.00210905 4.05253e-07 0)
(-0.00210352 4.01342e-07 0)
(-0.00209805 3.97782e-07 0)
(-0.00209262 3.94076e-07 0)
(-0.00208726 3.90221e-07 0)
(-0.00208194 3.86716e-07 0)
(-0.00207666 3.8323e-07 0)
(-0.00207144 3.7976e-07 0)
(-0.00206626 3.76307e-07 0)
(-0.00206114 3.72871e-07 0)
(-0.00205606 3.69784e-07 0)
(-0.00205101 3.66545e-07 0)
(-0.00204602 3.63154e-07 0)
(-0.00204107 3.59945e-07 0)
(-0.00203617 3.56917e-07 0)
(-0.0020313 3.54069e-07 0)
(-0.00202648 3.50904e-07 0)
(-0.0020217 3.47916e-07 0)
(-0.00201696 3.45112e-07 0)
(-0.00201226 3.4215e-07 0)
(-0.0020076 3.39374e-07 0)
(-0.00200298 3.36601e-07 0)
(-0.00199839 3.33689e-07 0)
(-0.00199385 3.31099e-07 0)
(-0.00198934 3.28555e-07 0)
(-0.00198487 3.25807e-07 0)
(-0.00198043 3.23308e-07 0)
(-0.00197603 3.20717e-07 0)
(-0.00197167 3.18278e-07 0)
(-0.00196734 3.15655e-07 0)
(-0.00196304 3.1327e-07 0)
(-0.00195878 3.10756e-07 0)
(-0.0019552 3.08252e-07 0)
(-0.00195228 3.06913e-07 0)
(-0.00194935 3.05678e-07 0)
(-0.00194642 3.04112e-07 0)
(-0.00194347 3.02356e-07 0)
(-0.00194053 3.00642e-07 0)
(-0.00193758 2.98941e-07 0)
(-0.00193463 2.97247e-07 0)
(-0.00193167 2.95787e-07 0)
(-0.00192871 2.94337e-07 0)
(-0.00192574 2.92663e-07 0)
(-0.00192277 2.91006e-07 0)
(-0.0019198 2.8957e-07 0)
(-0.00191682 2.87928e-07 0)
(-0.00191384 2.86287e-07 0)
(-0.00191085 2.84661e-07 0)
(-0.00190786 2.83253e-07 0)
(-0.00190486 2.81854e-07 0)
(-0.00190186 2.80035e-07 0)
(-0.00189886 2.78439e-07 0)
(-0.00189585 2.77054e-07 0)
(-0.00189284 2.75685e-07 0)
(-0.00188982 2.74108e-07 0)
(-0.0018868 2.72339e-07 0)
(-0.00188378 2.70983e-07 0)
(-0.00188075 2.69636e-07 0)
(-0.00187771 2.67891e-07 0)
(-0.00187468 2.66358e-07 0)
(-0.00187164 2.65025e-07 0)
(-0.0018686 2.63709e-07 0)
(-0.00186554 2.62196e-07 0)
(-0.00186249 2.60503e-07 0)
(-0.00185944 2.59201e-07 0)
(-0.00185638 2.57718e-07 0)
(-0.00185332 2.56237e-07 0)
(-0.00185025 2.5496e-07 0)
(-0.00184718 2.53306e-07 0)
(-0.00184411 2.52045e-07 0)
(-0.00184102 2.50597e-07 0)
(-0.00183794 2.49162e-07 0)
(-0.00183485 2.47733e-07 0)
(-0.00183177 2.46309e-07 0)
(-0.00182867 2.45073e-07 0)
(-0.00182558 2.43486e-07 0)
(-0.00182248 2.42261e-07 0)
(-0.00181937 2.4087e-07 0)
(-0.00181627 2.39299e-07 0)
(-0.00181316 2.38099e-07 0)
(-0.00181004 2.3672e-07 0)
(-0.00180693 2.35353e-07 0)
(-0.00180381 2.33989e-07 0)
(-0.00180069 2.32629e-07 0)
(-0.00179756 2.31275e-07 0)
(-0.00179443 2.29764e-07 0)
(-0.0017913 2.28581e-07 0)
(-0.00178816 2.27253e-07 0)
(-0.00178502 2.25753e-07 0)
(-0.00178188 2.24594e-07 0)
(-0.00177874 2.23115e-07 0)
(-0.00177559 2.21799e-07 0)
(-0.00177244 2.20491e-07 0)
(-0.00176929 2.19189e-07 0)
(-0.00176613 2.17887e-07 0)
(-0.00176298 2.16449e-07 0)
(-0.00175982 2.15317e-07 0)
(-0.00175665 2.13893e-07 0)
(-0.00175349 2.12619e-07 0)
(-0.00175032 2.1136e-07 0)
(-0.00174715 2.10102e-07 0)
(-0.00174397 2.08856e-07 0)
(-0.0017408 2.07465e-07 0)
(-0.00173762 2.06386e-07 0)
(-0.00173443 2.0515e-07 0)
(-0.00173125 2.03808e-07 0)
(-0.00172806 2.02583e-07 0)
(-0.00172487 2.01559e-07 0)
(-0.00172167 2.00332e-07 0)
(-0.00171847 1.99217e-07 0)
(-0.00171527 1.97948e-07 0)
(-0.00171206 1.9696e-07 0)
(-0.00170885 1.95818e-07 0)
(-0.00170563 1.94983e-07 0)
(-0.00170242 1.93324e-07 0)
(-0.00169918 1.93148e-07 0)
(-0.00169597 1.91069e-07 0)
(-0.00169269 1.92033e-07 0)
(-0.0016895 1.87921e-07 0)
(-0.00168617 1.91802e-07 0)
(-0.00168303 1.83817e-07 0)
(-0.00167959 1.94047e-07 0)
(-0.00167658 1.76571e-07 0)
(-0.00167289 2.01175e-07 0)
(-0.00167018 1.62964e-07 0)
(-0.00166603 2.18216e-07 0)
(-0.00166388 1.36088e-07 0)
(-0.00165892 2.5333e-07 0)
(-0.00165777 8.60089e-08 0)
(-0.00165153 3.16148e-07 0)
(-0.0016518 5.98996e-09 0)
(-0.00164392 3.47952e-07 0)
(-0.0353488 -0.00214398 0)
(-0.0160265 -0.000524836 0)
(-0.0106076 -0.000100716 0)
(-0.00845583 -3.52579e-05 0)
(-0.00748623 -1.98572e-05 0)
(-0.00685271 -1.61171e-05 0)
(-0.00634537 -1.33501e-05 0)
(-0.00593443 -1.08929e-05 0)
(-0.00559988 -9.07044e-06 0)
(-0.00532128 -7.75319e-06 0)
(-0.00508406 -6.75545e-06 0)
(-0.00487878 -5.96678e-06 0)
(-0.00469897 -5.32716e-06 0)
(-0.00453992 -4.79928e-06 0)
(-0.00439805 -4.35705e-06 0)
(-0.00427059 -3.98198e-06 0)
(-0.00415538 -3.66009e-06 0)
(-0.00405067 -3.38097e-06 0)
(-0.00395506 -3.13679e-06 0)
(-0.00386741 -2.92127e-06 0)
(-0.00378677 -2.72949e-06 0)
(-0.00371234 -2.5577e-06 0)
(-0.00364345 -2.4027e-06 0)
(-0.00357955 -2.26175e-06 0)
(-0.00352015 -2.13257e-06 0)
(-0.00346487 -2.01337e-06 0)
(-0.00341335 -1.90257e-06 0)
(-0.00336529 -1.79869e-06 0)
(-0.00332046 -1.70038e-06 0)
(-0.00327864 -1.60672e-06 0)
(-0.00323965 -1.51647e-06 0)
(-0.00320335 -1.42904e-06 0)
(-0.00316962 -1.34271e-06 0)
(-0.00313837 -1.25802e-06 0)
(-0.00310953 -1.17235e-06 0)
(-0.00308304 -1.08743e-06 0)
(-0.00305887 -9.99375e-07 0)
(-0.0030371 -9.11225e-07 0)
(-0.00301747 -8.19162e-07 0)
(-0.00300062 -7.23356e-07 0)
(-0.00298534 -6.31503e-07 0)
(-0.00297403 -5.16898e-07 0)
(-0.00296245 -4.46037e-07 0)
(-0.00295832 -2.73141e-07 0)
(-0.00294826 -2.98455e-07 0)
(-0.00295544 4.28526e-08 0)
(-0.00294059 -3.95398e-07 0)
(-0.00296781 9.27483e-07 0)
(-0.00294495 -6.66214e-06 0)
(-0.0027699 0.00020092 0)
(0.000188706 -9.25772e-05 0)
(0.000110849 -0.000336478 0)
(8.12941e-05 -0.000305875 0)
(-0.000247173 -8.98466e-05 0)
(-0.000859464 0.000888079 0)
(-0.000762351 0.00203035 0)
(-0.000357643 0.00245401 0)
(-0.000138259 0.00259754 0)
(4.00962e-05 0.00252402 0)
(0.000141704 0.0023378 0)
(0.000215174 0.00206921 0)
(0.000260805 0.00173755 0)
(0.000271049 0.00138176 0)
(0.000254114 0.00103839 0)
(0.000218732 0.000733297 0)
(0.000179715 0.000474476 0)
(0.000145416 0.000261984 0)
(0.000118982 8.5722e-05 0)
(0.000102378 -6.45833e-05 0)
(9.0754e-05 -0.000197944 0)
(8.39808e-05 -0.000321012 0)
(8.04798e-05 -0.000437585 0)
(7.9191e-05 -0.000550457 0)
(7.9236e-05 -0.000661406 0)
(7.99764e-05 -0.000771427 0)
(8.09738e-05 -0.000880975 0)
(8.19309e-05 -0.000990154 0)
(8.26435e-05 -0.00109884 0)
(8.29772e-05 -0.00120675 0)
(8.28357e-05 -0.00131352 0)
(8.214e-05 -0.00141872 0)
(8.08199e-05 -0.00152186 0)
(7.8819e-05 -0.0016224 0)
(7.60992e-05 -0.00171979 0)
(7.26437e-05 -0.00181346 0)
(6.84707e-05 -0.00190288 0)
(6.36248e-05 -0.00198756 0)
(5.8142e-05 -0.00206705 0)
(5.20193e-05 -0.00214099 0)
(4.52813e-05 -0.00220901 0)
(3.79321e-05 -0.00227084 0)
(2.97844e-05 -0.00232617 0)
(2.07462e-05 -0.00237455 0)
(1.07277e-05 -0.00241568 0)
(-8.9595e-07 -0.00244895 0)
(-1.42206e-05 -0.00247329 0)
(-2.94521e-05 -0.00248859 0)
(-4.82359e-05 -0.00249305 0)
(-7.09962e-05 -0.00248424 0)
(-9.70423e-05 -0.00246137 0)
(-0.000128525 -0.00242253 0)
(-0.000165901 -0.00236366 0)
(-0.000206868 -0.00228459 0)
(-0.000258412 -0.00218304 0)
(-0.000319468 -0.00204746 0)
(-0.000374905 -0.00188799 0)
(-0.000463854 -0.00171607 0)
(-0.000617649 -0.0014661 0)
(-0.000708052 -0.00108921 0)
(-0.000590485 -0.000663118 0)
(-0.000319154 -0.000319119 0)
(-3.55661e-05 -0.000102886 0)
(0.000196921 1.72449e-05 0)
(0.000357815 6.71946e-05 0)
(0.000445166 6.58449e-05 0)
(0.000461489 3.49244e-05 0)
(0.000416193 -7.37404e-06 0)
(0.000324276 -4.5044e-05 0)
(0.000205623 -6.28515e-05 0)
(8.40566e-05 -5.66113e-05 0)
(-1.58231e-05 -3.24779e-05 0)
(-8.28368e-05 -4.75739e-06 0)
(-0.000116868 1.55662e-05 0)
(-0.000122597 2.41532e-05 0)
(-0.000105502 2.0905e-05 0)
(-6.86032e-05 5.76155e-06 0)
(-1.39357e-05 -2.41553e-05 0)
(5.4685e-05 -7.57882e-05 0)
(0.000127623 -0.000156746 0)
(0.00019128 -0.000267791 0)
(0.00023707 -0.000402617 0)
(0.000261726 -0.000553666 0)
(0.000265546 -0.00071346 0)
(0.000248781 -0.000872793 0)
(0.000213936 -0.00101918 0)
(0.000169497 -0.0011401 0)
(0.000127811 -0.00123 0)
(9.78681e-05 -0.00129277 0)
(8.05422e-05 -0.00133761 0)
(7.01231e-05 -0.00137259 0)
(5.94747e-05 -0.001401 0)
(4.44177e-05 -0.00142292 0)
(2.49486e-05 -0.00143464 0)
(4.39695e-06 -0.00143317 0)
(-1.43357e-05 -0.00141961 0)
(-3.04089e-05 -0.00139642 0)
(-4.46561e-05 -0.00136589 0)
(-5.81271e-05 -0.00132942 0)
(-7.09164e-05 -0.00128788 0)
(-8.22461e-05 -0.00124231 0)
(-9.1201e-05 -0.001194 0)
(-9.73914e-05 -0.0011444 0)
(-0.000101092 -0.00109456 0)
(-0.000102925 -0.00104513 0)
(-0.000103542 -0.000996339 0)
(-0.000103415 -0.000948233 0)
(-0.000102821 -0.000900774 0)
(-0.000101934 -0.000853886 0)
(-0.000100932 -0.000807451 0)
(-0.000100075 -0.00076124 0)
(-9.97421e-05 -0.000714885 0)
(-0.000100421 -0.000667829 0)
(-0.000102637 -0.000619252 0)
(-0.00010684 -0.000568051 0)
(-0.000113299 -0.00051303 0)
(-0.000122111 -0.000453346 0)
(-0.000133223 -0.000388913 0)
(-0.000146583 -0.00032021 0)
(-0.000162254 -0.000247592 0)
(-0.000180692 -0.000170902 0)
(-0.00020254 -8.92347e-05 0)
(-0.00022908 -1.93275e-06 0)
(-0.000262319 9.16675e-05 0)
(-0.000304662 0.000192929 0)
(-0.00035755 0.000304164 0)
(-0.000420006 0.000428661 0)
(-0.000487346 0.000570321 0)
(-0.000550454 0.000731034 0)
(-0.000598197 0.000907412 0)
(-0.000622141 0.00109026 0)
(-0.000619994 0.00126813 0)
(-0.000595036 0.00143213 0)
(-0.000552776 0.00157775 0)
(-0.000498153 0.0017035 0)
(-0.000434819 0.00180891 0)
(-0.000365615 0.0018937 0)
(-0.000292897 0.00195782 0)
(-0.00021863 0.00200151 0)
(-0.000144228 0.00202537 0)
(-7.07179e-05 0.00203023 0)
(2.65615e-07 0.00201691 0)
(6.8483e-05 0.00198784 0)
(0.000134687 0.00194334 0)
(0.00019836 0.00188445 0)
(0.000259618 0.00181196 0)
(0.000318293 0.00172668 0)
(0.000374248 0.00162941 0)
(0.00042726 0.00152094 0)
(0.000477129 0.00140207 0)
(0.00052349 0.00127344 0)
(0.000569753 0.00114495 0)
(0.000612868 0.00100893 0)
(0.00065251 0.00086482 0)
(0.000687227 0.000711931 0)
(0.000715287 0.000550613 0)
(0.00073448 0.000382206 0)
(0.000742741 0.000209681 0)
(0.000738829 3.75186e-05 0)
(0.000723149 -0.000129378 0)
(0.000697741 -0.00028758 0)
(0.00067119 -0.000440033 0)
(0.000644044 -0.000589725 0)
(0.000609545 -0.000731197 0)
(0.00056858 -0.000863375 0)
(0.000521735 -0.000985369 0)
(0.000469666 -0.0010965 0)
(0.000413082 -0.00119612 0)
(0.000352711 -0.00128371 0)
(0.000289277 -0.00135897 0)
(0.000223476 -0.00142173 0)
(0.000155979 -0.00147195 0)
(8.74231e-05 -0.00150974 0)
(1.85468e-05 -0.00153523 0)
(-5.00396e-05 -0.00154877 0)
(-0.000118741 -0.00155035 0)
(-0.000186807 -0.00153928 0)
(-0.000252427 -0.00151616 0)
(-0.000315146 -0.00148391 0)
(-0.000374743 -0.00144509 0)
(-0.000428588 -0.00139351 0)
(-0.00047559 -0.00133052 0)
(-0.000514546 -0.00125734 0)
(-0.000544319 -0.00117537 0)
(-0.000563849 -0.00108618 0)
(-0.000572253 -0.000991675 0)
(-0.000568971 -0.000894146 0)
(-0.000553925 -0.000796433 0)
(-0.000527863 -0.000701847 0)
(-0.000492529 -0.000613546 0)
(-0.00045046 -0.000533882 0)
(-0.000404645 -0.000464228 0)
(-0.000358025 -0.00040492 0)
(-0.00031369 -0.00035666 0)
(-0.000273391 -0.000320055 0)
(-0.000240576 -0.000300263 0)
(-0.000222447 -0.000310277 0)
(-0.000235305 -0.00037482 0)
(-0.000312999 -0.00053047 0)
(-0.000500111 -0.000808714 0)
(-0.000805907 -0.00118981 0)
(2.70374e-05 -0.000192999 0)
(0.000275238 -8.85491e-05 0)
(0.000215904 0.000185264 0)
(-0.000127571 0.000400695 0)
(-0.00057389 0.000466353 0)
(-0.000975356 0.000408733 0)
(-0.00129592 0.00029036 0)
(-0.00150313 0.000145065 0)
(-0.00159138 -3.87104e-06 0)
(-0.0015592 -0.000143898 0)
(-0.00141979 -0.000256303 0)
(-0.00120505 -0.000328008 0)
(-0.000943247 -0.000348939 0)
(-0.000674512 -0.000304033 0)
(-0.000452938 -0.000206915 0)
(-0.000306267 -0.000109108 0)
(-0.000217946 -4.59403e-05 0)
(-0.000166642 -1.30152e-05 0)
(-0.000145017 -5.24851e-06 0)
(-0.000133444 -2.98536e-05 0)
(-0.000103831 -6.86251e-05 0)
(-5.37335e-05 -0.000103662 0)
(2.00426e-05 -0.000135446 0)
(0.000131816 -0.000141873 0)
(0.000265298 -0.000107892 0)
(0.000402213 -9.13281e-05 0)
(0.000563695 -0.000138166 0)
(0.000666236 -0.00015357 0)
(0.000676904 -0.000100806 0)
(0.000667004 -1.49417e-05 0)
(0.000686598 0.000114618 0)
(0.000654982 0.00021347 0)
(0.000587852 0.000139148 0)
(0.00060162 -3.34434e-06 0)
(0.00068984 -5.96039e-05 0)
(0.000717424 3.44386e-05 0)
(0.000588346 0.000170594 0)
(0.000429577 0.000240854 0)
(0.000325483 0.000278591 0)
(0.00027559 0.000309147 0)
(0.000258504 0.000289176 0)
(0.000270052 0.000166512 0)
(0.000347644 -8.1405e-05 0)
(0.0005693 -0.00040951 0)
(0.000986028 -0.000632452 0)
(0.00139204 -0.000505646 0)
(0.00154736 -0.000208664 0)
(0.00153927 -8.87446e-05 0)
(0.00156859 -0.00011291 0)
(0.00162979 -9.95147e-05 0)
(0.00164885 -4.5226e-05 0)
(0.00162876 -9.26211e-06 0)
(0.00159746 6.86505e-06 0)
(0.00155873 2.20685e-05 0)
(0.00150699 3.92965e-05 0)
(0.00144246 5.5342e-05 0)
(0.0013669 6.95119e-05 0)
(0.00128136 8.22485e-05 0)
(0.00118648 9.39232e-05 0)
(0.00108286 0.00010458 0)
(0.000971246 0.00011426 0)
(0.00085236 0.000123097 0)
(0.000726828 0.000131313 0)
(0.000595057 0.000139246 0)
(0.000457161 0.000147324 0)
(0.00031292 0.000155998 0)
(0.000161829 0.000165594 0)
(3.586e-06 0.000176629 0)
(-0.000163754 0.0001893 0)
(-0.000341446 0.000202657 0)
(-0.000529245 0.000216158 0)
(-0.000727313 0.000228628 0)
(-0.000934682 0.000238868 0)
(-0.00114919 0.00024492 0)
(-0.00136659 0.000244958 0)
(-0.0015827 0.00023936 0)
(-0.00179268 0.000223391 0)
(-0.00198627 0.000198525 0)
(-0.00216113 0.000166324 0)
(-0.00230752 0.0001072 0)
(-0.00239789 3.66451e-05 0)
(-0.00244 -5.15324e-05 0)
(-0.00239651 -0.000154593 0)
(-0.00229734 -0.000261382 0)
(-0.00208967 -0.000426438 0)
(-0.00177516 -0.000530334 0)
(-0.00139418 -0.000750068 0)
(-0.000631165 -0.000819107 0)
(-1.70595e-05 -0.000252633 0)
(9.81619e-05 0.000169747 0)
(3.77495e-05 0.000221383 0)
(-5.8249e-05 0.000154279 0)
(-8.11388e-05 5.38037e-05 0)
(-4.91559e-05 5.32927e-07 0)
(-2.10856e-05 -1.99391e-06 0)
(-1.89303e-05 1.33909e-05 0)
(-4.02483e-05 1.76898e-05 0)
(-6.1436e-05 -3.75071e-06 0)
(-5.25683e-05 -3.55766e-05 0)
(-1.47688e-07 -4.73257e-05 0)
(-3.85972e-05 -2.72723e-05 0)
(-1.17751e-05 -7.45724e-05 0)
(1.61391e-05 -4.00292e-05 0)
(4.38789e-05 2.8941e-05 0)
(4.58915e-05 9.25155e-05 0)
(2.59005e-05 0.000117691 0)
(1.78415e-05 0.000121847 0)
(2.03159e-05 0.00012726 0)
(2.50667e-05 0.000139559 0)
(2.94339e-05 0.000157368 0)
(3.27808e-05 0.000179268 0)
(3.44788e-05 0.000202826 0)
(3.69125e-05 0.000225019 0)
(4.37359e-05 0.000250948 0)
(5.52809e-05 0.000288096 0)
(7.22072e-05 0.000347944 0)
(7.07309e-05 0.000451517 0)
(-3.77565e-06 0.000566638 0)
(-8.87471e-05 0.00058247 0)
(-5.39588e-05 0.00049187 0)
(6.63189e-05 0.000464883 0)
(0.000123017 0.000581094 0)
(-3.74279e-05 0.0006654 0)
(-0.000424452 0.000363204 0)
(-0.000637661 -0.000332681 0)
(-0.000543539 -0.000981171 0)
(-0.000326897 -0.00143581 0)
(-9.0362e-05 -0.00166258 0)
(0.00012286 -0.00169465 0)
(0.000291609 -0.00155744 0)
(0.000377792 -0.0012837 0)
(0.000347473 -0.000957326 0)
(0.000221056 -0.00068495 0)
(8.39616e-05 -0.000517943 0)
(3.35269e-06 -0.000440506 0)
(-1.69485e-05 -0.000402808 0)
(-1.35087e-05 -0.000399461 0)
(6.66708e-06 -0.000449774 0)
(8.02383e-05 -0.000518497 0)
(0.000178469 -0.000532258 0)
(0.000194869 -0.000488879 0)
(0.000114955 -0.000454661 0)
(-4.29249e-06 -0.000450613 0)
(-0.000124274 -0.000469047 0)
(-0.000229599 -0.0005073 0)
(-0.000310787 -0.000564109 0)
(-0.000355271 -0.000618212 0)
(-0.000357699 -0.000652636 0)
(-0.000317155 -0.000646799 0)
(-0.000259128 -0.000600771 0)
(-0.000195062 -0.000527702 0)
(-0.000116288 -0.000420032 0)
(-5.6655e-05 -0.000248266 0)
(-6.2338e-05 -4.88032e-05 0)
(-9.39939e-06 0.000117574 0)
(0.000239651 0.000304024 0)
(0.000626249 0.000650697 0)
(0.00089944 0.00119341 0)
(0.000745178 0.00172302 0)
(0.000310416 0.00196976 0)
(7.36604e-05 0.0020203 0)
(0.000104006 0.00210786 0)
(0.000156624 0.00230097 0)
(0.000206316 0.00249277 0)
(0.000360835 0.00269233 0)
(0.000556777 0.00297402 0)
(0.00067949 0.00332457 0)
(0.000684042 0.00368275 0)
(0.000568727 0.00398681 0)
(0.000408303 0.00419263 0)
(0.000300567 0.00432492 0)
(0.000257864 0.00444523 0)
(0.000243612 0.00457688 0)
(0.000241095 0.00471477 0)
(0.000252112 0.00485844 0)
(0.000278548 0.00501391 0)
(0.000315422 0.00518555 0)
(0.000356757 0.00537222 0)
(0.000399288 0.00557146 0)
(0.00043835 0.00578135 0)
(0.0004691 0.00599801 0)
(0.000489234 0.00621637 0)
(0.000498108 0.00643164 0)
(0.00049622 0.0066395 0)
(0.000484855 0.00683641 0)
(0.000465431 0.00701977 0)
(0.000439295 0.00718757 0)
(0.000407774 0.00733927 0)
(0.000372011 0.00747291 0)
(0.000333052 0.00758782 0)
(0.000291776 0.00768365 0)
(0.000249005 0.00776029 0)
(0.000205552 0.00781791 0)
(0.000162328 0.00785683 0)
(0.000120307 0.00787768 0)
(8.04707e-05 0.00788141 0)
(4.42471e-05 0.00786929 0)
(1.21617e-05 0.00784484 0)
(-1.77982e-05 0.00780956 0)
(-4.56945e-05 0.00776332 0)
(-7.09156e-05 0.00770756 0)
(-9.40076e-05 0.00764363 0)
(-0.000115195 0.00757221 0)
(-0.000134337 0.00749422 0)
(-0.000151633 0.0074107 0)
(-0.000167265 0.00732233 0)
(-0.000181258 0.00722983 0)
(-0.000193748 0.00713393 0)
(-0.000204888 0.00703517 0)
(-0.000214764 0.00693407 0)
(-0.000223491 0.00683112 0)
(-0.000231199 0.00672674 0)
(-0.000237991 0.00662126 0)
(-0.000243975 0.00651503 0)
(-0.00024926 0.00640829 0)
(-0.000253942 0.00630126 0)
(-0.000258102 0.00619414 0)
(-0.000261832 0.0060871 0)
(-0.000265222 0.00598024 0)
(-0.000268334 0.00587366 0)
(-0.000271242 0.00576744 0)
(-0.000274001 0.00566163 0)
(-0.00027668 0.00555627 0)
(-0.000279333 0.00545137 0)
(-0.000281996 0.00534693 0)
(-0.000284714 0.00524294 0)
(-0.000287533 0.00513939 0)
(-0.000290482 0.00503624 0)
(-0.000293592 0.00493346 0)
(-0.000296892 0.004831 0)
(-0.000300404 0.00472883 0)
(-0.000304145 0.00462688 0)
(-0.000308133 0.00452512 0)
(-0.000312398 0.0044235 0)
(-0.000316945 0.00432193 0)
(-0.000321773 0.00422038 0)
(-0.000326913 0.0041188 0)
(-0.000332375 0.00401712 0)
(-0.00033815 0.00391528 0)
(-0.000344256 0.00381326 0)
(-0.000350705 0.00371097 0)
(-0.000357496 0.00360838 0)
(-0.000364638 0.00350542 0)
(-0.000372143 0.00340207 0)
(-0.000380026 0.00329826 0)
(-0.000388298 0.00319395 0)
(-0.000396968 0.00308908 0)
(-0.000406055 0.0029836 0)
(-0.000415583 0.00287747 0)
(-0.000425571 0.00277062 0)
(-0.000436039 0.002663 0)
(-0.00044701 0.00255455 0)
(-0.000458525 0.00244523 0)
(-0.000470615 0.00233495 0)
(-0.000483303 0.00222367 0)
(-0.000496644 0.00211134 0)
(-0.0005107 0.00199788 0)
(-0.000525525 0.00188323 0)
(-0.000541198 0.00176728 0)
(-0.00055776 0.00164986 0)
(-0.0005752 0.00153083 0)
(-0.00059353 0.00141013 0)
(-0.000612766 0.00128767 0)
(-0.000632812 0.00116329 0)
(-0.000653682 0.0010369 0)
(-0.000675726 0.000908214 0)
(-0.000699685 0.000777406 0)
(-0.000737955 0.000656711 0)
(-0.000779677 0.000530941 0)
(-0.000824142 0.000397535 0)
(-0.000868463 0.000254976 0)
(-0.000910519 0.000104002 0)
(-0.000948532 -5.27639e-05 0)
(-0.00098198 -0.000211663 0)
(-0.00101252 -0.000369906 0)
(-0.00104286 -0.000526402 0)
(-0.00107518 -0.000681361 0)
(-0.00111088 -0.000835614 0)
(-0.00115176 -0.000990692 0)
(-0.0011988 -0.00114888 0)
(-0.00126684 -0.00132615 0)
(-0.00134118 -0.00150829 0)
(-0.00142304 -0.00169633 0)
(-0.00151309 -0.00189071 0)
(-0.00161235 -0.00209198 0)
(-0.00172198 -0.00230057 0)
(-0.00184337 -0.00251732 0)
(-0.00197786 -0.00274243 0)
(-0.00212732 -0.00297778 0)
(-0.00229298 -0.00322187 0)
(-0.00247807 -0.0034806 0)
(-0.00268225 -0.00374495 0)
(-0.00291322 -0.00403631 0)
(-0.00316317 -0.00431654 0)
(-0.0034554 -0.00466293 0)
(-0.00375244 -0.00493361 0)
(-0.00412848 -0.00539577 0)
(-0.0044366 -0.0055605 0)
(-0.00489233 -0.00630139 0)
(-0.00490123 -0.00597364 0)
)
;
    }
    frontAndBack
    {
        type            empty;
    }
}


// ************************************************************************* //
