/*--------------------------------*- C++ -*----------------------------------*\
  =========                 |
  \\      /  F ield         | OpenFOAM: The Open Source CFD Toolbox
   \\    /   O peration     | Website:  https://openfoam.org
    \\  /    A nd           | Version:  7
     \\/     M anipulation  |
\*---------------------------------------------------------------------------*/
FoamFile
{
    version     2.0;
    format      ascii;
    class       volScalarField;
    location    "0.22";
    object      yPlus;
}
// * * * * * * * * * * * * * * * * * * * * * * * * * * * * * * * * * * * * * //

dimensions      [0 0 0 0 0 0 0];

internalField   uniform 0;

boundaryField
{
    velocityInlet
    {
        type            calculated;
        value           uniform 0;
    }
    pressureOutlet
    {
        type            calculated;
        value           uniform 0;
    }
    fixedWalls
    {
        type            calculated;
        value           nonuniform List<scalar> 
100
(
2.1484
1.78621
0.554002
0.818896
0.403456
0.455149
0.620866
0.97011
1.22115
1.30249
1.04183
0.887085
1.87132
2.39941
2.57302
2.44483
2.08171
1.55541
0.888975
0.556653
0.958708
1.0834
1.05876
0.908192
0.676702
0.578913
0.853036
1.19765
1.43405
1.57077
1.58088
1.34834
0.674846
0.95175
1.25595
1.23664
1.01231
0.643491
0.300274
0.644918
0.771729
0.822205
0.837238
0.836855
0.83206
0.828993
0.83096
0.839282
0.853643
0.871979
0.89063
0.905652
0.914929
0.919346
0.921544
0.923039
0.922481
0.916618
0.902336
0.877596
0.840623
0.788496
0.715913
0.613855
0.464877
0.195065
0.379447
0.548549
0.638149
0.66532
0.634786
0.548961
0.403874
0.127057
0.348887
0.485589
0.568907
0.622373
0.656975
0.679477
0.694301
0.704173
0.710714
0.714746
0.716953
0.717885
0.718745
0.720507
0.725187
0.73322
0.745989
0.759513
0.770177
0.765844
0.739274
0.680062
0.578445
0.451586
0.185638
0.213678
)
;
    }
    bottomWall
    {
        type            calculated;
        value           nonuniform List<scalar> 
800
(
2.94479
1.98392
1.61348
1.44041
1.35532
1.29674
1.24784
1.20679
1.1723
1.14278
1.11702
1.09424
1.07388
1.05553
1.03888
1.02367
1.00971
0.99683
0.984902
0.973812
0.963468
0.953791
0.944713
0.936177
0.928131
0.920534
0.913344
0.90653
0.900061
0.893909
0.888052
0.882467
0.877136
0.872041
0.867166
0.862498
0.858022
0.853727
0.849602
0.845638
0.841824
0.838154
0.834618
0.83121
0.827921
0.824748
0.821682
0.818723
0.815858
0.813091
0.810771
0.80885
0.80695
0.805075
0.803226
0.8014
0.799598
0.79782
0.796062
0.794327
0.792614
0.790921
0.789249
0.787597
0.785965
0.784352
0.782758
0.781182
0.779626
0.778086
0.776565
0.775061
0.773574
0.772104
0.77065
0.769212
0.76779
0.766383
0.764992
0.763616
0.762254
0.760907
0.759574
0.758255
0.756949
0.755657
0.754379
0.753113
0.75186
0.75062
0.749393
0.748177
0.746973
0.745782
0.744602
0.743432
0.742275
0.741129
0.739993
0.738868
0.737754
0.73665
0.735556
0.734472
0.733398
0.732335
0.731279
0.730235
0.729199
0.728173
0.727154
0.726146
0.725145
0.724154
0.72317
0.722196
0.721229
0.720271
0.71932
0.718378
0.717443
0.716514
0.715594
0.714682
0.713776
0.712878
0.711987
0.711103
0.710226
0.709354
0.70849
0.707633
0.706783
0.705938
0.705099
0.704267
0.703441
0.702621
0.701807
0.700998
0.700196
0.6994
0.698608
0.697823
0.697042
0.696268
0.695498
0.694734
0.693975
0.693222
0.692588
0.692071
0.691551
0.69103
0.690507
0.689984
0.68946
0.688935
0.688408
0.68788
0.687351
0.68682
0.686289
0.685756
0.685222
0.684687
0.684152
0.683613
0.683075
0.682536
0.681995
0.681453
0.680909
0.680365
0.67982
0.679273
0.678725
0.678176
0.677627
0.677075
0.676522
0.675968
0.675414
0.674858
0.674301
0.673743
0.673183
0.672623
0.672061
0.671499
0.670934
0.67037
0.669803
0.669236
0.668668
0.668098
0.667528
0.666956
0.666383
0.665809
0.665234
0.664658
0.66408
0.663502
0.662923
0.662342
0.661761
0.661178
0.660594
0.660011
0.659424
0.658839
0.65825
0.657662
0.657072
0.656481
0.65589
0.655296
0.654703
0.654107
0.653512
0.652915
0.652316
0.651717
0.651117
0.650515
0.649912
0.649308
0.648702
0.648095
0.647487
0.646876
0.646267
0.645652
0.645042
0.644419
0.643811
0.643177
0.642577
0.641919
0.641344
0.640639
0.640118
0.639324
0.638911
0.637959
0.637735
0.636536
0.636587
0.635065
2.94479
1.9839
1.61344
1.44034
1.35522
1.29661
1.24769
1.20662
1.17211
1.14258
1.11682
1.09404
1.07369
1.05537
1.03875
1.02358
1.00968
0.99688
0.985045
0.974068
0.963859
0.954339
0.945443
0.937116
0.929309
0.921982
0.915102
0.908637
0.902565
0.896862
0.891515
0.886505
0.881826
0.877467
0.873426
0.869699
0.866283
0.863195
0.860401
0.857994
0.855807
0.854184
0.852521
0.851926
0.850476
0.85151
0.849371
0.853284
0.85044
0.823531
1.25687
1.85162
1.72177
0.788165
3.25526
4.50194
4.8926
5.05371
4.99156
4.81515
4.53641
4.16567
3.72583
3.24203
2.73621
2.21253
1.6621
1.01705
0.863232
1.41111
1.79306
2.09329
2.34782
2.57348
2.77908
2.96958
3.1479
3.31585
3.47453
3.62468
3.76672
3.90093
4.02743
4.14626
4.25741
4.36087
4.45661
4.54465
4.62501
4.69771
4.76277
4.82015
4.8697
4.91126
4.94437
4.96827
4.98268
4.98573
4.97559
4.9511
4.90981
4.84828
4.76411
4.65342
4.50821
4.32617
4.10545
3.81888
3.42894
2.88073
2.19452
1.54774
1.45782
1.71497
1.85876
1.86594
1.75526
1.54411
1.23763
0.81789
0.490263
0.82271
0.975033
1.00411
0.94709
0.837024
0.827034
1.08014
1.42132
1.76233
2.0867
2.39298
2.67957
2.93972
3.16492
3.34801
3.48678
3.58568
3.65407
3.70201
3.73635
3.76115
3.77462
3.77316
3.75647
3.72621
3.68481
3.63449
3.57723
3.51476
3.44831
3.37885
3.30705
3.23343
3.15844
3.08235
3.00531
2.92714
2.84737
2.76514
2.67925
2.58816
2.48971
2.38096
2.25827
2.11798
1.95719
1.77305
1.56058
1.31288
1.0453
0.985249
1.28493
1.64104
1.98191
2.30538
2.61227
2.90013
3.16484
3.40318
3.61397
3.79775
3.95575
4.08914
4.19889
4.28586
4.35103
4.39543
4.41998
4.42504
4.41091
4.37976
4.33134
4.26638
4.18508
4.08762
3.97404
3.8442
3.69784
3.53474
3.36749
3.18376
2.98139
2.75858
2.5165
2.2648
2.03603
1.9018
1.92839
2.08075
2.29053
2.51521
2.72515
2.91544
3.08508
3.23437
3.36412
3.47527
3.56879
3.6456
3.70653
3.7524
3.78393
3.80198
3.80716
3.79882
3.77729
3.74642
3.71004
3.65986
3.59666
3.52123
3.43441
3.33698
3.22976
3.11347
2.98893
2.85723
2.71996
2.5792
2.43732
2.29665
2.16135
2.031
1.9067
1.7913
1.69295
1.64602
1.7695
2.20205
1.1124
1.92296
1.6066
2.04035
3.17802
3.97197
4.53256
4.8727
5.01787
4.97868
4.77199
4.42959
3.9711
3.42346
2.8506
2.34314
1.94786
1.66809
1.50423
1.40186
1.26197
1.09179
1.13746
1.50621
2.02281
2.57246
3.10153
3.33632
3.28351
3.16922
3.2139
3.29623
3.2441
3.25459
3.35991
3.31763
2.99397
2.62149
2.39411
2.38212
2.43695
2.48415
2.76095
3.42633
4.19422
4.68613
4.89658
4.98235
5.06666
5.13778
5.15816
5.13788
5.09457
5.03166
4.94672
4.84033
4.7127
4.5635
4.39187
4.19638
3.97503
3.72483
3.44102
3.11577
2.73553
2.27546
1.68955
1.14455
1.75553
2.41651
2.97457
3.46994
3.92237
4.34029
4.72606
5.07939
5.39958
5.67947
5.91583
6.10422
6.21732
6.26552
6.20697
6.06406
5.79172
5.33148
4.78668
3.73644
1.89627
1.67679
1.66494
1.27448
1.01977
0.786459
0.596882
0.605636
0.780718
0.923658
0.906497
0.544904
0.61567
0.840959
0.584799
0.628155
0.976876
1.07676
1.10352
1.13443
1.18915
1.26194
1.34527
1.42988
1.50743
1.59469
1.71094
1.87141
2.09475
2.32886
2.41227
2.27848
2.22419
2.40533
2.44013
1.84794
2.18329
3.12694
3.71572
3.99885
4.05379
3.91473
3.59985
3.1664
2.71581
2.3544
2.13189
1.99868
1.9674
2.06464
2.20981
2.29961
2.29144
2.25206
2.24765
2.29737
2.39554
2.52077
2.61737
2.65296
2.60194
2.48039
2.29954
2.0386
1.63523
1.15623
1.45804
2.15614
2.97096
3.66233
4.05257
4.25308
4.43368
4.60942
4.81893
5.04661
5.28686
5.55003
5.8205
6.06594
6.26671
6.42264
6.54636
6.65553
6.76081
6.86659
6.97652
7.09319
7.21741
7.34813
7.48338
7.62113
7.75916
7.89503
8.02636
8.15108
8.26759
8.37473
8.4717
8.55856
8.63445
8.69925
8.75297
8.79577
8.82795
8.84986
8.86194
8.86478
8.85904
8.84618
8.82687
8.80141
8.77046
8.73459
8.69428
8.65
8.60221
8.55132
8.49767
8.44162
8.38346
8.32345
8.26185
8.19887
8.13469
8.06949
8.0034
7.93654
7.86901
7.80091
7.73229
7.66321
7.5937
7.52379
7.4535
7.38282
7.31174
7.24026
7.16835
7.09598
7.0231
6.94968
6.87567
6.80101
6.72564
6.64952
6.57255
6.49468
6.41583
6.33593
6.25488
6.17261
6.08902
6.00402
5.91751
5.82937
5.7395
5.64777
5.55403
5.45816
5.35997
5.25931
5.15597
5.04976
4.94043
4.82772
4.71134
4.591
4.4663
4.33687
4.20223
4.06187
3.91521
3.76157
3.60024
3.43052
3.25186
3.06373
2.86794
2.69066
2.50931
2.33346
2.19226
2.13672
2.20418
2.37439
2.59543
2.83129
3.06658
3.29648
3.5206
3.741
3.98255
4.22098
4.45748
4.69298
4.92834
5.16442
5.40211
5.6422
5.88574
6.13322
6.38631
6.64438
6.91142
7.1825
7.46978
7.75329
8.07184
8.35529
8.72329
8.94096
)
;
    }
    frontAndBack
    {
        type            empty;
    }
}


// ************************************************************************* //
